timestamp, robot_time[1], robot_ee_pos_error[3], robot_ee_ori_error[3], sensed_forces_moments[6], robot_ee_position[3], robot_ee_orientation[9], robot_ee_linear_velocity[3], robot_ee_angular_velocity[3], joint_angles[7], joint_velocities[7], 
10300, 10.012, 0.00460477, -0.000645983, 0.0698508, 0.0866516, 0.0205085, 0.13859, -0.00344613, 0.00727886, -0.00753521, 0.038904, 0.421968, 0.030167, 0.503823, 0.034147, 0.164462, 0.990225, 0.138509, -0.0164284, 0.136056, -0.985133, -0.104891, -0.0307125, 0.101631, -0.994348, -0.00194616, -0.000702514, -0.00323813, -0.00387859, 0.00651353, -0.000760409, 0.770465, 0.199816, -0.71662, -2.34632, 0.367513, 2.43914, -0.364656, -0.0003585, 0.00556219, 0.000708349, -0.00292526, 0.00033933, 0.000503862, 0.000401529
20558, 10.0219, 0.00456586, -0.000660147, 0.0697933, 0.0865869, 0.020624, 0.138587, -0.037259, 0.00705605, 0.0155857, 0.039158, 0.421988, 0.030157, 0.503784, 0.0341329, 0.164404, 0.990223, 0.13851, -0.0165485, 0.136047, -0.98514, -0.104834, -0.0308232, 0.101558, -0.994352, -0.00546524, -0.000747946, -0.00715027, -0.00770784, 0.0151861, 0.00255925, 0.770479, 0.199903, -0.716628, -2.34639, 0.367509, 2.43916, -0.36466, 0.00290139, 0.00955916, -0.000495046, -0.00960219, -0.000295807, 0.00102802, -0.00126263
30736, 10.0319, 0.00449951, -0.00068075, 0.0697089, 0.0865197, 0.0208256, 0.138565, -0.0372933, 0.00700397, 0.0308162, 0.038937, 0.422113, 0.030154, 0.503718, 0.0341123, 0.16432, 0.990221, 0.138495, -0.0167557, 0.136013, -0.98515, -0.104781, -0.0310185, 0.101477, -0.994354, -0.00917917, -0.00270784, -0.0111893, -0.0102232, 0.0258962, -0.00157333, 0.770482, 0.200014, -0.71663, -2.3465, 0.36751, 2.43915, -0.36466, 0.000306004, 0.0133642, -8.32678e-05, -0.0161634, 4.12392e-05, -0.000370988, -0.000312039
41018, 10.042, 0.00441887, -0.000711441, 0.0695952, 0.0864118, 0.0210821, 0.138533, -0.0202944, 0.00708353, 0.0307173, 0.038922, 0.421909, 0.030158, 0.503637, 0.0340816, 0.164206, 0.99022, 0.138474, -0.017021, 0.135968, -0.985166, -0.10469, -0.0312654, 0.101352, -0.994359, -0.00961392, -0.00325835, -0.0129431, -0.0136467, 0.0288123, -0.00274978, 0.770484, 0.200184, -0.716633, -2.34663, 0.367511, 2.43915, -0.364659, 0.000410653, 0.0181088, -0.00012931, -0.0160948, 0.000110281, 0.000170882, 0.000833027
51372, 10.053, 0.00430756, -0.000748826, 0.06943, 0.0862437, 0.0214513, 0.138507, -0.0286772, 0.00700128, 0.0307692, 0.038929, 0.422011, 0.030156, 0.503526, 0.0340442, 0.164041, 0.990215, 0.138461, -0.017403, 0.135921, -0.985188, -0.104547, -0.031621, 0.101159, -0.994368, -0.00978175, -0.00188949, -0.0149779, -0.0185603, 0.0321772, 0.00110654, 0.770493, 0.200448, -0.716628, -2.3468, 0.36751, 2.43915, -0.364657, 0.00389152, 0.025034, 0.000492937, -0.0142997, -0.000320171, 0.000196087, 0.00164328
61751, 10.063, 0.0041928, -0.00079876, 0.069252, 0.0860545, 0.0218449, 0.13846, -0.028595, 0.0119046, 0.0307014, 0.03899, 0.422008, 0.030021, 0.503411, 0.0339942, 0.163863, 0.990212, 0.138428, -0.0178117, 0.135852, -0.985215, -0.104385, -0.0319982, 0.100943, -0.994377, -0.0124768, -0.00553533, -0.0198543, -0.024765, 0.0420508, 0.0015213, 0.77049, 0.200746, -0.716628, -2.34697, 0.367511, 2.43915, -0.364654, -0.000303803, 0.0342425, 9.50041e-05, -0.0178937, 4.84552e-05, -0.000187617, -0.00412016
71980, 10.073, 0.00406158, -0.000859046, 0.069044, 0.0858253, 0.0223032, 0.138412, -0.0241636, 0.0143099, 0.0231642, 0.039015, 0.421702, 0.030158, 0.50328, 0.033934, 0.163655, 0.990208, 0.138397, -0.0182878, 0.13578, -0.985246, -0.104187, -0.0324371, 0.100683, -0.99439, -0.0131605, -0.00614722, -0.0216919, -0.0279751, 0.046213, -0.00583671, 0.770484, 0.201103, -0.716628, -2.34716, 0.367508, 2.43915, -0.364656, -0.00128731, 0.0385847, 0.000945476, -0.0182483, 1.90564e-05, -3.19128e-05, 0.00308664
82245, 10.084, 0.00390715, -0.000941883, 0.068788, 0.085532, 0.0228544, 0.138334, -0.0241299, 0.00944205, 0.0229578, 0.039177, 0.422087, 0.02989, 0.503125, 0.0338511, 0.163399, 0.990205, 0.138339, -0.0188626, 0.135672, -0.985288, -0.10393, -0.0329627, 0.100353, -0.994406, -0.0166349, -0.00952915, -0.0261347, -0.032651, 0.055788, -0.00724636, 0.770473, 0.20156, -0.716639, -2.34738, 0.367512, 2.43916, -0.364658, -0.00375699, 0.0442187, -0.000825342, -0.024789, -0.000176748, 0.000325387, -0.00047068
92496, 10.094, 0.00375766, -0.00101914, 0.0685333, 0.0852293, 0.0234073, 0.138273, -0.0239909, 0.00444218, 0.0230316, 0.039117, 0.42209, 0.030025, 0.502976, 0.0337739, 0.163144, 0.9902, 0.138298, -0.019439, 0.135583, -0.985328, -0.103665, -0.0334905, 0.100013, -0.994422, -0.0149802, -0.00753181, -0.0252988, -0.0337091, 0.0527654, -9.65929e-05, 0.770473, 0.202031, -0.71665, -2.34758, 0.367511, 2.43916, -0.36466, 0.000392371, 0.046482, -0.00120663, -0.0202572, 5.5325e-05, 0.000115999, -0.0034367
102760, 10.104, 0.00360414, -0.00109435, 0.0682676, 0.0849122, 0.0239831, 0.138211, -0.0153504, 0.0043794, 0.0077054, 0.038886, 0.421867, 0.030028, 0.502822, 0.0336987, 0.162879, 0.990194, 0.138257, -0.0200393, 0.135491, -0.98537, -0.103387, -0.03404, 0.0996577, -0.994439, -0.0147727, -0.00650244, -0.0255971, -0.0350135, 0.0533794, -0.00122906, 0.77047, 0.202529, -0.716648, -2.34778, 0.367512, 2.43916, -0.364653, 0.00023475, 0.0479581, 0.00125471, -0.0191573, -0.000801526, 0.00030129, 0.00077624
113010, 10.114, 0.00345012, -0.00118037, 0.0679835, 0.0845513, 0.0245843, 0.138149, -0.0152085, 0.00430714, 0.00771, 0.038886, 0.421867, 0.030028, 0.502668, 0.0336126, 0.162595, 0.990187, 0.138215, -0.020668, 0.135398, -0.985416, -0.103066, -0.0346119, 0.0992566, -0.99446, -0.0139908, -0.00806032, -0.0264896, -0.0387737, 0.0541572, -0.00308166, 0.770468, 0.203088, -0.716654, -2.34797, 0.367512, 2.43917, -0.364653, 0.000733905, 0.0535907, -0.00145493, -0.0162363, -0.000239678, 0.000218237, 0.000412943
123263, 10.125, 0.00327743, -0.00127814, 0.0676582, 0.0841322, 0.0252786, 0.138078, -0.0150447, 0.00422315, 0.00771522, 0.038886, 0.421867, 0.030028, 0.502495, 0.0335149, 0.162269, 0.990178, 0.138167, -0.0213942, 0.135291, -0.98547, -0.102694, -0.0352722, 0.0987911, -0.994483, -0.0172751, -0.00892549, -0.0308224, -0.0429502, 0.0636086, -0.00424453, 0.770463, 0.203743, -0.716657, -2.34817, 0.367512, 2.43917, -0.364649, 0.00026326, 0.0594082, -0.000429717, -0.0218758, 0.000125325, 0.000712533, 0.00102249
133545, 10.135, 0.00313269, -0.00136339, 0.0673676, 0.0837411, 0.0258915, 0.138034, -0.0106919, -0.00318571, -0.00759981, 0.038791, 0.422079, 0.030032, 0.502351, 0.0334296, 0.161979, 0.990167, 0.138142, -0.0220358, 0.135216, -0.985516, -0.102345, -0.0358547, 0.0983588, -0.994505, -0.0143045, -0.00898088, -0.0299913, -0.0460597, 0.0596758, -0.0019995, 0.77046, 0.204355, -0.716655, -2.34832, 0.367512, 2.43917, -0.364655, -0.000859786, 0.064706, 0.000609037, -0.0139805, -7.28659e-05, 0.000682536, -0.000130155
143810, 10.145, 0.0030004, -0.00144164, 0.0670802, 0.0833319, 0.026484, 0.138003, -0.00207262, -0.00815892, -0.00757441, 0.038723, 0.421981, 0.030169, 0.502218, 0.0333514, 0.161691, 0.990155, 0.13813, -0.0226577, 0.135156, -0.985563, -0.101976, -0.0364165, 0.0979096, -0.994529, -0.0125002, -0.00825881, -0.0287872, -0.0466006, 0.0560788, 0.00145613, 0.770472, 0.20499, -0.716652, -2.34844, 0.367512, 2.43918, -0.364655, 0.00098602, 0.0658738, -0.000173652, -0.00966101, -4.5498e-05, 0.000549146, -0.00195424
154080, 10.155, 0.0028805, -0.00151303, 0.0668058, 0.0829312, 0.0270523, 0.137971, -0.00188489, -0.00823061, -0.0304592, 0.038721, 0.421986, 0.030172, 0.502099, 0.03328, 0.161417, 0.990143, 0.138116, -0.0232548, 0.135097, -0.985608, -0.101614, -0.0369546, 0.0974706, -0.994552, -0.0117558, -0.00747163, -0.0263078, -0.0420947, 0.052237, -0.00152391, 0.770484, 0.205617, -0.716643, -2.34853, 0.367512, 2.43918, -0.364642, 0.000555736, 0.058395, 0.00256247, -0.00822294, -1.59343e-05, 0.000395716, -0.0012144
164330, 10.166, 0.00277522, -0.00157877, 0.0665305, 0.0825016, 0.0276043, 0.13798, -0.00176277, -0.00337894, -0.0305333, 0.038782, 0.421983, 0.030037, 0.501993, 0.0332142, 0.161142, 0.990126, 0.138141, -0.0238359, 0.13508, -0.985651, -0.101222, -0.0374768, 0.0970031, -0.994578, -0.00962412, -0.00514909, -0.0260292, -0.0429053, 0.0496628, 0.00304583, 0.770504, 0.206286, -0.716626, -2.34858, 0.367512, 2.43919, -0.364649, 0.00319656, 0.064603, 0.00194204, -0.00305908, 0.00315996, -0.000316888, -0.000855386
174732, 10.176, 0.00269462, -0.0016415, 0.0663033, 0.0821336, 0.0280615, 0.137964, -0.00166277, 0.0014851, -0.0305982, 0.038842, 0.421979, 0.029901, 0.501913, 0.0331515, 0.160914, 0.990114, 0.138138, -0.024319, 0.135043, -0.98569, -0.100886, -0.0379072, 0.0966043, -0.994601, -0.00777782, -0.00712106, -0.0231095, -0.0414497, 0.043636, -0.000931601, 0.770516, 0.206859, -0.716623, -2.3486, 0.367511, 2.43919, -0.364643, 0.000214367, 0.0594036, -6.9558e-05, -0.000945454, 5.05368e-05, -1.13845e-06, 0.000915101
184984, 10.186, 0.00263299, -0.00169474, 0.0661033, 0.0817936, 0.0284568, 0.137964, -0.0099743, 0.00134453, -0.0381734, 0.038849, 0.421829, 0.029901, 0.501851, 0.0330983, 0.160714, 0.990103, 0.138148, -0.0247377, 0.135025, -0.985725, -0.100573, -0.0382786, 0.0962373, -0.994622, -0.00568431, -0.0063128, -0.0186817, -0.034035, 0.0337364, 0.00700344, 0.770532, 0.20739, -0.71662, -2.34859, 0.367512, 2.43919, -0.364643, -0.000797804, 0.0495517, -6.33288e-05, 0.000753148, 0.000320678, 0.000272783, -0.00808373
195239, 10.197, 0.00256694, -0.00174875, 0.0658907, 0.0814303, 0.0288776, 0.137972, -0.0141878, -0.00612087, -0.0305483, 0.038763, 0.422138, 0.029899, 0.501785, 0.0330442, 0.160502, 0.990089, 0.138168, -0.0251831, 0.135014, -0.98576, -0.100239, -0.0386743, 0.0958452, -0.994645, -0.00512099, -0.00550459, -0.0182425, -0.034398, 0.0333887, -0.00020796, 0.77056, 0.207955, -0.716622, -2.34858, 0.367512, 2.43919, -0.364645, -0.000371872, 0.0495633, 0.000943474, 0.00212407, -5.94294e-05, 0.000326365, 0.00107279
205508, 10.207, 0.00251166, -0.00179455, 0.0657161, 0.0811315, 0.0292171, 0.137977, -0.0225026, -0.011203, -0.0380441, 0.038709, 0.421991, 0.030034, 0.50173, 0.0329985, 0.160327, 0.990077, 0.138182, -0.025543, 0.135004, -0.98579, -0.0999635, -0.0389931, 0.0955232, -0.994663, -0.00516809, -0.00517126, -0.0172668, -0.0319089, 0.0309209, 0.00978956, 0.770587, 0.208414, -0.716629, -2.34858, 0.367512, 2.4392, -0.364648, 0.000631777, 0.0462138, 7.72371e-06, 0.00111667, -0.000123594, 0.000295198, -0.00897264
215781, 10.217, 0.00245283, -0.00183451, 0.0655527, 0.0808694, 0.029553, 0.137981, -0.0181728, -0.00383689, -0.0380307, 0.038796, 0.421934, 0.030034, 0.501671, 0.0329585, 0.160164, 0.990066, 0.138195, -0.0258966, 0.134993, -0.985815, -0.0997246, -0.0393107, 0.0952381, -0.994678, -0.00420917, -0.00303718, -0.0143349, -0.0281295, 0.0259613, 0.0117245, 0.770601, 0.208828, -0.716623, -2.34859, 0.367512, 2.43919, -0.36465, 0.00173956, 0.0387261, 0.00155975, 0.00166225, -0.00287032, 4.20751e-05, -0.00597799
226049, 10.227, 0.00241225, -0.00187105, 0.065418, 0.0806385, 0.0298189, 0.137976, -0.0223282, 0.00347513, -0.0379576, 0.038891, 0.421979, 0.030032, 0.50163, 0.032922, 0.160029, 0.990059, 0.138197, -0.0261785, 0.134977, -0.985839, -0.0995119, -0.0395601, 0.0949891, -0.994692, -0.00496839, -0.00435341, -0.015492, -0.0283778, 0.0287539, 0.0015134, 0.77061, 0.209189, -0.71662, -2.34858, 0.367513, 2.43919, -0.364646, 0.00094088, 0.0406092, 0.000154547, 0.000125539, -0.000123954, 0.000266305, -0.000329325
236301, 10.238, 0.00237108, -0.00191092, 0.065286, 0.0804126, 0.0300735, 0.137967, -0.0222672, 0.00342811, -0.0379545, 0.038891, 0.421979, 0.030032, 0.501589, 0.0328821, 0.159897, 0.990052, 0.138195, -0.026449, 0.134957, -0.985863, -0.0993035, -0.0397983, 0.0947461, -0.994706, -0.00335888, -0.00596079, -0.0109795, -0.0195561, 0.0208032, -0.00624976, 0.770616, 0.209536, -0.716621, -2.34858, 0.367513, 2.4392, -0.364646, -0.00596464, 0.0287121, 0.000831642, 0.000233466, 0.000456746, -0.000278771, 0.000793375
246567, 10.248, 0.00233884, -0.00194944, 0.0651853, 0.080242, 0.0302729, 0.137951, -0.0222664, 0.00348265, -0.0379423, 0.039113, 0.422358, 0.030032, 0.501557, 0.0328436, 0.159796, 0.990048, 0.138184, -0.0266608, 0.134933, -0.985882, -0.0991463, -0.0399848, 0.0945622, -0.994716, -0.00301547, -0.0035133, -0.0091068, -0.0166498, 0.0167289, -4.55929e-05, 0.770609, 0.2098, -0.716627, -2.34858, 0.367512, 2.4392, -0.364652, -0.00111386, 0.023384, -6.86345e-05, -0.000541317, -0.000391259, 0.000528169, -0.000946045
256800, 10.258, 0.00231572, -0.00198284, 0.0651069, 0.0801038, 0.0304205, 0.137921, -0.0222307, 0.00345366, -0.0379403, 0.039113, 0.422358, 0.030032, 0.501534, 0.0328102, 0.159718, 0.990047, 0.138157, -0.0268191, 0.134896, -0.9859, -0.0990179, -0.040121, 0.0944146, -0.994724, -0.00226161, -0.00268491, -0.00754899, -0.0143671, 0.0140099, -0.000837402, 0.770606, 0.210009, -0.716639, -2.34858, 0.367513, 2.43921, -0.364645, 0.000642443, 0.0203957, -0.00112975, 0.00048417, 1.27569e-06, 2.33425e-05, 0.000440586
267014, 10.268, 0.00229503, -0.00201864, 0.0650402, 0.0799912, 0.0305515, 0.13789, -0.0221521, 0.00334019, -0.0379488, 0.038891, 0.421979, 0.030032, 0.501513, 0.0327744, 0.159651, 0.990047, 0.138129, -0.0269591, 0.13486, -0.985915, -0.0989139, -0.0402423, 0.0942937, -0.994731, -0.0022085, -0.0024104, -0.00707069, -0.0126498, 0.0132168, 0.000730142, 0.770586, 0.210185, -0.716648, -2.34858, 0.367515, 2.43921, -0.364651, -0.00126403, 0.0186021, 0.000823731, 0.000320665, 0.000116305, -0.000196906, -0.00122764
277229, 10.279, 0.00227886, -0.00206152, 0.0649902, 0.079902, 0.0306435, 0.137834, -0.0221934, 0.00335129, -0.0303276, 0.038892, 0.422231, 0.03003, 0.501497, 0.0327315, 0.159601, 0.990052, 0.138076, -0.0270595, 0.1348, -0.985932, -0.0988301, -0.0403248, 0.0941993, -0.994736, -0.00127003, -0.00325168, -0.0041197, -0.00771331, 0.00751098, -0.003482, 0.770564, 0.210313, -0.716677, -2.34859, 0.367514, 2.43922, -0.364651, -0.00267216, 0.0107111, -0.00111027, -0.00032767, -1.22512e-05, 0.000315167, -0.000338959
287424, 10.289, 0.00226905, -0.00209177, 0.0649561, 0.0798386, 0.03071, 0.137791, -0.0263991, -0.00405214, -0.0226867, 0.039027, 0.422157, 0.030031, 0.501487, 0.0327012, 0.159567, 0.990056, 0.138034, -0.0271321, 0.134754, -0.985944, -0.0987706, -0.0403844, 0.0941322, -0.99474, -0.000174539, -0.00454307, -0.00135468, -0.00420078, 0.00226364, -0.00844626, 0.770554, 0.210407, -0.716704, -2.34859, 0.367515, 2.43922, -0.364648, -0.00132987, 0.00456675, -0.00638437, -0.000185049, 9.43962e-05, 0.00034097, 0.000747837
297629, 10.299, 0.00226825, -0.00211505, 0.0649394, 0.0797968, 0.0307393, 0.137761, -0.0263555, -0.00411121, -0.037966, 0.038804, 0.422036, 0.030032, 0.501486, 0.032678, 0.15955, 0.990059, 0.138004, -0.0271654, 0.134723, -0.985952, -0.0987304, -0.040409, 0.0940891, -0.994743, -0.000104144, -0.00228698, -0.00123249, -0.00341917, 0.00170192, -0.00232492, 0.770553, 0.210466, -0.716736, -2.34858, 0.367516, 2.43922, -0.364651, 0.000633488, 0.00431248, -0.00408708, 0.000299379, 0.000347574, 0.000364063, -0.00131186
307819, 10.309, 0.00226746, -0.00214155, 0.0649321, 0.0797731, 0.0307521, 0.137716, -0.0264249, 0.000853497, -0.0304156, 0.038865, 0.422284, 0.029895, 0.501485, 0.0326514, 0.159543, 0.990065, 0.13796, -0.0271816, 0.134678, -0.985961, -0.0987069, -0.0404176, 0.0940655, -0.994745, 5.02747e-05, -0.00184593, -0.000174038, 0.0019474, 0.000335263, -0.00707502, 0.770553, 0.210493, -0.716781, -2.34858, 0.367516, 2.43922, -0.364651, -0.000231503, 0.00110214, -0.00380713, 1.23488e-05, 0.00520233, -0.000596346, -0.000987652
318010, 10.319, 0.00227058, -0.00216521, 0.0649317, 0.0797563, 0.0307438, 0.137672, -0.0221671, 0.00331941, -0.0303251, 0.038892, 0.422231, 0.03003, 0.501489, 0.0326278, 0.159543, 0.990071, 0.137915, -0.0271763, 0.134635, -0.985969, -0.0986888, -0.0404057, 0.0940501, -0.994747, 0.00117105, -0.00335863, 0.000772047, -0.00139316, -0.00410634, -0.00730049, 0.770555, 0.210504, -0.716825, -2.34858, 0.367515, 2.43923, -0.364647, -1.3997e-06, 0.000139922, -0.00630038, 0.000475257, 0.000510561, 0.00292229, 0.000557185
328220, 10.3299, 0.00227821, -0.00218919, 0.0649391, 0.0797532, 0.0307243, 0.137623, -0.02642, 0.000808248, -0.0151549, 0.038866, 0.422027, 0.029894, 0.501496, 0.0326038, 0.15955, 0.990079, 0.137865, -0.027159, 0.134587, -0.985976, -0.0986836, -0.0403832, 0.0940493, -0.994748, 0.000993915, -0.00264375, 0.000945501, -0.000390767, -0.00231831, -0.00621757, 0.77055, 0.210502, -0.716869, -2.34857, 0.367518, 2.43923, -0.364646, -0.000779491, -0.0003202, -0.00464586, 0.00134194, 0.000125953, 0.00017315, 0.000969244
338507, 10.34, 0.00227629, -0.00221018, 0.0649397, 0.0797498, 0.0307246, 0.137585, -0.0264195, 0.000807357, -0.0151548, 0.038866, 0.422027, 0.029894, 0.501494, 0.0325828, 0.159551, 0.990084, 0.137827, -0.027161, 0.134549, -0.985981, -0.0986797, -0.040381, 0.0940467, -0.994749, -0.000442153, -0.000651264, -0.000198023, 0.000404531, 0.00125177, -0.00174785, 0.770545, 0.210497, -0.716904, -2.34858, 0.367515, 2.43923, -0.364646, -0.00125962, -0.000414453, -8.58588e-05, -0.000838552, 4.90566e-05, -0.000728632, 0.000311729
348719, 10.35, 0.00228392, -0.00223102, 0.0649479, 0.0797469, 0.0307039, 0.13755, -0.0264238, 0.000806269, -0.0151546, 0.038866, 0.422027, 0.029894, 0.501502, 0.032562, 0.159559, 0.990089, 0.137791, -0.027142, 0.134515, -0.985986, -0.0986749, -0.0403581, 0.0940459, -0.99475, 0.000485724, -0.00456672, 0.000569182, -0.00104415, -0.00102736, -0.00963093, 0.770545, 0.210493, -0.716947, -2.34857, 0.367516, 2.43923, -0.364651, -0.00054857, 3.05188e-05, -0.00837824, 6.45919e-05, 0.000348433, -0.000204966, 0.000639989
358948, 10.36, 0.00227987, -0.00224898, 0.0649428, 0.0797364, 0.0307156, 0.137517, -0.0264477, -0.00408605, 0.00020553, 0.039029, 0.422152, 0.030028, 0.501498, 0.032544, 0.159554, 0.990094, 0.137758, -0.0271558, 0.134481, -0.985992, -0.0986646, -0.0403672, 0.0940352, -0.99475, -0.000316939, -0.00103228, -0.000781585, -0.00166897, 0.00150128, -0.00255813, 0.770544, 0.210502, -0.716977, -2.34858, 0.367515, 2.43923, -0.364649, 0.000114096, 0.00194937, -0.00157379, -0.000429193, 6.07025e-05, 0.00018938, 0.00101549
369141, 10.37, 0.00227956, -0.00226202, 0.0649395, 0.0797238, 0.0307214, 0.137496, -0.02641, -0.00413885, -0.0150742, 0.038805, 0.422031, 0.030029, 0.501493, 0.0325288, 0.159546, 0.990096, 0.137735, -0.0271753, 0.134457, -0.985997, -0.0986508, -0.0403824, 0.0940199, -0.994751, -0.00073886, -0.000214354, -0.00103258, -0.00120862, 0.0021879, 0.000631453, 0.770547, 0.210518, -0.717004, -2.34859, 0.367514, 2.43923, -0.36465, 0.000634257, 0.0016721, -0.000471177, -0.00116235, 0.000126045, 1.55896e-05, -0.000723304
379347, 10.381, 0.00227868, -0.00227277, 0.064935, 0.0797103, 0.03073, 0.13748, -0.0221527, -0.00648184, -0.015164, 0.039215, 0.421979, 0.029898, 0.501497, 0.0325202, 0.159546, 0.990098, 0.137721, -0.0271735, 0.134444, -0.986, -0.0986389, -0.0403777, 0.0940089, -0.994752, 0.000129564, -0.00123777, -0.000622159, -0.00234187, 0.000848246, -0.000600691, 0.770549, 0.21053, -0.717021, -2.34858, 0.367512, 2.43923, -0.364648, 2.01929e-05, 0.00270542, -0.00185184, 0.000784363, -0.00043114, 9.72471e-06, -0.000742814
389472, 10.391, 0.0022747, -0.00226727, 0.0649246, 0.0796945, 0.0307518, 0.13749, -0.0264027, -0.00414503, -0.0150738, 0.038805, 0.422031, 0.030029, 0.501493, 0.0325257, 0.159536, 0.990096, 0.137733, -0.0271959, 0.134454, -0.986, -0.0986248, -0.040399, 0.0939914, -0.994753, -0.00050252, 0.000729785, 0.000181391, 0.000984878, 0.00324699, -0.00546788, 0.770558, 0.210556, -0.717013, -2.34858, 0.367512, 2.43923, -0.364643, 0.000741998, -0.000855304, 9.15763e-05, 0.000369001, -0.000328319, -0.00364346, 0.00694909
399593, 10.401, 0.00227024, -0.00226577, 0.0649121, 0.0796724, 0.0307774, 0.137502, -0.0264697, 0.00081043, -0.00752354, 0.038866, 0.422279, 0.029892, 0.501488, 0.0325272, 0.159523, 0.990094, 0.137745, -0.0272225, 0.134464, -0.986, -0.0986047, -0.0404237, 0.0939674, -0.994754, -0.00072152, -0.000687411, -0.0024687, -0.00493305, 0.00483047, -0.00103947, 0.770566, 0.210588, -0.71701, -2.34858, 0.367509, 2.43923, -0.364643, 0.00101442, 0.00690665, -0.000777956, 0.000374127, -4.18587e-05, -0.000229763, 0.00140424
409716, 10.411, 0.00226627, -0.00226422, 0.0648959, 0.07964, 0.0308022, 0.13752, -0.0264267, -0.00410643, 0.000206977, 0.039029, 0.422152, 0.030028, 0.501484, 0.0325288, 0.159507, 0.99009, 0.137764, -0.0272488, 0.134482, -0.986001, -0.0985743, -0.0404473, 0.093933, -0.994757, -0.00225295, -0.000692816, -0.00426244, -0.00628334, 0.00858413, 0.00209655, 0.77058, 0.210632, -0.717009, -2.34858, 0.367507, 2.43924, -0.364647, 0.00086847, 0.00879472, 0.000272691, -0.00240217, -0.000139951, 3.98753e-05, -0.00118923
419840, 10.421, 0.00225829, -0.00225403, 0.0648747, 0.0796104, 0.0308453, 0.137548, -0.0264338, -0.00418234, 0.00781729, 0.038807, 0.422025, 0.030026, 0.501476, 0.032539, 0.159486, 0.990085, 0.137792, -0.0272929, 0.134507, -0.986, -0.0985481, -0.0404899, 0.0938999, -0.994758, -0.00163156, 0.00418935, -0.0033607, -0.00492232, 0.00645124, 0.010492, 0.770592, 0.210684, -0.716989, -2.34858, 0.367509, 2.43924, -0.364647, 0.00838256, 0.0079098, 0.00184326, -0.000566474, 0.000504608, -5.96957e-05, -0.000786926
429961, 10.431, 0.00224539, -0.00223737, 0.0648456, 0.0795675, 0.0309009, 0.137581, -0.0263489, 0.000788955, -0.0074922, 0.039088, 0.421897, 0.029894, 0.501463, 0.0325556, 0.159457, 0.990079, 0.137827, -0.0273501, 0.134538, -0.986, -0.0985095, -0.0405444, 0.0938525, -0.99476, -0.00140414, 0.00252871, -0.00261046, -0.00371487, 0.00513161, 0.00278481, 0.770618, 0.210748, -0.716964, -2.34859, 0.367506, 2.43925, -0.364632, 0.00500112, 0.00544023, 0.00153463, -0.00127591, 0.000309788, 0.000557021, 0.0032655
440081, 10.441, 0.00222992, -0.00223054, 0.0648071, 0.0795106, 0.0309737, 0.137609, -0.0305508, 0.00814733, -0.00743152, 0.039182, 0.421942, 0.029892, 0.501448, 0.0325625, 0.159418, 0.990072, 0.137857, -0.0274256, 0.134563, -0.986001, -0.098458, -0.0406148, 0.0937901, -0.994763, -0.00129764, 0.0015863, -0.00456343, -0.00741188, 0.00787978, 0.00388932, 0.770628, 0.210836, -0.716937, -2.3486, 0.367504, 2.43926, -0.364629, 0.000206346, 0.011749, 0.00557623, 0.000665757, 0.000255907, 0.000861252, 0.00159452
450203, 10.4519, 0.00221562, -0.00221912, 0.0647578, 0.0794258, 0.0310583, 0.137649, -0.0262988, 0.0105797, -0.0149903, 0.038987, 0.422018, 0.030027, 0.501434, 0.0325739, 0.159369, 0.990064, 0.137899, -0.0275143, 0.1346, -0.986004, -0.0983796, -0.0406957, 0.0936987, -0.994769, -0.00250238, 0.00325902, -0.006288, -0.0108936, 0.0122504, -0.00254315, 0.770656, 0.210964, -0.71691, -2.3486, 0.367504, 2.43928, -0.364621, 0.0077268, 0.0152833, 0.00262851, -0.000975067, 0.000344192, 0.00123492, 0.0123946
460324, 10.462, 0.0022013, -0.00222771, 0.0646994, 0.0793149, 0.031125, 0.137659, -0.0179031, 0.0155057, 0.000111577, 0.038818, 0.422038, 0.02989, 0.501419, 0.0325653, 0.15931, 0.99006, 0.13791, -0.0275882, 0.134608, -0.986014, -0.0982737, -0.0407553, 0.0935833, -0.994777, -0.000629976, -0.0017571, -0.00506682, -0.0115233, 0.000860519, -4.79472e-06, 0.770665, 0.211108, -0.716891, -2.34862, 0.367503, 2.43935, -0.364615, -7.08667e-07, 0.0124751, 0.00123991, -0.00292743, -0.000338296, 0.0115436, 0.000138045
470447, 10.471, 0.00221611, -0.0022451, 0.0646475, 0.0791522, 0.0310717, 0.137664, -0.0220947, 0.0179183, 0.00791554, 0.039075, 0.421956, 0.030024, 0.501434, 0.0325479, 0.159259, 0.990062, 0.13791, -0.0275459, 0.134618, -0.986029, -0.0981076, -0.040691, 0.0934244, -0.994795, -9.71035e-05, -0.00180107, -0.00619158, -0.0152024, -0.00272628, 0.000369966, 0.770686, 0.211272, -0.716884, -2.34863, 0.367503, 2.43955, -0.364609, 0.000330701, 0.015615, 0.00249182, -0.00398222, -0.000233254, 0.0188503, 0.000494723
480569, 10.482, 0.00223355, -0.00228238, 0.064569, 0.0789175, 0.0310098, 0.137643, -0.0263238, 0.0252244, 0.00798113, 0.039169, 0.422001, 0.030021, 0.501452, 0.0325106, 0.15918, 0.990067, 0.137882, -0.027501, 0.134604, -0.986054, -0.0978686, -0.0406118, 0.0931947, -0.994819, 0.0031024, -0.00400668, -0.0059889, -0.0212005, -0.0115254, -0.00215486, 0.770697, 0.211512, -0.716878, -2.34865, 0.367503, 2.43983, -0.364596, -0.000103009, 0.0213293, 0.000198833, 0.000355254, -0.00027537, 0.0273617, 0.000283183
490690, 10.4919, 0.00224542, -0.00234099, 0.064475, 0.0786507, 0.0309469, 0.137559, -0.0305802, 0.032503, 0.000397416, 0.039042, 0.422175, 0.030019, 0.501463, 0.032452, 0.159086, 0.990081, 0.137791, -0.0274596, 0.134529, -0.986092, -0.0975967, -0.0405256, 0.0929345, -0.994847, 0.00082452, -0.00877891, -0.00960971, -0.0274666, -0.00700064, -0.0109372, 0.770696, 0.211776, -0.716886, -2.3487, 0.367503, 2.44016, -0.364554, 0.000184211, 0.026837, -0.00652257, -0.00605859, 1.59422e-05, 0.032361, 0.00126768
500826, 10.5019, 0.00225587, -0.00241796, 0.0643582, 0.0783299, 0.0308956, 0.137375, -0.0306151, 0.0225493, 0.0155148, 0.038921, 0.421927, 0.029885, 0.501474, 0.032375, 0.158969, 0.990108, 0.137599, -0.0274376, 0.134354, -0.986148, -0.0972699, -0.0404419, 0.0926214, -0.99488, 0.00140773, -0.0090922, -0.0114095, -0.0310769, -0.00665921, -0.0239335, 0.770681, 0.2121, -0.716895, -2.34876, 0.367503, 2.44054, -0.364432, -0.0039198, 0.0326042, -0.00170569, -0.00502744, 0.00192616, 0.036942, 0.013183
510945, 10.5119, 0.00227227, -0.0025127, 0.0642251, 0.0779502, 0.0308131, 0.137212, -0.0306264, 0.0224619, 0.0155236, 0.038921, 0.421927, 0.029885, 0.50149, 0.0322803, 0.158836, 0.990133, 0.137426, -0.0273876, 0.134201, -0.986207, -0.0968826, -0.040324, 0.0922512, -0.994919, 0.00131059, -0.00881083, -0.0138853, -0.0383985, -0.0107782, -0.0133859, 0.770666, 0.212475, -0.716916, -2.34883, 0.3675, 2.441, -0.364347, -0.000294428, 0.0380434, -0.00147366, -0.00833616, 0.000115081, 0.0481123, 0.00655143
521064, 10.522, 0.00227781, -0.00261254, 0.0640648, 0.0775268, 0.0307639, 0.137094, -0.03488, 0.0149553, 0.0155231, 0.038834, 0.421984, 0.029885, 0.501496, 0.0321805, 0.158676, 0.990151, 0.137299, -0.0273719, 0.134093, -0.986263, -0.0964546, -0.040239, 0.0918343, -0.994961, 0.0024781, -0.010896, -0.0147532, -0.043, -0.0120227, -0.00966845, 0.770654, 0.212907, -0.71693, -2.34892, 0.367497, 2.44149, -0.364305, -0.00165949, 0.0438644, -0.00303733, -0.00529058, -0.000464009, 0.0498432, 0.000674064
531183, 10.533, 0.00227196, -0.00273225, 0.0638627, 0.0770229, 0.0307465, 0.137001, -0.0348473, 0.0148612, 0.023184, 0.039057, 0.421854, 0.029885, 0.50149, 0.0320608, 0.158474, 0.990165, 0.137196, -0.0273926, 0.134009, -0.986324, -0.0959488, -0.0401817, 0.0913342, -0.995009, 0.000365127, -0.010835, -0.0191728, -0.0526232, -0.0104709, -0.00143189, 0.770642, 0.213434, -0.716948, -2.34904, 0.367495, 2.44205, -0.364305, 2.58464e-06, 0.0503787, -0.000195863, -0.0121973, -0.00496841, 0.0606763, -0.00133501
541302, 10.543, 0.00225467, -0.0028422, 0.0636603, 0.076536, 0.0307661, 0.136927, -0.0348177, 0.0148215, 0.0155942, 0.039278, 0.421981, 0.029887, 0.501473, 0.0319508, 0.158271, 0.990175, 0.137114, -0.0274481, 0.133943, -0.98638, -0.0954626, -0.0401636, 0.0908482, -0.995055, -0.00152844, -0.00864473, -0.020302, -0.0486079, -0.00286938, -0.00160784, 0.770647, 0.213945, -0.716969, -2.34917, 0.367486, 2.44257, -0.364304, 0.000269626, 0.0508022, 0.00283728, -0.0130134, -0.000855761, 0.0541868, -0.000788111
551421, 10.5529, 0.00223028, -0.0029684, 0.0634354, 0.0759986, 0.0308181, 0.136846, -0.030578, 0.00733089, 0.0155352, 0.039184, 0.421936, 0.029889, 0.501448, 0.0318246, 0.158046, 0.990185, 0.137026, -0.0275399, 0.133868, -0.986442, -0.0949281, -0.0401741, 0.0903097, -0.995103, -0.00215998, -0.0115773, -0.0212812, -0.0505434, 0.00275506, -0.0121153, 0.770653, 0.214512, -0.717004, -2.34931, 0.367466, 2.44311, -0.364304, 0.000130653, 0.0543696, -0.0025672, -0.0120999, -3.19181e-05, 0.0496708, 0.00417271
561539, 10.5629, 0.00220033, -0.00309057, 0.0631918, 0.0754167, 0.0308901, 0.136805, -0.0390585, 0.0120707, 0.00786684, 0.03903, 0.422165, 0.029751, 0.501418, 0.0317024, 0.157803, 0.990188, 0.136977, -0.027653, 0.133832, -0.986502, -0.0943512, -0.0402038, 0.0897245, -0.995155, -0.00433904, -0.0126723, -0.026283, -0.0611602, 0.00745807, -0.00207312, 0.770655, 0.215119, -0.71701, -2.34946, 0.367422, 2.44368, -0.364306, 3.61513e-05, 0.0637835, -0.000265035, -0.0169597, -0.00452102, 0.0569113, -0.00137193
571660, 10.573, 0.00217147, -0.0032201, 0.0629361, 0.0747224, 0.0309448, 0.136866, -0.034803, 0.0192653, 0.0155009, 0.038895, 0.421981, 0.029749, 0.501389, 0.0315729, 0.157547, 0.990178, 0.137028, -0.0277527, 0.133902, -0.986558, -0.0936623, -0.040214, 0.0890263, -0.995217, -0.000538101, -0.0131078, -0.024595, -0.073167, -0.00637179, 0.00849363, 0.770667, 0.215751, -0.717007, -2.34963, 0.367254, 2.44433, -0.364302, 0.00247598, 0.0650793, -0.000628202, -0.0135767, -0.0183813, 0.0698851, 0.000761106
581787, 10.5829, 0.00214289, -0.00337223, 0.0626597, 0.0739463, 0.0309872, 0.136946, -0.0262952, 0.0192113, 0.00785662, 0.039108, 0.422006, 0.029753, 0.501361, 0.0314208, 0.157271, 0.990166, 0.137096, -0.0278448, 0.133993, -0.986619, -0.0928913, -0.0402073, 0.0882469, -0.995287, -0.00387929, -0.0153776, -0.028282, -0.079158, 0.00241766, 0.0104684, 0.770664, 0.216434, -0.717004, -2.34982, 0.367042, 2.44506, -0.364306, -0.000456842, 0.0686161, 0.000392319, -0.0198396, -0.0237837, 0.0703558, 0.000310934
591905, 10.593, 0.00211102, -0.00352802, 0.062368, 0.0731417, 0.0310243, 0.137012, -0.0347171, 0.0190008, 0.0155828, 0.039339, 0.421978, 0.029751, 0.501329, 0.031265, 0.156979, 0.990156, 0.13715, -0.0279343, 0.134071, -0.986683, -0.0920912, -0.0401926, 0.0874395, -0.995359, -0.000759337, -0.0156231, -0.0265284, -0.0792332, -0.00921047, 0.00107451, 0.770673, 0.217149, -0.717005, -2.35003, 0.366842, 2.44584, -0.364304, -0.000255942, 0.0682419, -0.000117467, -0.0176148, -0.0203812, 0.079994, 0.00634438
602023, 10.6029, 0.00207721, -0.00368659, 0.0620604, 0.0723057, 0.0310499, 0.137074, -0.0347179, 0.013853, 0.00801962, 0.039056, 0.422111, 0.029886, 0.501295, 0.0311064, 0.156671, 0.990147, 0.137197, -0.0280146, 0.134145, -0.986751, -0.091259, -0.0401639, 0.0866018, -0.995433, -0.000535223, -0.0168441, -0.0295348, -0.0858683, -0.0134027, 0.0043737, 0.770681, 0.217897, -0.716994, -2.35026, 0.366651, 2.44668, -0.3643, -0.000224203, 0.0758467, 0.00076645, -0.0203363, -0.0182805, 0.0921895, 0.000989571
612142, 10.614, 0.0020509, -0.00386811, 0.0617215, 0.071352, 0.0309933, 0.137146, -0.0261746, 0.0186575, -0.00732077, 0.039329, 0.421881, 0.029756, 0.501269, 0.0309249, 0.156332, 0.99014, 0.137251, -0.0280203, 0.134236, -0.986826, -0.0903038, -0.0400455, 0.0856521, -0.99552, -0.00325589, -0.0155514, -0.0322379, -0.0876857, -0.00885468, 0.0100031, 0.770694, 0.218719, -0.716983, -2.35054, 0.366439, 2.44772, -0.364305, 0.00218474, 0.0772759, 0.00262067, -0.026533, -0.0185831, 0.094982, -0.00119888
622260, 10.624, 0.00204312, -0.00402138, 0.0614486, 0.0705617, 0.0308677, 0.13717, -0.02621, 0.0135176, -0.0148841, 0.039047, 0.422015, 0.029891, 0.501261, 0.0307716, 0.15606, 0.990141, 0.137256, -0.0279477, 0.134279, -0.986893, -0.0895063, -0.0398667, 0.0848711, -0.995594, -0.00338605, -0.0179855, -0.0326657, -0.0885921, -0.0127166, 0.00119436, 0.770702, 0.219388, -0.716973, -2.35078, 0.366288, 2.44866, -0.364297, 0.000417363, 0.0764002, 0.000684592, -0.0305931, -0.0171998, 0.102292, 0.00179983
632379, 10.6339, 0.00202356, -0.00420726, 0.0611021, 0.0696014, 0.0307391, 0.137193, -0.0219745, 0.0207093, -0.0148541, 0.039134, 0.421958, 0.029891, 0.501242, 0.0305857, 0.155713, 0.990143, 0.137258, -0.0278838, 0.134325, -0.986974, -0.0885388, -0.0396733, 0.0839206, -0.995682, -0.000615759, -0.0156964, -0.0309095, -0.088691, -0.020783, 0.00772392, 0.770719, 0.220225, -0.716961, -2.35109, 0.366134, 2.44981, -0.364302, 0.00348125, 0.0770024, 0.00180631, -0.0257939, -0.0162444, 0.106029, -0.00085154
642498, 10.6439, 0.0020176, -0.00438157, 0.0607966, 0.0687254, 0.0305669, 0.137194, -0.0135578, 0.0205393, -0.0225357, 0.038904, 0.421986, 0.029893, 0.501236, 0.0304114, 0.155408, 0.990149, 0.137238, -0.0277713, 0.13435, -0.98705, -0.0876523, -0.0394409, 0.0830578, -0.995764, -0.000129307, -0.0190105, -0.0298004, -0.0893466, -0.0282292, 0.00398453, 0.770733, 0.220974, -0.716958, -2.35137, 0.366, 2.4509, -0.364301, -0.00140699, 0.0718822, 0.000877299, -0.0300366, -0.019554, 0.114303, -0.00137696
652616, 10.654, 0.00205251, -0.00454882, 0.0605202, 0.0678273, 0.0302474, 0.137216, -0.00931629, 0.0130021, -0.037816, 0.03903, 0.421817, 0.029898, 0.501271, 0.0302442, 0.155131, 0.990156, 0.137234, -0.0275122, 0.134404, -0.987124, -0.086734, -0.0390608, 0.0821825, -0.995852, 0.000716517, -0.0190341, -0.0299023, -0.0880522, -0.0274949, 0.00017337, 0.770776, 0.221708, -0.716969, -2.35161, 0.365866, 2.45209, -0.364301, 0.00151986, 0.0759569, -0.00266072, -0.0263582, -0.0131148, 0.111642, -0.00247208
662734, 10.664, 0.00209774, -0.00470409, 0.0602512, 0.0669242, 0.0298741, 0.137269, -0.009428, 0.00295304, -0.0379459, 0.038909, 0.421826, 0.029765, 0.501316, 0.0300889, 0.154862, 0.990162, 0.137258, -0.0271988, 0.13449, -0.987193, -0.0858077, -0.0386283, 0.0813055, -0.99594, 0.00610106, -0.0140595, -0.0245388, -0.0847379, -0.0488059, 0.00754521, 0.770828, 0.22243, -0.716963, -2.35185, 0.365731, 2.45333, -0.364306, 0.00750954, 0.0686484, -0.000226315, -0.0213353, -0.0127469, 0.123484, -0.00180178
672868, 10.6739, 0.00218677, -0.00484873, 0.0600155, 0.0660081, 0.0293518, 0.137343, -0.00100433, 0.0126889, -0.0454347, 0.039244, 0.421842, 0.029902, 0.501405, 0.0299443, 0.154626, 0.990169, 0.137299, -0.0267365, 0.134605, -0.987259, -0.0848585, -0.0380468, 0.0804254, -0.996034, 0.0100713, -0.0143221, -0.0226241, -0.0907531, -0.065253, 0.0117714, 0.770886, 0.223129, -0.716946, -2.35204, 0.365591, 2.45466, -0.364305, 0.00800533, 0.0685175, 0.000582116, -0.0192666, -0.0176809, 0.13877, -0.00145088
682986, 10.6839, 0.00228984, -0.00498936, 0.0598024, 0.065093, 0.0287565, 0.137448, -0.00115333, 0.0124539, -0.0530733, 0.039021, 0.421972, 0.029902, 0.501508, 0.0298036, 0.154413, 0.990173, 0.13737, -0.0262002, 0.134755, -0.98732, -0.0839058, -0.0373941, 0.0795507, -0.996129, 0.00969362, -0.0152297, -0.0204337, -0.0847795, -0.0701402, 0.00841895, 0.770959, 0.223779, -0.71694, -2.35223, 0.365422, 2.45603, -0.364308, 0.00663884, 0.0591823, -0.00118165, -0.023975, -0.0167477, 0.141224, -0.00270204
693104, 10.6939, 0.00241958, -0.00512573, 0.0595949, 0.0641053, 0.0280924, 0.137616, 0.00295182, 0.0245717, -0.0531103, 0.039168, 0.421912, 0.029766, 0.501638, 0.0296673, 0.154206, 0.990171, 0.1375, -0.0255981, 0.13497, -0.987378, -0.0828768, -0.0366705, 0.0786072, -0.996231, 0.0155723, -0.0134805, -0.0195648, -0.0940183, -0.08098, 0.0143102, 0.77105, 0.224466, -0.716928, -2.35238, 0.365204, 2.45747, -0.364306, 0.00768881, 0.0701502, 0.00265016, -0.0108638, -0.019199, 0.148155, -0.000278038
703224, 10.7049, 0.00261465, -0.00528359, 0.0594013, 0.0629388, 0.0271617, 0.137861, 0.00277804, 0.0193154, -0.0377426, 0.039109, 0.421658, 0.0299, 0.501833, 0.0295094, 0.154012, 0.990165, 0.137697, -0.0247392, 0.135278, -0.987438, -0.081652, -0.0356717, 0.0775023, -0.996354, 0.0202698, -0.0120402, -0.0160055, -0.0996978, -0.0961768, 0.0245656, 0.771163, 0.2252, -0.716928, -2.35251, 0.36489, 2.45922, -0.364305, 0.0113078, 0.0685433, 0.00243442, -0.00469806, -0.028024, 0.157082, 0.000419883
713342, 10.7149, 0.00281946, -0.00542877, 0.0592443, 0.0618316, 0.0262232, 0.138139, 0.00251744, 0.0190824, -0.0300964, 0.03911, 0.42191, 0.029899, 0.502037, 0.0293642, 0.153855, 0.990154, 0.137929, -0.0238679, 0.135617, -0.987487, -0.0804862, -0.0346706, 0.0764568, -0.99647, 0.0240611, -0.00970294, -0.0131646, -0.101598, -0.112215, 0.0307469, 0.77127, 0.225859, -0.716929, -2.3526, 0.36455, 2.46088, -0.364309, 0.0183393, 0.066356, 0.00051015, -0.00223743, -0.029075, 0.169196, -7.73028e-05
723461, 10.7249, 0.00304214, -0.00557054, 0.0590977, 0.0606775, 0.0252419, 0.138475, -0.00615746, 0.0187582, -0.0300096, 0.039117, 0.422012, 0.029897, 0.50226, 0.0292225, 0.153709, 0.990136, 0.138218, -0.0229553, 0.136016, -0.98753, -0.079271, -0.0336258, 0.0753668, -0.996589, 0.0205103, -0.0132207, -0.0157012, -0.106088, -0.0996089, 0.0277698, 0.771388, 0.226526, -0.716928, -2.35266, 0.364153, 2.46257, -0.364308, 0.0109425, 0.0671299, 0.00214458, -0.00671264, -0.0381442, 0.162683, 0.0043401
733579, 10.7349, 0.00326095, -0.00570034, 0.0589648, 0.059534, 0.0242867, 0.138878, -0.0148, 0.0184669, -0.0222837, 0.039347, 0.421983, 0.029895, 0.502479, 0.0290927, 0.153576, 0.990106, 0.138575, -0.0220666, 0.136479, -0.987562, -0.0780686, -0.0326105, 0.0742846, -0.996704, 0.0208819, -0.0114545, -0.0125666, -0.103162, -0.102814, 0.0389431, 0.771515, 0.227154, -0.716924, -2.35271, 0.3637, 2.4642, -0.364311, 0.0139674, 0.05857, 0.000917581, -0.00671007, -0.0445233, 0.15968, 0.000464795
743698, 10.7449, 0.00349439, -0.00583676, 0.0588344, 0.0583579, 0.0233055, 0.139286, -0.0107958, 0.0157578, -0.0223975, 0.039313, 0.421935, 0.029762, 0.502712, 0.0289562, 0.153445, 0.990075, 0.138938, -0.0211544, 0.136948, -0.987594, -0.0768316, -0.0315668, 0.073172, -0.99682, 0.0225059, -0.014396, -0.0124986, -0.10518, -0.104077, 0.0329269, 0.771641, 0.227811, -0.716927, -2.35273, 0.363234, 2.46585, -0.364312, 0.00924884, 0.0627451, -0.000100562, -0.00245791, -0.0434088, 0.15948, 0.000656118
753815, 10.7549, 0.00373545, -0.00595881, 0.0587089, 0.0571725, 0.0222842, 0.139733, -0.0152107, 0.0227259, -0.0299815, 0.038963, 0.421731, 0.029759, 0.502953, 0.0288342, 0.15332, 0.990038, 0.13934, -0.0202021, 0.137458, -0.98762, -0.0755825, -0.0304837, 0.0720526, -0.996935, 0.0240614, -0.0127517, -0.0126735, -0.11233, -0.110744, 0.0395494, 0.771792, 0.228463, -0.716924, -2.35275, 0.362764, 2.46754, -0.364319, 0.0154557, 0.0660088, -0.000919832, -0.00168455, -0.0482194, 0.168382, 0.00302653
763933, 10.7649, 0.00397779, -0.00606481, 0.0585867, 0.0559762, 0.0212673, 0.140235, -0.0196066, 0.0248917, -0.0221559, 0.039219, 0.421649, 0.029892, 0.503196, 0.0287282, 0.153198, 0.989993, 0.139798, -0.0192539, 0.13802, -0.987637, -0.0743229, -0.0294061, 0.0709218, -0.997048, 0.0236316, -0.0100321, -0.0143273, -0.115929, -0.107625, 0.0502328, 0.771968, 0.229114, -0.716915, -2.35276, 0.362267, 2.46922, -0.364325, 0.0197455, 0.07118, 0.00119901, -0.000398766, -0.0494594, 0.167885, 6.43159e-05
774052, 10.7749, 0.00421023, -0.00617526, 0.0584671, 0.0547881, 0.0202979, 0.140749, -0.0198099, 0.02461, -0.0221313, 0.039219, 0.421649, 0.029892, 0.503428, 0.0286177, 0.153078, 0.989943, 0.14027, -0.0183528, 0.13859, -0.98765, -0.0730743, -0.0283763, 0.0697959, -0.997158, 0.022485, -0.0123555, -0.0141025, -0.118381, -0.101453, 0.052001, 0.772136, 0.229748, -0.716914, -2.35277, 0.361736, 2.47084, -0.364327, 0.015647, 0.0693581, 0.000467133, -0.00035588, -0.0584403, 0.160863, 0.00133803
784171, 10.7859, 0.00446004, -0.00629689, 0.058339, 0.0534324, 0.0192526, 0.141413, -0.0285625, 0.0242696, -0.0144341, 0.039228, 0.422003, 0.029889, 0.503678, 0.0284961, 0.15295, 0.989873, 0.14089, -0.0173842, 0.139315, -0.987652, -0.071654, -0.0272649, 0.0685065, -0.997278, 0.0235307, -0.0128632, -0.0100126, -0.112744, -0.109642, 0.0562922, 0.77233, 0.230426, -0.716915, -2.35279, 0.36104, 2.47261, -0.364332, 0.0129223, 0.0574354, 3.0707e-05, -0.00206751, -0.0626295, 0.162194, -0.00289371
794291, 10.7959, 0.00467595, -0.00640894, 0.0582203, 0.052174, 0.018344, 0.142083, -0.0287136, 0.028823, -0.0144998, 0.039066, 0.421621, 0.029753, 0.503894, 0.0283841, 0.152831, 0.989797, 0.141522, -0.0165462, 0.140038, -0.987644, -0.0703398, -0.0262964, 0.067305, -0.997386, 0.0199882, -0.0127053, -0.0130669, -0.114181, -0.100961, 0.0569481, 0.772499, 0.23103, -0.716908, -2.35282, 0.36033, 2.47419, -0.364341, 0.0141406, 0.0590656, 0.000496084, -0.00856102, -0.063084, 0.161189, -0.00226093
