timestamp, robot_time[1], robot_ee_pos_error[3], robot_ee_ori_error[3], sensed_forces_moments[6], robot_ee_position[3], robot_ee_orientation[9], robot_ee_linear_velocity[3], robot_ee_angular_velocity[3], joint_angles[7], joint_velocities[7], 
10532, 10.012, 0.0510782, 0.0342247, 0.101856, 0.134756, -0.148648, -0.0390313, -0.0162617, 0.00483231, 0.000107276, 0.03928, 0.419448, 0.028611, 0.550296, 0.0690177, 0.196467, 0.988312, -0.0500463, 0.143998, -0.0275149, -0.987625, -0.154403, 0.149943, 0.148636, -0.977458, -0.000635202, -0.000896634, -0.000170755, 0.000728789, 0.000725973, -0.0025439, 0.786676, 0.196902, -0.672656, -2.29404, 0.474765, 2.57021, -0.213127, -0.00126347, -0.0017161, -0.000133116, -0.00234066, -0.000328793, 0.000533024, 0.00104252
21051, 10.022, 0.0510656, 0.0342221, 0.101845, 0.134751, -0.148621, -0.0390283, -0.0246967, 0.00481098, 0.00781837, 0.03951, 0.419419, 0.028609, 0.550284, 0.0690151, 0.196456, 0.988316, -0.050041, 0.143971, -0.0275146, -0.987626, -0.154397, 0.149916, 0.148632, -0.977463, 0.000302317, -0.00274329, 0.000599342, 0.000201811, -0.00120803, -0.00556634, 0.786679, 0.1969, -0.672658, -2.29407, 0.474762, 2.57021, -0.213132, -0.000541606, -0.00135292, -0.00439243, -0.000820708, 5.66003e-06, 0.00055554, 0.000523868
31523, 10.033, 0.0510383, 0.034218, 0.101819, 0.13475, -0.148555, -0.0390452, -0.0288915, 0.00723071, 0.00796065, 0.039545, 0.419467, 0.028742, 0.550256, 0.069011, 0.19643, 0.988325, -0.0500532, 0.143904, -0.0275372, -0.987625, -0.154396, 0.149851, 0.14863, -0.977473, -0.00205024, -0.000127429, -0.00187108, 0.000192932, 0.00483859, -0.00129842, 0.786679, 0.196898, -0.672656, -2.29413, 0.474767, 2.5702, -0.213127, -0.000517698, -0.000464078, 0.00105403, -0.00470421, 8.97052e-05, -0.000213566, 0.00123912
41921, 10.043, 0.0509969, 0.0342121, 0.101781, 0.134744, -0.148441, -0.0390483, -0.0288567, 0.00228905, 0.00804471, 0.039485, 0.419471, 0.028877, 0.550215, 0.0690051, 0.196392, 0.988342, -0.0500481, 0.14379, -0.0275506, -0.987626, -0.154388, 0.149737, 0.148627, -0.977491, -0.00464757, 0.00134289, -0.00393411, 0.000464108, 0.0129835, 0.00226879, 0.786684, 0.196898, -0.672661, -2.29421, 0.474763, 2.57016, -0.213131, 0.00346694, -0.000138856, -0.000107466, -0.00818836, 3.6098e-05, -0.00511202, 0.00101685
52189, 10.054, 0.0509135, 0.0342135, 0.101718, 0.13479, -0.148106, -0.0390503, -0.0330219, 0.00478811, 0.0155444, 0.03974, 0.419391, 0.028607, 0.550132, 0.0690065, 0.196329, 0.988392, -0.0500304, 0.143453, -0.0275778, -0.987619, -0.154429, 0.149403, 0.14868, -0.977534, -0.00890094, -0.00178423, -0.00702839, 0.00362908, 0.0336448, -0.000452192, 0.786679, 0.196901, -0.67267, -2.29429, 0.474762, 2.56989, -0.21313, 0.000501996, 4.15951e-05, -0.00450758, -0.0110625, -0.000167379, -0.0244882, -0.000253408
62468, 10.064, 0.0508242, 0.0342257, 0.101647, 0.134841, -0.147743, -0.0390326, -0.0286711, 0.00232762, 0.0157149, 0.039707, 0.41934, 0.028878, 0.550042, 0.0690187, 0.196258, 0.988446, -0.0499914, 0.143091, -0.0275875, -0.987612, -0.154471, 0.14904, 0.148738, -0.977581, -0.00762253, 0.005063, -0.0054523, 0.00557132, 0.033084, 0.0124114, 0.786676, 0.196912, -0.672663, -2.29437, 0.474764, 2.5696, -0.213132, 0.00565512, 0.0016849, 0.000837041, -0.00336293, 0.00022503, -0.0299925, -0.00110618
72828, 10.074, 0.0507276, 0.0342334, 0.101571, 0.13489, -0.147353, -0.0390229, -0.0244649, -8.30989e-05, 0.0155563, 0.039451, 0.419674, 0.028743, 0.549946, 0.0690264, 0.196182, 0.988504, -0.0499583, 0.1427, -0.0276076, -0.987605, -0.154512, 0.14865, 0.148796, -0.977631, -0.00993325, 0.00180237, -0.00719822, 0.00698849, 0.0408266, 0.00721835, 0.786676, 0.196924, -0.672667, -2.29446, 0.474763, 2.56929, -0.213131, 0.000390605, 3.11565e-05, 0.000275461, -0.00816632, 5.08501e-05, -0.0344905, -0.00137303
83164, 10.084, 0.0506236, 0.0342452, 0.101485, 0.13494, -0.146923, -0.0390159, -0.0242868, -3.37964e-05, 0.000339004, 0.039672, 0.419549, 0.028746, 0.549842, 0.0690382, 0.196096, 0.988568, -0.0499254, 0.14227, -0.0276339, -0.987598, -0.154553, 0.148221, 0.148855, -0.977687, -0.0113048, 0.0030438, -0.00920675, 0.00664827, 0.0496251, 0.00535363, 0.786678, 0.196949, -0.672667, -2.29455, 0.474764, 2.56895, -0.21312, 0.00247899, 0.00378759, 0.000198938, -0.00741444, -4.40658e-05, -0.0408842, 0.00394423
93418, 10.095, 0.0505003, 0.0342513, 0.101383, 0.134994, -0.146416, -0.0390068, -0.0284492, -0.00256379, 0.00787407, 0.039424, 0.419476, 0.028609, 0.549718, 0.0690443, 0.195994, 0.988643, -0.0498853, 0.141762, -0.0276644, -0.98759, -0.154597, 0.147715, 0.14892, -0.977754, -0.0108045, 0.0015574, -0.00891986, 0.00640903, 0.0464742, 0.00299606, 0.78667, 0.196979, -0.67267, -2.29466, 0.474764, 2.56855, -0.213121, -0.000292353, 0.00309025, 0.000715403, -0.00832609, 0.000456889, -0.0372606, 0.00285963
103728, 10.105, 0.0503761, 0.0342645, 0.10128, 0.13505, -0.145907, -0.0389834, -0.0283344, -0.00255378, 0.0078891, 0.039424, 0.419476, 0.028609, 0.549594, 0.0690575, 0.195891, 0.988719, -0.0498307, 0.141253, -0.0276806, -0.987583, -0.154642, 0.147205, 0.148987, -0.977821, -0.0128331, 0.00255418, -0.00864807, 0.010725, 0.053032, 0.00839366, 0.786669, 0.197009, -0.672667, -2.29477, 0.474763, 2.56815, -0.213123, -0.00034009, -0.00157692, 0.00108152, -0.0102082, -0.000175227, -0.0460935, -0.000450358
114056, 10.116, 0.0502367, 0.034289, 0.101164, 0.135117, -0.145306, -0.0389491, -0.0281992, -0.00254169, 0.00790668, 0.039424, 0.419476, 0.028609, 0.549455, 0.069082, 0.195775, 0.988808, -0.0497599, 0.140654, -0.0276931, -0.987574, -0.154695, 0.146604, 0.149069, -0.977899, -0.0148864, 0.00191138, -0.0143066, 0.00317138, 0.0632623, 0.00780473, 0.786677, 0.197058, -0.672662, -2.29487, 0.474764, 2.56766, -0.213116, 0.000486122, 0.00934625, 0.00134677, -0.0122111, -5.98807e-06, -0.0464102, 0.000935428
124372, 10.126, 0.0500955, 0.0343074, 0.101054, 0.135206, -0.144683, -0.0389198, -0.0323146, -4.78254e-06, 0.00807419, 0.039681, 0.419903, 0.028742, 0.549314, 0.0691004, 0.195665, 0.988899, -0.0496939, 0.14003, -0.0277109, -0.987562, -0.15477, 0.14598, 0.149172, -0.977976, -0.0142083, -2.95998e-05, -0.0101612, 0.0112635, 0.063495, 0.00468112, 0.786673, 0.19709, -0.672667, -2.29496, 0.474765, 2.56712, -0.213119, -0.00146502, 0.000870921, -0.00350889, -0.00925924, 0.000215091, -0.0569167, -0.000598955
134694, 10.136, 0.0499414, 0.0343355, 0.100928, 0.135291, -0.143992, -0.0388767, -0.027836, 0.00245066, 0.000563965, 0.039706, 0.419597, 0.028879, 0.549159, 0.0691285, 0.195539, 0.989001, -0.0496091, 0.139341, -0.027721, -0.987551, -0.154839, 0.145288, 0.149273, -0.978064, -0.016274, 0.00250087, -0.0128807, 0.0110008, 0.0759021, 0.00916617, 0.786677, 0.197146, -0.672664, -2.29505, 0.474763, 2.56653, -0.213113, -0.000375107, 0.00561099, -0.000728485, -0.00771625, -6.72704e-05, -0.0673315, 0.00105113
145029, 10.146, 0.0497848, 0.0343569, 0.100801, 0.135382, -0.143285, -0.0388454, -0.0234516, 5.02878e-05, 0.000445631, 0.039672, 0.419549, 0.028746, 0.548989, 0.0691577, 0.195404, 0.989115, -0.0495103, 0.138568, -0.0277273, -0.987537, -0.154926, 0.144511, 0.149397, -0.97816, -0.0167404, 0.00425433, -0.0126411, 0.0118719, 0.0756234, 0.0146148, 0.786678, 0.197202, -0.672667, -2.29514, 0.474765, 2.56585, -0.21312, 0.00170258, 0.00415064, 0.000212574, -0.00847175, 0.000113675, -0.0676268, -0.00163854
155345, 10.157, 0.0496255, 0.034383, 0.100675, 0.135487, -0.14254, -0.0388016, -0.0190885, -0.00236257, 0.00032455, 0.039638, 0.419502, 0.028613, 0.548843, 0.069176, 0.195286, 0.989213, -0.0494474, 0.137889, -0.0277568, -0.987524, -0.155002, 0.143834, 0.149502, -0.978244, -0.0123223, 0.00156828, -0.0108703, 0.00665816, 0.0606192, 0.0079313, 0.786667, 0.197258, -0.672672, -2.29521, 0.474769, 2.56525, -0.213116, -0.00116919, 0.00804247, -0.000317179, -0.00388306, 0.000401587, -0.0536707, -0.000507682
165652, 10.167, 0.049477, 0.0344085, 0.100553, 0.135563, -0.141879, -0.0387587, -0.0189767, 0.00257119, -0.0073967, 0.039475, 0.419628, 0.028477, 0.548695, 0.0692015, 0.195164, 0.989308, -0.0493642, 0.13723, -0.0277655, -0.987514, -0.155063, 0.143171, 0.149595, -0.978327, -0.0137353, 0.00227683, -0.0114056, 0.00793895, 0.0656374, 0.00992477, 0.786673, 0.197313, -0.672672, -2.2953, 0.474765, 2.56469, -0.213112, 0.000905552, 0.00700577, -0.00157096, -0.00521157, 2.30337e-05, -0.058523, -0.000660155
175914, 10.177, 0.0493393, 0.0344293, 0.100434, 0.135626, -0.141244, -0.0387175, -0.0230068, 9.20313e-05, 0.000501568, 0.039672, 0.419549, 0.028746, 0.548557, 0.0692223, 0.195045, 0.9894, -0.0492834, 0.136597, -0.0277745, -0.987507, -0.155111, 0.142535, 0.149673, -0.978408, -0.0124839, 0.00218352, -0.00948794, 0.00830932, 0.0565621, 0.0132997, 0.78667, 0.197387, -0.67267, -2.29537, 0.474765, 2.56415, -0.213115, -0.000112615, 0.00328766, -0.000359201, -0.00616374, 0.000117321, -0.051362, -0.00545471
186141, 10.188, 0.0491913, 0.034456, 0.100306, 0.135697, -0.140542, -0.038677, -0.0228487, 0.00010445, 0.00052162, 0.039672, 0.419549, 0.028746, 0.548409, 0.069249, 0.194917, 0.989501, -0.0491992, 0.135896, -0.0277895, -0.987498, -0.155166, 0.141831, 0.14976, -0.978497, -0.0143121, 0.00417816, -0.0109189, 0.010754, 0.0695939, 0.0125662, 0.786672, 0.197474, -0.67267, -2.29543, 0.474763, 2.56354, -0.213104, 0.00170709, 0.00566948, -0.00021615, -0.00363671, -0.000249408, -0.0649125, 0.000393642
196316, 10.198, 0.0490586, 0.0344816, 0.100193, 0.13577, -0.139896, -0.0386245, -0.0184933, -0.00231264, 0.000399714, 0.039638, 0.419502, 0.028613, 0.548277, 0.0692746, 0.194804, 0.989594, -0.0491071, 0.135251, -0.0277877, -0.987489, -0.155223, 0.141182, 0.149849, -0.978577, -0.0114201, 0.00109729, -0.0100643, 0.00705792, 0.0609208, 0.00685287, 0.78667, 0.197552, -0.67267, -2.29547, 0.474763, 2.56296, -0.21311, -0.00281392, 0.00882324, -0.000400162, -0.00041433, -0.000109115, -0.0568734, 0.000233894
206489, 10.208, 0.048941, 0.03451, 0.100091, 0.135836, -0.139303, -0.0385751, -0.01836, -0.00230115, 0.000416275, 0.039638, 0.419502, 0.028613, 0.548159, 0.069303, 0.194702, 0.989678, -0.0490211, 0.134661, -0.0277849, -0.987481, -0.155274, 0.140586, 0.14993, -0.97865, -0.0109803, 0.00389972, -0.00904088, 0.00753, 0.054054, 0.00984217, 0.786675, 0.197634, -0.67267, -2.29549, 0.474764, 2.56242, -0.213107, 0.000694595, 0.00621764, 0.00197143, -0.00228738, 0.000210846, -0.0491783, 0.00123469
216751, 10.218, 0.048825, 0.0345385, 0.0999906, 0.135899, -0.138719, -0.0385263, -0.0224387, 0.000139985, 0.000572531, 0.039672, 0.419549, 0.028746, 0.548043, 0.0693315, 0.194602, 0.989762, -0.0489361, 0.134079, -0.027782, -0.987473, -0.155323, 0.14, 0.150008, -0.978722, -0.00994545, 0.00271766, -0.00891344, 0.00590991, 0.0526628, 0.00771712, 0.786675, 0.197715, -0.672664, -2.29551, 0.474763, 2.56189, -0.213102, -0.000838875, 0.00836275, 0.0014153, -2.64831e-05, -9.15931e-05, -0.0484743, 0.00166748
227122, 10.229, 0.0487051, 0.0345686, 0.0998798, 0.135954, -0.138099, -0.0384623, -0.0223277, 0.00011871, -0.00706985, 0.03945, 0.41968, 0.028746, 0.547923, 0.0693616, 0.194491, 0.98985, -0.048833, 0.133463, -0.0277678, -0.987467, -0.155362, 0.139377, 0.150079, -0.978801, -0.0106661, 0.00122236, -0.0122036, -0.000306455, 0.0557019, 0.00872061, 0.786678, 0.197822, -0.672659, -2.29552, 0.474765, 2.56133, -0.213108, -0.000124688, 0.015381, -0.000117828, -0.0015872, 0.000300632, -0.0455375, -0.00121072
237413, 10.239, 0.0485991, 0.0345946, 0.0997842, 0.13601, -0.137525, -0.0384127, -0.0264577, -0.00234183, -0.0071438, 0.039423, 0.419733, 0.028611, 0.547817, 0.0693876, 0.194395, 0.989931, -0.0487474, 0.132891, -0.0277639, -0.987461, -0.155404, 0.1388, 0.15015, -0.978872, -0.00967213, 0.00255674, -0.00929874, 0.0043271, 0.0538241, 0.0090154, 0.786681, 0.19792, -0.672664, -2.29551, 0.474764, 2.56079, -0.213105, 0.000312893, 0.0108599, -9.64928e-05, 0.0018023, -0.000197963, -0.0501135, 0.000608147
247759, 10.249, 0.0484903, 0.0346201, 0.0996834, 0.136064, -0.136935, -0.0383648, -0.026325, -0.00233281, -0.00712726, 0.039423, 0.419733, 0.028611, 0.547708, 0.0694131, 0.194294, 0.990014, -0.0486622, 0.132303, -0.0277633, -0.987455, -0.155444, 0.138207, 0.150218, -0.978945, -0.0099265, 0.00186676, -0.00988555, 0.00428487, 0.056769, 0.00767367, 0.786678, 0.198027, -0.672664, -2.2955, 0.474766, 2.56024, -0.213103, -0.000594145, 0.0123032, -0.000685894, 0.00250114, 0.00026299, -0.0529289, 0.00070221
258123, 10.26, 0.0483769, 0.0346539, 0.0995805, 0.136122, -0.136325, -0.0382954, -0.0304071, 0.00504666, -0.00704031, 0.039518, 0.419778, 0.028608, 0.547595, 0.0694469, 0.194192, 0.9901, -0.0485543, 0.131696, -0.0277426, -0.987448, -0.155486, 0.137593, 0.150293, -0.97902, -0.00998826, 0.00165356, -0.00858564, 0.00629169, 0.0521103, 0.0080318, 0.786683, 0.198133, -0.672659, -2.29549, 0.474763, 2.55967, -0.213104, -0.00216602, 0.00712594, 0.000702075, -0.000661378, -0.000120993, -0.0486387, -0.000767836
268412, 10.27, 0.0482772, 0.0346765, 0.0994873, 0.136163, -0.135811, -0.0382496, -0.0218227, 0.00509287, -0.0070858, 0.03951, 0.419676, 0.02861, 0.547495, 0.0694695, 0.194098, 0.990172, -0.0484755, 0.131184, -0.0277385, -0.987444, -0.155513, 0.137076, 0.150346, -0.979084, -0.00904453, 0.0039139, -0.00862762, 0.00180903, 0.0438141, 0.0162631, 0.786684, 0.198225, -0.672656, -2.2955, 0.474762, 2.55921, -0.213103, 0.0034152, 0.00879562, 0.000991918, -0.00158251, -0.000482124, -0.0383683, -0.00490695
278811, 10.28, 0.0481957, 0.0346887, 0.0994054, 0.136187, -0.135374, -0.0382237, -0.0216984, 0.000226044, -0.0146032, 0.039671, 0.419807, 0.028747, 0.547414, 0.0694817, 0.194016, 0.990232, -0.0484208, 0.130749, -0.0277487, -0.987442, -0.155527, 0.136638, 0.15038, -0.97914, -0.00739433, 0.0010732, -0.00820655, 0.000447444, 0.0397504, 0.00560078, 0.786681, 0.198319, -0.672661, -2.2955, 0.474764, 2.55882, -0.213101, 0.000790089, 0.0106297, -0.000965885, -0.000175, 0.000215321, -0.0337137, 0.000115556
289173, 10.29, 0.0481213, 0.0346999, 0.0993272, 0.136201, -0.134975, -0.0381985, -0.0216257, 0.000157361, -0.0069814, 0.03945, 0.41968, 0.028746, 0.547339, 0.0694929, 0.193938, 0.990287, -0.048369, 0.130351, -0.0277571, -0.987441, -0.155533, 0.136237, 0.150404, -0.979193, -0.00774565, 0.000538388, -0.00853292, 0.000440262, 0.0425298, 0.00607445, 0.786679, 0.198414, -0.672664, -2.2955, 0.474767, 2.55847, -0.2131, -0.000507617, 0.011061, -0.000996369, 0.000297991, -0.000428334, -0.0368967, -0.000580528
299521, 10.301, 0.0480527, 0.0347129, 0.0992493, 0.136199, -0.134607, -0.038159, -0.0215432, 0.000154601, -0.00697001, 0.03945, 0.41968, 0.028746, 0.547271, 0.0695059, 0.19386, 0.990339, -0.0483037, 0.129986, -0.0277497, -0.987443, -0.155521, 0.135866, 0.150411, -0.979243, -0.0041796, 0.00147546, -0.00505423, -0.00151607, 0.0237341, 0.0150708, 0.786681, 0.198517, -0.672661, -2.2955, 0.474763, 2.55816, -0.213102, 0.000582885, 0.00812703, 0.000434614, 0.00215267, -0.000127622, -0.022552, -0.00985623
309928, 10.311, 0.048011, 0.0347129, 0.0991916, 0.136179, -0.134362, -0.0381514, -0.0214972, 0.00508898, -0.00704181, 0.03951, 0.419676, 0.02861, 0.547229, 0.0695059, 0.193803, 0.990372, -0.0482777, 0.129742, -0.0277647, -0.987446, -0.155496, 0.13562, 0.150397, -0.979279, -0.00434967, 4.12739e-05, -0.00409995, 0.00216804, 0.0238128, 0.00197672, 0.786681, 0.198612, -0.67267, -2.29549, 0.474765, 2.55796, -0.213099, -0.000964887, 0.00431978, -0.00086332, 0.000106241, 0.000204993, -0.0219801, 1.20686e-05
320330, 10.322, 0.0479774, 0.034711, 0.099135, 0.136141, -0.134158, -0.0381397, -0.0214345, 0.00514951, -0.0146343, 0.039731, 0.419803, 0.028612, 0.547195, 0.069504, 0.193746, 0.9904, -0.0482493, 0.129539, -0.0277731, -0.987453, -0.155454, 0.135415, 0.150364, -0.979313, -0.00187895, -0.00104207, -0.00449888, -0.00470437, 0.0132893, 0.000605737, 0.786675, 0.198715, -0.672669, -2.29548, 0.474764, 2.55781, -0.213099, -0.000918919, 0.00950171, -0.000486113, 0.00113463, 0.000117366, -0.00821012, -0.000489249
330686, 10.332, 0.0479524, 0.0347082, 0.099089, 0.136103, -0.134015, -0.038134, -0.0298714, 0.00509023, -0.0145785, 0.039739, 0.419905, 0.02861, 0.54717, 0.0695012, 0.1937, 0.990419, -0.0482312, 0.129397, -0.0277825, -0.987459, -0.155413, 0.13527, 0.150329, -0.979338, -0.00280797, -0.00271312, -0.00460135, -0.00242873, 0.0179423, -0.00360893, 0.786675, 0.198799, -0.67267, -2.29548, 0.474765, 2.55772, -0.213098, -0.00447012, 0.00755362, -0.000701651, 9.54158e-05, -0.00043701, -0.0132097, 0.00118985
340925, 10.342, 0.0479317, 0.0347015, 0.0990475, 0.136061, -0.133908, -0.0381339, -0.0256285, -0.00227974, -0.0146438, 0.039645, 0.41986, 0.028612, 0.54715, 0.0694945, 0.193659, 0.990434, -0.0482208, 0.129291, -0.0277945, -0.987465, -0.155369, 0.135162, 0.150289, -0.979359, -0.000743941, -0.00123576, -0.00281276, -0.00459496, 0.00570236, -0.00141903, 0.786675, 0.198873, -0.672673, -2.29549, 0.474766, 2.55767, -0.213099, -0.000270105, 0.00634633, -0.000958729, 7.98182e-05, -0.000663701, -0.00133472, 0.000986542
351273, 10.353, 0.0479266, 0.0346906, 0.0990151, 0.136004, -0.133853, -0.0381357, -0.0255883, -0.00227279, -0.00698013, 0.039867, 0.41973, 0.028612, 0.547145, 0.0694836, 0.193626, 0.990441, -0.0482151, 0.129237, -0.027805, -0.987474, -0.155311, 0.135107, 0.150233, -0.979375, -0.00046446, -0.000872444, -0.00221938, -0.00360905, 0.00418552, -0.000778523, 0.78667, 0.198955, -0.672676, -2.29548, 0.474763, 2.55766, -0.2131, -0.000380682, 0.00529725, -0.00041497, 0.000361664, -0.000134132, -0.000850432, 0.00029674
361605, 10.363, 0.0479187, 0.0346858, 0.0989811, 0.135951, -0.1338, -0.0381312, -0.0340637, -0.00239495, 0.000683334, 0.039653, 0.419705, 0.028609, 0.547137, 0.0694788, 0.193592, 0.990448, -0.0482034, 0.129186, -0.0278087, -0.987483, -0.155257, 0.135053, 0.150182, -0.979391, 0.000370731, -0.000868661, -0.000735146, -0.00161565, 0.000927721, -0.00176393, 0.786675, 0.199033, -0.672676, -2.29548, 0.474767, 2.55766, -0.213103, -0.0022011, 0.00285196, 0.000840912, 0.00136378, 4.93557e-05, -6.15189e-05, 0.000539501
372028, 10.373, 0.0479181, 0.0346794, 0.0989627, 0.135913, -0.133774, -0.038133, -0.0340581, -0.00240345, 0.000685426, 0.039653, 0.419705, 0.028609, 0.547136, 0.0694724, 0.193574, 0.990451, -0.048201, 0.129161, -0.0278152, -0.987488, -0.155219, 0.135026, 0.150145, -0.9794, 0.000487879, -2.10109e-05, -0.0015832, -0.00392778, 0.00185852, 0.000773803, 0.786672, 0.199085, -0.672677, -2.29547, 0.474764, 2.55766, -0.213101, 0.000350244, 0.00617976, 0.000176583, 0.00271884, 7.43939e-05, -0.000146646, 5.50041e-05
382374, 10.384, 0.0479079, 0.0346743, 0.0989334, 0.135872, -0.133725, -0.0381355, -0.0340751, -0.00244291, -0.00697164, 0.039431, 0.419835, 0.028608, 0.547126, 0.0694673, 0.193544, 0.990458, -0.0481973, 0.129112, -0.0278248, -0.987495, -0.155177, 0.134977, 0.150104, -0.979413, -0.000251095, 0.00086667, -0.00193835, -0.00352365, 0.00298734, 0.00214705, 0.786677, 0.199143, -0.672679, -2.29548, 0.474766, 2.55766, -0.213099, 0.00108071, 0.00529339, 0.00123497, 0.00110396, -0.000269172, -8.6025e-05, 0.000512338
392687, 10.394, 0.0479017, 0.0346699, 0.0989067, 0.135828, -0.133683, -0.0381292, -0.034038, -0.00242309, 0.00069118, 0.039653, 0.419705, 0.028609, 0.54712, 0.0694629, 0.193518, 0.990464, -0.0481852, 0.129072, -0.0278251, -0.987502, -0.155132, 0.134934, 0.150062, -0.979426, -0.00036505, -0.000139131, -0.00214896, -0.00386926, 0.00327899, 0.00171606, 0.786678, 0.199204, -0.672677, -2.29548, 0.474764, 2.55766, -0.213101, 0.00111556, 0.00552481, -0.000520881, 0.00058472, 0.000239775, -0.000221194, -0.00120785
403003, 10.404, 0.047897, 0.0346608, 0.0988901, 0.135802, -0.13365, -0.0381357, -0.0340136, -0.00236901, -0.0069169, 0.039875, 0.419832, 0.02861, 0.547115, 0.0694538, 0.193501, 0.990469, -0.0481837, 0.129033, -0.0278339, -0.987506, -0.155101, 0.134894, 0.150032, -0.979436, 0.000213164, -0.000280015, -0.000813273, -0.00192949, 0.00110402, -0.000788817, 0.786676, 0.199249, -0.672679, -2.29548, 0.474763, 2.55765, -0.2131, 0.000651634, 0.00311674, -0.000845798, 0.00119182, 0.000216424, -0.000109775, 0.000625151
413314, 10.415, 0.0478921, 0.0346571, 0.098869, 0.135768, -0.133618, -0.0381324, -0.0340234, -0.00243682, 0.00069528, 0.039653, 0.419705, 0.028609, 0.54711, 0.0694501, 0.19348, 0.990473, -0.0481799, 0.129007, -0.0278381, -0.987511, -0.155071, 0.134867, 0.150003, -0.979444, -0.000741792, -0.00145106, -0.00243193, -0.00358678, 0.00444529, -0.0030773, 0.786674, 0.199289, -0.672682, -2.29548, 0.474763, 2.55765, -0.213105, -0.000141806, 0.00494272, -0.00143532, -0.00088035, 1.15846e-05, -7.43303e-05, 0.00145431
423616, 10.425, 0.0478879, 0.0346522, 0.0988498, 0.135737, -0.133588, -0.0381365, -0.0382267, -2.38669e-05, 0.00083728, 0.039687, 0.419753, 0.028742, 0.547106, 0.0694452, 0.193461, 0.990476, -0.0481799, 0.128977, -0.0278469, -0.987516, -0.15504, 0.134837, 0.149972, -0.979453, -0.00165442, 0.00171297, -0.00211668, -0.00142934, 0.00727223, 0.00324415, 0.786673, 0.199333, -0.672682, -2.29548, 0.474763, 2.55765, -0.213102, 0.00440965, 0.00333224, -0.00108332, -0.00062295, -5.3369e-05, -0.00452599, 0.000895332
433919, 10.436, 0.0478776, 0.0346485, 0.0988268, 0.13571, -0.133541, -0.0381267, -0.0382255, 0.00490964, 0.000759646, 0.039748, 0.419749, 0.028606, 0.547096, 0.0694415, 0.193438, 0.990483, -0.0481651, 0.128932, -0.027843, -0.98752, -0.155011, 0.134789, 0.149946, -0.979463, 0.000241086, -0.00052329, -0.00084797, -0.00225386, 0.00109523, 0.000817877, 0.786669, 0.199373, -0.672677, -2.29549, 0.474763, 2.55764, -0.213112, -0.00059176, 0.00316081, -9.0182e-05, 0.00135568, -0.000168421, -0.000399043, -0.00115413
444113, 10.446, 0.0478731, 0.0346446, 0.0988072, 0.135678, -0.133511, -0.0381237, -0.0340279, -0.0024876, -0.00695833, 0.039431, 0.419835, 0.028608, 0.547091, 0.0694376, 0.193418, 0.990487, -0.0481579, 0.128903, -0.0278447, -0.987525, -0.154979, 0.134758, 0.149916, -0.979472, -0.00106121, -0.000166743, -0.00234673, -0.00222287, 0.00707884, 0.000815033, 0.78667, 0.199418, -0.672677, -2.29549, 0.474764, 2.55764, -0.213115, -0.000111101, 0.00485122, 2.55687e-05, 0.000560166, 0.000179447, -0.00443033, -0.000181202
454417, 10.456, 0.0478676, 0.0346308, 0.0987847, 0.135641, -0.133469, -0.0381377, -0.0339904, -0.00246603, 0.000704244, 0.039653, 0.419705, 0.028609, 0.547086, 0.0694238, 0.193396, 0.990492, -0.0481665, 0.128861, -0.0278649, -0.987531, -0.154942, 0.134717, 0.149878, -0.979483, -0.000197874, -0.000666477, -0.000778575, -0.00144677, 0.00128545, 0.000238232, 0.786664, 0.199469, -0.672688, -2.29549, 0.474762, 2.55763, -0.213115, -0.000880842, 0.00158033, -8.6688e-06, -0.000179822, -0.000334396, -0.000127164, -0.000889213
464730, 10.466, 0.047857, 0.0346272, 0.0987607, 0.135611, -0.133421, -0.0381349, -0.0339626, -0.00241304, -0.00690323, 0.039875, 0.419832, 0.02861, 0.547075, 0.0694202, 0.193372, 0.990499, -0.0481584, 0.128813, -0.0278683, -0.987535, -0.154911, 0.134668, 0.149849, -0.979495, -0.000676647, -0.000497809, -0.00146499, -0.00220221, 0.00259706, 0.000726355, 0.786666, 0.199512, -0.672688, -2.2955, 0.474761, 2.55762, -0.213116, -0.00029317, 0.00231786, 4.71927e-05, -0.0010766, -0.000524403, 7.42067e-06, -0.000720723
475139, 10.477, 0.0478504, 0.0346345, 0.0987372, 0.135579, -0.13337, -0.0381107, -0.0381147, -9.06283e-05, -0.00677059, 0.039687, 0.419501, 0.028743, 0.547068, 0.0694275, 0.193348, 0.990507, -0.0481287, 0.128765, -0.0278507, -0.987541, -0.154877, 0.134614, 0.149821, -0.979506, -0.000497331, -0.000202232, -0.00280015, -0.00471479, 0.00478352, 0.00213591, 0.786674, 0.199569, -0.672677, -2.29549, 0.474762, 2.5576, -0.213119, -0.00013455, 0.00704499, 0.000723157, 0.000990513, 1.45848e-05, -0.000920584, -0.00131296
485512, 10.487, 0.0478351, 0.0346325, 0.0987075, 0.135548, -0.133296, -0.0381034, -0.0381713, 0.00487194, 0.000772736, 0.039748, 0.419749, 0.028606, 0.547053, 0.0694255, 0.193318, 0.990517, -0.0481142, 0.128692, -0.0278519, -0.987546, -0.154844, 0.13454, 0.149792, -0.979521, -0.000922942, 0.00013734, -0.00245067, -0.00343489, 0.00433565, 0.000651314, 0.786675, 0.19962, -0.672674, -2.2955, 0.47476, 2.55757, -0.21312, 0.000673523, 0.00473218, 0.000606157, -0.000840039, -0.000240241, 2.94764e-05, 0.000705721
495826, 10.497, 0.0478223, 0.0346248, 0.0986773, 0.135514, -0.133219, -0.0381016, -0.038154, 0.00486382, 0.000776299, 0.039748, 0.419749, 0.028606, 0.54704, 0.0694178, 0.193288, 0.990527, -0.0481047, 0.128615, -0.0278591, -0.987552, -0.154808, 0.134461, 0.149759, -0.979537, -0.00168837, -0.00137963, -0.00486016, -0.00588403, 0.0106803, -0.00322537, 0.78667, 0.19968, -0.672677, -2.2955, 0.47476, 2.55753, -0.213126, -0.00123308, 0.00988669, 0.000247035, -0.00057446, 0.000207102, -0.00284502, 0.00256515
506131, 10.508, 0.0478056, 0.0346231, 0.0986407, 0.135474, -0.133122, -0.0380873, -0.0381235, -8.58138e-05, 0.000860633, 0.039687, 0.419753, 0.028742, 0.547024, 0.0694161, 0.193252, 0.990541, -0.0480811, 0.12852, -0.0278559, -0.987558, -0.154766, 0.134363, 0.149722, -0.979556, -0.00491248, -0.000582735, -0.00696789, -0.00431264, 0.0222679, 0.00259298, 0.786674, 0.199752, -0.672677, -2.2955, 0.474759, 2.55748, -0.213131, -0.000248454, 0.00925218, 9.05361e-05, -0.00383446, -0.000296769, -0.0126221, -0.000762668
516500, 10.518, 0.0477938, 0.0346164, 0.098608, 0.135434, -0.133035, -0.0380887, -0.038104, -9.50441e-05, 0.000864651, 0.039687, 0.419753, 0.028742, 0.547012, 0.0694094, 0.193219, 0.990552, -0.0480739, 0.128434, -0.0278675, -0.987565, -0.154725, 0.134275, 0.149684, -0.979574, -0.00109712, -0.000993869, -0.00355008, -0.00618918, 0.00816237, 0.000404535, 0.78667, 0.199825, -0.67268, -2.29549, 0.474759, 2.55743, -0.21313, -0.000937689, 0.00782793, 0.000262668, 0.000493357, -0.00255669, -0.00295099, 0.00149144
526738, 10.528, 0.0477749, 0.0346113, 0.0985683, 0.135389, -0.132939, -0.0380724, -0.0380918, 0.00483415, 0.000789133, 0.039748, 0.419749, 0.028606, 0.546993, 0.0694043, 0.193179, 0.990566, -0.048048, 0.12834, -0.0278625, -0.987572, -0.154677, 0.134177, 0.149642, -0.979594, -0.0019423, -0.00100385, -0.00485499, -0.00664918, 0.0102621, 0.00145639, 0.786672, 0.199897, -0.672681, -2.2955, 0.474757, 2.55739, -0.213142, 0.000945051, 0.00950808, -0.00114327, -0.00117533, -0.000209526, -0.0028447, -0.0011326
536870, 10.539, 0.0477509, 0.0346045, 0.0985203, 0.135337, -0.132815, -0.0380438, -0.0380556, -0.000118568, 0.000874709, 0.039687, 0.419753, 0.028742, 0.546969, 0.0693975, 0.193131, 0.990583, -0.0480075, 0.128219, -0.0278482, -0.987581, -0.154621, 0.13405, 0.149594, -0.979618, -0.00132057, -0.00181952, -0.00531533, -0.00904926, 0.00842911, 0.0014524, 0.786669, 0.199983, -0.67268, -2.29551, 0.474753, 2.55733, -0.213166, -0.000112701, 0.0118138, -0.000938408, -0.000549704, -0.000269411, -3.12684e-05, -0.0023896
547081, 10.549, 0.0477339, 0.0345998, 0.0984812, 0.135286, -0.132718, -0.0379889, -0.0338248, -0.00255116, 0.000739417, 0.039653, 0.419705, 0.028609, 0.546952, 0.0693928, 0.193092, 0.990598, -0.0479425, 0.128127, -0.0278051, -0.987591, -0.154565, 0.133947, 0.149549, -0.979639, -0.00184835, -0.00141964, -0.00272569, -0.00221753, 0.00893602, 5.12705e-05, 0.786672, 0.200061, -0.672683, -2.29551, 0.474747, 2.55728, -0.213212, -3.02344e-05, 0.00386114, -0.00220183, -0.00146104, -0.000198431, -0.0055212, -0.00131127
557382, 10.559, 0.0477133, 0.0346017, 0.0984364, 0.135231, -0.132597, -0.0378477, -0.0422699, -0.00261627, 0.000795059, 0.039661, 0.419806, 0.028606, 0.546931, 0.0693947, 0.193047, 0.99062, -0.0477893, 0.128016, -0.0276783, -0.987605, -0.154498, 0.133813, 0.149505, -0.979664, -0.000317316, -2.08166e-05, -0.00419746, -0.0100158, 0.00506114, 0.0128037, 0.786675, 0.200153, -0.672677, -2.2955, 0.47474, 2.5572, -0.213331, 0.000541097, 0.0117808, 0.00107215, 0.00258673, -0.0015129, -0.000608919, -0.00982369
567811, 10.569, 0.0476842, 0.034609, 0.0983805, 0.135163, -0.132452, -0.0376179, -0.0422131, -0.00261569, 0.00846187, 0.039883, 0.419676, 0.028607, 0.546899, 0.0694004, 0.192985, 0.990651, -0.0475178, 0.127876, -0.0274422, -0.987627, -0.154402, 0.133631, 0.149449, -0.979698, -0.0027236, 0.000315695, -0.0049533, -0.00726127, 0.0122371, 0.0242605, 0.786686, 0.20027, -0.672668, -2.2955, 0.474731, 2.5571, -0.213553, 0.000845343, 0.00913806, 0.000234223, 0.000109577, -0.000302553, -0.00952195, -0.0216856
578243, 10.58, 0.0476471, 0.0346184, 0.0983193, 0.135093, -0.132287, -0.0373, -0.0421811, -0.00263686, 0.00846939, 0.039883, 0.419676, 0.028607, 0.546865, 0.0694114, 0.19293, 0.990682, -0.0472111, 0.127747, -0.0271674, -0.987648, -0.154318, 0.133455, 0.149409, -0.979728, -0.00519835, 0.00201356, -0.00504177, -0.00364145, 0.0198142, 0.0401503, 0.786698, 0.20036, -0.672653, -2.29551, 0.474718, 2.557, -0.213804, 0.0015732, 0.00504655, 0.000806713, -0.00142584, -0.000502823, -0.0208242, -0.0345741
588595, 10.59, 0.0476043, 0.0346364, 0.0982511, 0.135012, -0.132094, -0.0368138, -0.0421545, 0.00227686, 0.00839817, 0.039943, 0.419673, 0.028471, 0.546822, 0.0694294, 0.192862, 0.990727, -0.0467062, 0.127589, -0.0267039, -0.987679, -0.154201, 0.133219, 0.149364, -0.979767, -0.00323724, 0.000426527, -0.00632245, -0.0127048, 0.00920083, 0.0515169, 0.786721, 0.200478, -0.672639, -2.29551, 0.474702, 2.55685, -0.214232, 0.000395623, 0.0112243, 0.00174898, -0.00128311, -8.88309e-05, -0.00744091, -0.0491703
598967, 10.601, 0.0475558, 0.0346527, 0.0981772, 0.134926, -0.131885, -0.0361612, -0.0378215, 0.00467698, -0.00678232, 0.039747, 0.419498, 0.028608, 0.546774, 0.0694457, 0.192788, 0.990779, -0.0460335, 0.127426, -0.0260761, -0.987716, -0.154069, 0.132953, 0.149326, -0.979809, -0.00507062, 0.000595849, -0.00790328, -0.0143824, 0.0181153, 0.0726863, 0.786738, 0.200602, -0.672625, -2.29551, 0.474693, 2.55667, -0.214837, 0.000404645, 0.0134159, 0.000736014, 0.000197632, -0.000902017, -0.0198663, -0.0687017
609317, 10.611, 0.0475065, 0.0346695, 0.0981064, 0.134844, -0.13168, -0.035419, -0.0378041, 0.00457658, 0.000836928, 0.039525, 0.419371, 0.028606, 0.546725, 0.0694625, 0.192717, 0.990834, -0.0452717, 0.127273, -0.0253581, -0.987756, -0.153934, 0.132684, 0.149296, -0.97985, -0.00559204, 0.00391395, -0.00740437, -0.0131042, 0.0159527, 0.0850005, 0.786757, 0.200717, -0.672615, -2.29551, 0.474686, 2.55648, -0.215535, 0.0028919, 0.0109233, 0.00409466, -0.000902117, -0.000358904, -0.0189777, -0.0760962
619693, 10.621, 0.0474573, 0.0346812, 0.0980393, 0.134761, -0.131487, -0.0345415, -0.0420344, 0.00207384, 0.000755925, 0.039498, 0.419425, 0.028471, 0.546675, 0.0694742, 0.19265, 0.990891, -0.0443752, 0.127141, -0.0245041, -0.9878, -0.153789, 0.132415, 0.149273, -0.97989, -0.00439511, 0.000970919, -0.00701391, -0.0162914, 0.0114782, 0.0891299, 0.786775, 0.200823, -0.672616, -2.29551, 0.474681, 2.55628, -0.216382, 0.00255913, 0.0123393, -0.000549064, 0.000136904, -6.1736e-05, -0.0165293, -0.0858367
630019, 10.631, 0.0474027, 0.0346997, 0.0979664, 0.134667, -0.131282, -0.0334825, -0.0377279, 0.00457627, -0.00675435, 0.039747, 0.419498, 0.028608, 0.546621, 0.0694927, 0.192577, 0.990956, -0.0432959, 0.12701, -0.0234705, -0.987851, -0.153623, 0.132119, 0.149252, -0.979933, -0.00597878, 0.00121498, -0.00750424, -0.0160953, 0.0167998, 0.114495, 0.786795, 0.200936, -0.672608, -2.29551, 0.474675, 2.55606, -0.217399, 0.000371668, 0.0113187, 0.00046735, 0.000762343, -6.05158e-05, -0.0272648, -0.110913
640303, 10.642, 0.047338, 0.0347121, 0.0978822, 0.134558, -0.131053, -0.0322028, -0.0334583, 0.00213182, 0.000766701, 0.039935, 0.41932, 0.028475, 0.546556, 0.0695051, 0.192493, 0.99103, -0.0419932, 0.126871, -0.0222196, -0.98791, -0.153426, 0.13178, 0.14923, -0.979982, -0.00618785, 0.00111967, -0.00792467, -0.0183152, 0.0122695, 0.123173, 0.786803, 0.201058, -0.672599, -2.29552, 0.474669, 2.55581, -0.218649, 0.000188548, 0.0105999, 0.00165348, -0.00235472, 0.000175878, -0.0211567, -0.120452
650613, 10.652, 0.0472858, 0.0347266, 0.0978159, 0.134458, -0.130872, -0.0308575, -0.0250145, 0.00204857, 0.000686035, 0.039483, 0.419221, 0.028475, 0.546504, 0.0695196, 0.192427, 0.991098, -0.0406286, 0.126783, -0.0208985, -0.987969, -0.153234, 0.131483, 0.14922, -0.980023, -0.00458686, 0.00103472, -0.00682719, -0.0220687, 0.00410219, 0.143126, 0.786817, 0.201162, -0.672598, -2.29551, 0.474664, 2.55557, -0.219965, 0.00052607, 0.0112651, 0.00121621, 8.65933e-05, 5.7059e-05, -0.0179156, -0.141085
660903, 10.662, 0.047228, 0.0347442, 0.0977423, 0.134346, -0.130688, -0.0293628, -0.0291552, -0.00541932, 0.000705876, 0.039617, 0.418896, 0.028477, 0.546446, 0.0695372, 0.192353, 0.991169, -0.0391138, 0.126702, -0.0194292, -0.988032, -0.153022, 0.131171, 0.149209, -0.980067, -0.00482197, 0.000782418, -0.00484338, -0.017913, 0.00212082, 0.149876, 0.786826, 0.201271, -0.672584, -2.29551, 0.47466, 2.55533, -0.221427, -0.00130897, 0.00501506, 0.00128804, -0.00097427, 0.0004916, -0.020714, -0.149737
671195, 10.673, 0.0471631, 0.0347689, 0.0976626, 0.134214, -0.1305, -0.0274964, -0.0334288, -0.00797734, -0.00702334, 0.039369, 0.41908, 0.028342, 0.546381, 0.0695619, 0.192274, 0.99125, -0.0372256, 0.126642, -0.0175903, -0.988106, -0.152764, 0.130823, 0.1492, -0.980115, -0.00635939, 0.00260486, -0.00825948, -0.0255199, 0.00591852, 0.1775, 0.786847, 0.201387, -0.672571, -2.29551, 0.474654, 2.55506, -0.223249, 0.000658226, 0.0116424, 0.00377517, -0.00138674, -0.000663224, -0.022491, -0.172251
681404, 10.683, 0.0470969, 0.0347949, 0.0975843, 0.134087, -0.130311, -0.0255723, -0.033424, -0.0130352, 0.000677329, 0.039087, 0.418957, 0.028475, 0.546315, 0.0695879, 0.192195, 0.991328, -0.03528, 0.126585, -0.0156937, -0.988178, -0.152508, 0.130469, 0.149199, -0.980162, -0.00798389, 0.00411594, -0.00812728, -0.0240882, 0.0111481, 0.199799, 0.786866, 0.201497, -0.672556, -2.29551, 0.474649, 2.55478, -0.225129, 0.00514486, 0.00987137, 0.000247786, -0.000695459, 0.000149011, -0.0336809, -0.192472
691665, 10.693, 0.0470134, 0.034832, 0.097499, 0.133979, -0.130056, -0.0235756, -0.0334382, -0.0229296, 0.000529239, 0.038966, 0.418966, 0.028343, 0.546231, 0.069625, 0.19211, 0.991413, -0.0332586, 0.126467, -0.0137288, -0.988244, -0.152267, 0.130044, 0.149223, -0.980215, -0.0078122, 0.00410901, -0.00705722, -0.0214557, 0.0105103, 0.198123, 0.786898, 0.201597, -0.672542, -2.29552, 0.474645, 2.55443, -0.227066, 0.0032509, 0.00718257, 0.00142548, -0.000444146, 0.000156741, -0.0349003, -0.191264
701955, 10.703, 0.0469232, 0.0348715, 0.0974103, 0.133883, -0.129739, -0.0215561, -0.037665, -0.0304619, 0.00814254, 0.038657, 0.418896, 0.028341, 0.546141, 0.0696645, 0.192021, 0.991502, -0.031211, 0.126288, -0.0117455, -0.988305, -0.152035, 0.129557, 0.14926, -0.980274, -0.0107529, 0.00536857, -0.0101135, -0.0218144, 0.025306, 0.202223, 0.786931, 0.201706, -0.672536, -2.29551, 0.474637, 2.554, -0.229018, 0.00257726, 0.0105684, 0.00376361, -0.00081912, -0.00193469, -0.0469276, -0.190032
712188, 10.714, 0.0468, 0.0349296, 0.0973006, 0.133803, -0.129305, -0.0192894, -0.0418567, -0.0281841, 0.00824878, 0.038248, 0.418947, 0.028472, 0.546018, 0.0697226, 0.191912, 0.991608, -0.0289092, 0.126008, -0.00952423, -0.988365, -0.151804, 0.12893, 0.14933, -0.980346, -0.012766, 0.00761247, -0.00931304, -0.0144432, 0.0342475, 0.210335, 0.786977, 0.201814, -0.67252, -2.29552, 0.474629, 2.55345, -0.231189, 0.00239495, 0.00578476, 0.00519838, -0.000111315, -0.000536216, -0.0612253, -0.195477
722569, 10.724, 0.0466787, 0.0349932, 0.0971937, 0.133737, -0.128859, -0.0171356, -0.046049, -0.0307013, 0.00817478, 0.038221, 0.419001, 0.028337, 0.545897, 0.0697862, 0.191805, 0.991707, -0.0267204, 0.125708, -0.00741569, -0.988415, -0.151595, 0.128302, 0.149405, -0.980417, -0.0113342, 0.00938598, -0.0100057, -0.0229182, 0.0251205, 0.232565, 0.787025, 0.201922, -0.672499, -2.29552, 0.474622, 2.55289, -0.233237, 0.0103696, 0.0114028, 0.00229716, 0.00141664, -0.000384342, -0.052503, -0.214403
732962, 10.734, 0.0465425, 0.035063, 0.0970753, 0.133672, -0.128362, -0.014831, -0.0502501, -0.0381905, 0.000532227, 0.037912, 0.419188, 0.028337, 0.545761, 0.069856, 0.191686, 0.991811, -0.0243774, 0.125367, -0.0051608, -0.988463, -0.151376, 0.127611, 0.14949, -0.980494, -0.015857, 0.00753103, -0.013536, -0.0212957, 0.0400317, 0.238013, 0.787074, 0.202034, -0.672471, -2.29553, 0.474612, 2.55228, -0.235424, 0.00594647, 0.0105371, 0.00315799, -0.00520656, -0.000218045, -0.0631089, -0.222665
743212, 10.745, 0.0463734, 0.0351557, 0.0969363, 0.133611, -0.127747, -0.0119619, -0.0586892, -0.0382667, 0.00822301, 0.037921, 0.419542, 0.028333, 0.545591, 0.0699487, 0.191547, 0.991931, -0.0214622, 0.124947, -0.0023518, -0.988512, -0.151127, 0.126755, 0.149614, -0.980586, -0.0177115, 0.010465, -0.0144661, -0.0227189, 0.0469754, 0.278418, 0.787127, 0.202152, -0.672423, -2.29554, 0.474598, 2.55151, -0.238139, 0.00656388, 0.0116569, 0.00584006, -0.00222499, -0.0012417, -0.0775685, -0.256766
753439, 10.755, 0.0461904, 0.0352513, 0.0967942, 0.133562, -0.127087, -0.00895996, -0.071315, -0.0408519, 0.00821463, 0.037902, 0.419697, 0.028196, 0.545408, 0.0700443, 0.191405, 0.99205, -0.0184119, 0.124489, 0.000586813, -0.988551, -0.150883, 0.125842, 0.149757, -0.980682, -0.0216048, 0.0117998, -0.0168885, -0.0223761, 0.0590327, 0.312094, 0.787188, 0.202255, -0.672385, -2.29556, 0.474576, 2.55068, -0.240979, 0.00907405, 0.011803, 0.00423953, -0.00430696, 0.000367834, -0.0932607, -0.288832
763690, 10.765, 0.0459833, 0.0353596, 0.0966416, 0.133536, -0.126303, -0.00564726, -0.0796385, -0.035986, 0.015859, 0.038192, 0.419665, 0.028059, 0.545201, 0.0701526, 0.191253, 0.992177, -0.0150439, 0.123928, 0.00382683, -0.988581, -0.150643, 0.12478, 0.149939, -0.98079, -0.0212809, 0.0110428, -0.0148125, -0.0253443, 0.0576865, 0.347247, 0.787231, 0.202358, -0.672329, -2.29556, 0.474539, 2.54968, -0.244101, 0.00366206, 0.00805975, 0.00618928, -0.000339234, -0.007704, -0.103152, -0.319626
773934, 10.775, 0.0457427, 0.0354811, 0.0964656, 0.133508, -0.125393, -0.00210224, -0.08368, -0.0335532, 0.00842683, 0.038448, 0.41984, 0.028193, 0.544961, 0.0702741, 0.191077, 0.992309, -0.0114349, 0.123257, 0.00728814, -0.9886, -0.15039, 0.123572, 0.150131, -0.980913, -0.0236056, 0.00900039, -0.0172986, -0.0308142, 0.0683367, 0.366586, 0.787289, 0.202467, -0.672271, -2.29558, 0.474473, 2.54856, -0.247409, 0.000351586, 0.010908, 0.00548143, -0.000546707, -0.014522, -0.114599, -0.336037
784117, 10.785, 0.0454677, 0.0356188, 0.0962724, 0.133539, -0.124308, 0.00140848, -0.0918895, -0.0237858, 0.0163173, 0.038799, 0.419802, 0.028324, 0.544686, 0.0704118, 0.190883, 0.992449, -0.007852, 0.122408, 0.0107042, -0.988598, -0.150201, 0.122192, 0.150377, -0.981048, -0.0268829, 0.0119997, -0.0199852, -0.0236733, 0.0831544, 0.364348, 0.787351, 0.202573, -0.67221, -2.2956, 0.474416, 2.54726, -0.250665, 0.00700776, 0.0137977, 0.00285973, -0.00148022, -0.00509963, -0.127442, -0.334742
794277, 10.796, 0.0451257, 0.0357829, 0.0960371, 0.133626, -0.122936, 0.00540685, -0.0831807, -0.0188215, 0.0162237, 0.038852, 0.419697, 0.028191, 0.544344, 0.0705759, 0.190648, 0.992608, -0.00376539, 0.121305, 0.0145865, -0.988572, -0.150043, 0.120484, 0.150703, -0.98121, -0.0313047, 0.0147002, -0.0217817, -0.0156987, 0.101719, 0.380831, 0.787415, 0.20269, -0.672138, -2.29563, 0.474371, 2.54564, -0.254381, 0.00796057, 0.0121854, 0.00367273, -0.00200134, -0.000929613, -0.149832, -0.349037
804432, 10.806, 0.0447847, 0.0359376, 0.095798, 0.133729, -0.12158, 0.00921844, -0.0828408, -0.0188598, 0.0162885, 0.039073, 0.419315, 0.028193, 0.544003, 0.0707306, 0.190409, 0.992749, 0.000132397, 0.120207, 0.0182845, -0.988529, -0.149917, 0.118808, 0.151028, -0.981364, -0.0346763, 0.015546, -0.0246871, -0.0141031, 0.11418, 0.391707, 0.787462, 0.202809, -0.672058, -2.29568, 0.474357, 2.54407, -0.257951, 0.00625875, 0.0137131, 0.00634132, -0.0045233, 0.000126675, -0.160358, -0.358418
