timestamp, robot_time[1], robot_ee_pos_error[3], robot_ee_ori_error[3], sensed_forces_moments[6], robot_ee_position[3], robot_ee_orientation[9], robot_ee_linear_velocity[3], robot_ee_angular_velocity[3], joint_angles[7], joint_velocities[7], 
10323, 10.012, 0.0138427, 0.0292258, 0.0752492, 0.119766, -0.300566, -0.416056, -0.00346731, 0.00686676, 0.000114259, 0.043683, 0.418893, 0.030683, 0.513061, 0.0640188, 0.16986, 0.85774, -0.436452, 0.271646, -0.392016, -0.897142, -0.203614, 0.332573, 0.0681584, -0.940611, -0.000689172, -0.00184244, -0.00229493, -0.00280994, 0.0040628, -0.00225232, 0.534737, 0.115661, -0.362891, -2.55036, 0.340076, 2.99702, 0.293933, -0.000625991, 0.00449062, -0.00204679, -0.000644077, -3.77394e-05, 0.000285572, -0.000460291
20689, 10.022, 0.0138233, 0.0291796, 0.0752021, 0.119686, -0.300497, -0.416118, -0.0118569, 0.0462475, 0.015752, 0.044397, 0.419082, 0.030808, 0.513041, 0.0639726, 0.169813, 0.857735, -0.436496, 0.271592, -0.392097, -0.897126, -0.203529, 0.332491, 0.0680834, -0.940646, -0.00301473, -0.00366142, -0.00546107, -0.00548531, 0.0112787, -0.0055868, 0.534744, 0.115739, -0.362969, -2.55039, 0.340065, 2.99702, 0.293941, 0.00219294, 0.00760286, -0.00713319, -0.00504661, -0.00147621, -0.000127668, 0.00192257
30929, 10.0329, 0.0137901, 0.0290903, 0.0751277, 0.119558, -0.300385, -0.416241, -0.0161085, 0.0535675, 0.0387144, 0.044493, 0.419121, 0.030802, 0.513008, 0.0638833, 0.169739, 0.857715, -0.436591, 0.271501, -0.39225, -0.89709, -0.203396, 0.332362, 0.0679597, -0.9407, -0.00301859, -0.0105163, -0.00843324, -0.00989091, 0.0164656, -0.0160046, 0.534737, 0.115852, -0.363103, -2.55045, 0.340066, 2.99702, 0.293934, -0.00255272, 0.0144776, -0.0143688, -0.00465577, 0.00012781, -0.000351645, -0.00115238
41141, 10.043, 0.0137434, 0.0289882, 0.0750207, 0.119386, -0.300218, -0.416384, -0.0203284, 0.0461157, 0.0387224, 0.044406, 0.419178, 0.030803, 0.512961, 0.0637812, 0.169632, 0.857705, -0.436696, 0.271363, -0.392436, -0.89705, -0.203211, 0.332168, 0.0678023, -0.94078, -0.00507836, -0.0114769, -0.0113259, -0.0117184, 0.0224635, -0.0184506, 0.534727, 0.116023, -0.363248, -2.55052, 0.340067, 2.99701, 0.293935, -0.00226024, 0.0175786, -0.0152618, -0.0084591, 1.50844e-05, 0.000135462, 0.000695376
51319, 10.0529, 0.0136819, 0.0288588, 0.074878, 0.11916, -0.299997, -0.416566, -0.0203154, 0.0460303, 0.0310862, 0.044184, 0.419309, 0.030802, 0.5129, 0.0636518, 0.169489, 0.857696, -0.436827, 0.271182, -0.392673, -0.897002, -0.202965, 0.331911, 0.067597, -0.940886, -0.00386022, -0.0138274, -0.0130305, -0.0143887, 0.0270645, -0.0221293, 0.534707, 0.116254, -0.363422, -2.55061, 0.340067, 2.997, 0.293939, -0.00337427, 0.024813, -0.0188799, -0.00279901, -0.000186066, -0.0041079, 0.00056028
61489, 10.0629, 0.0136039, 0.0287132, 0.0747025, 0.118889, -0.299718, -0.416763, -0.0245137, 0.0385524, 0.0311057, 0.044097, 0.419366, 0.030802, 0.512822, 0.0635062, 0.169313, 0.8577, -0.436962, 0.270952, -0.392937, -0.896955, -0.202664, 0.331588, 0.0673578, -0.941017, -0.00720957, -0.0146726, -0.0170104, -0.0180683, 0.0342402, -0.0216706, 0.534683, 0.116535, -0.363612, -2.55072, 0.340068, 2.99698, 0.293937, 4.2835e-05, 0.0281539, -0.0217545, -0.00993169, 6.56033e-05, -0.00156357, -0.000193088
71682, 10.0729, 0.0135131, 0.0285501, 0.0745056, 0.11859, -0.29938, -0.416989, -0.0244214, 0.0384961, 0.0388006, 0.04432, 0.419235, 0.030803, 0.512731, 0.0633431, 0.169117, 0.857711, -0.437118, 0.270667, -0.393241, -0.896898, -0.202326, 0.331201, 0.0670997, -0.941171, -0.00938941, -0.0176311, -0.0205832, -0.01919, 0.0466529, -0.0258891, 0.53464, 0.116841, -0.363814, -2.55084, 0.340068, 2.99692, 0.293937, -0.00783257, 0.0318873, -0.0193922, -0.0114645, 3.81001e-05, -0.00926643, -0.000685314
81868, 10.0829, 0.0133883, 0.0283635, 0.0742616, 0.118235, -0.298916, -0.417251, -0.0327603, 0.0285519, 0.0235067, 0.044427, 0.419221, 0.030671, 0.512606, 0.0631565, 0.168873, 0.857747, -0.437292, 0.270268, -0.3936, -0.896834, -0.201908, 0.330679, 0.0668089, -0.941376, -0.0102769, -0.0197299, -0.0228944, -0.0231909, 0.04904, -0.0273511, 0.534598, 0.117193, -0.364052, -2.551, 0.340069, 2.99679, 0.293937, -0.00519845, 0.0336569, -0.0219438, -0.0113921, 8.31561e-06, -0.00466169, 7.7974e-05
92035, 10.0939, 0.0132527, 0.0281698, 0.0739884, 0.117842, -0.298396, -0.417528, -0.0284684, 0.0210568, 0.0158482, 0.04411, 0.419307, 0.030673, 0.512471, 0.0629628, 0.168599, 0.857797, -0.437472, 0.269821, -0.393984, -0.89677, -0.201443, 0.330093, 0.0664917, -0.941604, -0.0132566, -0.0186434, -0.0261626, -0.0216076, 0.0600469, -0.0307374, 0.534558, 0.117601, -0.364298, -2.55116, 0.340069, 2.99664, 0.293948, -0.00654698, 0.0384271, -0.0206153, -0.017089, 0.000195675, -0.0112613, 0.00437615
102202, 10.1039, 0.0131085, 0.0279877, 0.0737048, 0.11744, -0.297859, -0.417765, -0.0283648, 0.0209471, 0.0159013, 0.04411, 0.419307, 0.030673, 0.512327, 0.0627807, 0.168316, 0.857871, -0.437609, 0.269362, -0.394332, -0.896727, -0.200957, 0.329484, 0.0661768, -0.941839, -0.0130368, -0.0200922, -0.0277666, -0.0258381, 0.0631138, -0.0275033, 0.534524, 0.118022, -0.364524, -2.55133, 0.340068, 2.99649, 0.293939, -0.00593907, 0.0433692, -0.023731, -0.0149097, -0.000196729, -0.012811, -0.00105004
112378, 10.1139, 0.0129657, 0.0278079, 0.0734197, 0.117041, -0.297313, -0.418014, -0.0282588, 0.0208379, 0.0159549, 0.04411, 0.419307, 0.030673, 0.512184, 0.0626009, 0.168031, 0.857942, -0.437759, 0.268892, -0.394692, -0.896677, -0.200473, 0.328868, 0.0658646, -0.942076, -0.0131531, -0.0197807, -0.0288347, -0.0262332, 0.0660902, -0.0272244, 0.534475, 0.118451, -0.364732, -2.55149, 0.340069, 2.99633, 0.293945, -0.00790367, 0.0461766, -0.0211249, -0.0134499, 0.000256308, -0.0146485, -0.000828864
122550, 10.1239, 0.0128106, 0.0276183, 0.0731113, 0.116613, -0.2967, -0.418273, -0.032389, 0.013309, 0.0159943, 0.044024, 0.419364, 0.030673, 0.512029, 0.0624113, 0.167722, 0.858031, -0.437909, 0.268361, -0.395072, -0.896627, -0.199946, 0.328178, 0.065538, -0.94234, -0.015301, -0.0185349, -0.0306789, -0.0268955, 0.0736073, -0.0229411, 0.534414, 0.118914, -0.364945, -2.55165, 0.34007, 2.99612, 0.293945, -0.00527588, 0.0465598, -0.021311, -0.0158575, -0.00107945, -0.0196239, -0.0010398
132710, 10.1339, 0.0126511, 0.0274268, 0.0727928, 0.116174, -0.296063, -0.418539, -0.0279915, 0.0107368, 0.00829557, 0.043988, 0.419064, 0.030541, 0.511869, 0.0622198, 0.167404, 0.858125, -0.438064, 0.267809, -0.395462, -0.896576, -0.199404, 0.327463, 0.0652052, -0.942611, -0.0163536, -0.0207082, -0.0331009, -0.0276579, 0.0807397, -0.0282072, 0.534335, 0.119395, -0.365142, -2.55181, 0.34007, 2.9959, 0.293951, -0.00805341, 0.0504306, -0.0221938, -0.0161202, 0.000146926, -0.0231614, -7.9365e-05
142843, 10.1439, 0.0124875, 0.0272451, 0.0724557, 0.115715, -0.295401, -0.418787, -0.0321766, 0.00321799, 0.0159694, 0.043903, 0.419373, 0.03054, 0.511706, 0.0620381, 0.167067, 0.858235, -0.438196, 0.267238, -0.395839, -0.896536, -0.198833, 0.326716, 0.0648625, -0.942894, -0.0170607, -0.0220526, -0.0359844, -0.0308402, 0.0853073, -0.0301941, 0.534261, 0.119923, -0.365319, -2.55196, 0.340075, 2.99568, 0.293957, -0.0106878, 0.0568101, -0.0210647, -0.0161959, 5.73618e-05, -0.0220573, 0.000360023
153015, 10.1549, 0.0123057, 0.0270648, 0.0720709, 0.115196, -0.294657, -0.419016, -0.0235537, -0.0018197, 0.0160712, 0.043835, 0.419275, 0.030677, 0.511524, 0.0618578, 0.166682, 0.858384, -0.438294, 0.2666, -0.396214, -0.896516, -0.198179, 0.325872, 0.0644827, -0.943212, -0.0172017, -0.0165291, -0.0358834, -0.0294767, 0.0870838, -0.0195504, 0.534193, 0.120546, -0.365486, -2.55211, 0.340073, 2.99544, 0.293962, -0.0082007, 0.0574251, -0.0135809, -0.0134791, 0.000405706, -0.0256002, -0.000205513
163185, 10.1649, 0.0121532, 0.0269022, 0.0717209, 0.114716, -0.294013, -0.41922, -0.0233588, 0.00302585, 0.00082406, 0.044116, 0.419146, 0.030545, 0.511371, 0.0616952, 0.166332, 0.858508, -0.438381, 0.266056, -0.396548, -0.896499, -0.197583, 0.325135, 0.0641226, -0.943491, -0.0150122, -0.0176702, -0.0364398, -0.0332792, 0.0810733, -0.0232521, 0.53413, 0.121147, -0.36563, -2.55222, 0.340074, 2.99526, 0.293969, -0.00695165, 0.0646285, -0.0158794, -0.00973347, 0.000103877, -0.0169595, 0.00203958
173423, 10.1749, 0.0120186, 0.0267406, 0.071371, 0.114224, -0.29341, -0.419412, -0.0190318, 0.00527024, 0.000924255, 0.043698, 0.419096, 0.030678, 0.511237, 0.0615336, 0.165982, 0.858625, -0.438456, 0.265555, -0.396869, -0.896489, -0.196982, 0.324435, 0.063743, -0.943758, -0.0127217, -0.0150559, -0.0342695, -0.034667, 0.0721638, -0.0147954, 0.534069, 0.121794, -0.365771, -2.55229, 0.340075, 2.99512, 0.293972, -0.00480537, 0.064824, -0.0133282, -0.00586225, -0.000436485, -0.0117336, -0.0019043
183601, 10.1849, 0.011894, 0.0265767, 0.0710276, 0.113734, -0.292846, -0.419606, -0.0147005, 0.00277731, -0.00676874, 0.043886, 0.419175, 0.030547, 0.511112, 0.0613697, 0.165639, 0.858726, -0.438537, 0.265093, -0.397189, -0.896477, -0.196393, 0.323775, 0.0633557, -0.944011, -0.011595, -0.0140709, -0.0335883, -0.0351189, 0.0664722, -0.0138889, 0.533999, 0.122448, -0.365905, -2.55235, 0.340078, 2.99502, 0.293975, -0.00634197, 0.0660073, -0.00945955, -0.00474643, 3.57762e-05, -0.0057507, -0.00152731
193779, 10.1949, 0.0117784, 0.0264114, 0.0706775, 0.113226, -0.292307, -0.419799, -0.0103836, -0.00472843, -0.00677308, 0.043791, 0.41913, 0.030549, 0.510996, 0.0612044, 0.165289, 0.85882, -0.438616, 0.264659, -0.397508, -0.896467, -0.195791, 0.323135, 0.0629454, -0.944257, -0.0103159, -0.0169925, -0.0326011, -0.0336453, 0.0618936, -0.0240745, 0.533934, 0.123146, -0.36604, -2.55239, 0.34008, 2.99496, 0.293984, -0.00787572, 0.0658866, -0.0129959, -0.00403755, 0.00363514, -0.00189492, 0.000108579
203985, 10.2059, 0.0116764, 0.0262347, 0.0703096, 0.112675, -0.291783, -0.419996, -0.0145106, 0.002497, -0.00665737, 0.043886, 0.419175, 0.030547, 0.510894, 0.0610277, 0.164921, 0.858906, -0.438694, 0.26425, -0.397836, -0.896461, -0.19515, 0.322502, 0.0624873, -0.944504, -0.00826566, -0.0175952, -0.0325787, -0.037535, 0.0587451, -0.023587, 0.533885, 0.12393, -0.366203, -2.55239, 0.340079, 2.99494, 0.293994, -0.00438845, 0.0710306, -0.0178216, 0.000806736, -0.000369126, 0.000599912, 0.00191782
214156, 10.2159, 0.0115912, 0.0260597, 0.0699735, 0.112156, -0.291332, -0.420179, -0.0144422, 0.00730295, -0.00668809, 0.043946, 0.419172, 0.030412, 0.510809, 0.0608527, 0.164585, 0.858974, -0.438767, 0.263907, -0.398139, -0.896456, -0.194556, 0.321946, 0.0620468, -0.944723, -0.00857258, -0.0163787, -0.0324191, -0.038149, 0.0585879, -0.0196181, 0.533845, 0.124665, -0.366379, -2.55238, 0.340076, 2.99495, 0.293988, -0.000260105, 0.0703491, -0.0196129, 0.000277411, -0.00122855, 0.000481418, 0.00100508
224327, 10.2259, 0.0115056, 0.0258792, 0.0696491, 0.111654, -0.290886, -0.420385, -0.0227709, 0.00710394, -0.01421, 0.043953, 0.419021, 0.030411, 0.510724, 0.0606722, 0.16426, 0.859028, -0.438867, 0.263565, -0.398461, -0.896437, -0.193984, 0.321403, 0.0616176, -0.944936, -0.00829921, -0.0204303, -0.0318542, -0.0342999, 0.0582747, -0.0318708, 0.533809, 0.125365, -0.366573, -2.55238, 0.34008, 2.99495, 0.293987, -0.00949083, 0.0682792, -0.0178727, -0.000363712, 0.00549607, -8.50266e-05, -0.000263958
234517, 10.236, 0.0114265, 0.0257021, 0.069336, 0.111164, -0.29046, -0.420586, -0.0226875, 0.00202837, -0.0140838, 0.043892, 0.419025, 0.030546, 0.510645, 0.0604951, 0.163947, 0.859078, -0.438965, 0.26324, -0.398774, -0.896418, -0.193428, 0.320881, 0.0611963, -0.94514, -0.00726556, -0.0168798, -0.0303228, -0.0383653, 0.0485583, -0.0194114, 0.533784, 0.12605, -0.366776, -2.55237, 0.340078, 2.99495, 0.29399, -0.00262246, 0.0676883, -0.0176703, -0.000839874, -4.25002e-05, 0.00943445, -0.00187072
244765, 10.246, 0.0113443, 0.0255319, 0.0690272, 0.110684, -0.290035, -0.420781, -0.0226471, -0.00292495, -0.0218782, 0.044053, 0.419157, 0.03028, 0.510562, 0.0603249, 0.163638, 0.859129, -0.439059, 0.262914, -0.39908, -0.896399, -0.192881, 0.320363, 0.0607861, -0.945343, -0.00775865, -0.0156819, -0.0288948, -0.0343725, 0.0522253, -0.0192535, 0.533771, 0.126718, -0.366978, -2.55237, 0.340079, 2.99495, 0.293996, 0.00205179, 0.0626044, -0.021522, -0.000260912, -0.000150804, 0.00054731, 2.00008e-05
255080, 10.257, 0.0112661, 0.0253768, 0.0687262, 0.110218, -0.289624, -0.420949, -0.0225673, -0.00798549, -0.0217639, 0.043993, 0.419161, 0.030415, 0.510484, 0.0601698, 0.163337, 0.859189, -0.43913, 0.262601, -0.399355, -0.896392, -0.192347, 0.319858, 0.0603915, -0.945539, -0.00600383, -0.0130841, -0.0259324, -0.0314974, 0.0462579, -0.0151725, 0.53377, 0.127377, -0.367166, -2.55236, 0.34008, 2.99495, 0.293998, 0.00282423, 0.0588145, -0.0185331, 0.0030702, 0.000278093, 0.000133812, -0.000537588
265416, 10.267, 0.011201, 0.0252504, 0.0684718, 0.109825, -0.289283, -0.421079, -0.0267232, -0.0155574, -0.0370171, 0.043683, 0.419096, 0.030416, 0.510419, 0.0600434, 0.163083, 0.859243, -0.439178, 0.262343, -0.399576, -0.89639, -0.191895, 0.319438, 0.0600588, -0.945702, -0.00754526, -0.00906593, -0.0271207, -0.030901, 0.0486699, -0.00726138, 0.533766, 0.127938, -0.367312, -2.55235, 0.340078, 2.99496, 0.293999, -2.26431e-05, 0.0591857, -0.00755368, 0.00095534, 0.000608198, 0.000832683, -0.000889088
275656, 10.277, 0.0111509, 0.0251449, 0.0682599, 0.109495, -0.289004, -0.421191, -0.0224489, -0.0179925, -0.0447367, 0.04387, 0.419175, 0.030285, 0.510369, 0.0599379, 0.162871, 0.859285, -0.439221, 0.262134, -0.399762, -0.896388, -0.191518, 0.319092, 0.0597777, -0.945837, -0.00431625, -0.00958084, -0.0209514, -0.0261262, 0.0365048, -0.00922862, 0.533769, 0.128416, -0.36744, -2.55233, 0.340078, 2.99497, 0.294003, 0.000926896, 0.0490176, -0.0118237, 0.00423989, -0.000120007, 0.000669785, -0.00141753
285914, 10.287, 0.0111174, 0.0250633, 0.068093, 0.109231, -0.288796, -0.421273, -0.0139638, -0.0229799, -0.0523337, 0.04358, 0.419207, 0.030422, 0.510335, 0.0598563, 0.162704, 0.859317, -0.439249, 0.261982, -0.399902, -0.896389, -0.191219, 0.318831, 0.0595509, -0.945939, -0.00333604, -0.00857493, -0.0166459, -0.0214662, 0.0268199, -0.0109971, 0.53377, 0.128808, -0.367536, -2.5523, 0.340077, 2.99499, 0.294005, 0.0038995, 0.0393062, -0.0137752, 0.00215012, -0.000362335, 0.00412582, 0.0012852
296165, 10.298, 0.0111022, 0.0250009, 0.0679637, 0.10902, -0.288654, -0.421332, -0.0139418, -0.0230328, -0.0523169, 0.04358, 0.419207, 0.030422, 0.51032, 0.0597939, 0.162575, 0.859337, -0.439267, 0.261885, -0.400006, -0.896393, -0.190985, 0.318645, 0.0593649, -0.946013, 0.00012274, -0.00530967, -0.00867636, -0.0134835, 0.0104707, -0.00671436, 0.533778, 0.129139, -0.367615, -2.55225, 0.340078, 2.99502, 0.294006, 0.00106399, 0.0249167, -0.00761624, 0.00512985, -0.00028837, 0.00550887, 0.000138531
306404, 10.308, 0.0111122, 0.0249557, 0.0678919, 0.108887, -0.288605, -0.421374, -0.00964615, -0.0254538, -0.0676893, 0.043767, 0.419034, 0.030292, 0.51033, 0.0597487, 0.162503, 0.859334, -0.439286, 0.261864, -0.400073, -0.896392, -0.190848, 0.31857, 0.0592369, -0.946047, 0.00191721, -0.00596697, -0.00489625, -0.0102093, 0.00156103, -0.00946238, 0.533773, 0.129366, -0.367669, -2.55218, 0.340077, 2.99506, 0.294005, -0.00129077, 0.018076, -0.00759836, 0.00560334, -0.000223856, 0.00811045, 0.000243219
316646, 10.318, 0.0111479, 0.0249408, 0.0678766, 0.108834, -0.288662, -0.421374, -0.00546679, -0.0229629, -0.0599718, 0.043794, 0.419232, 0.030426, 0.510366, 0.0597338, 0.162488, 0.859315, -0.439282, 0.261934, -0.400077, -0.896399, -0.190807, 0.318615, 0.0591699, -0.946036, 0.00282199, -0.00140935, -0.00218852, -0.00742801, -0.00423502, -0.000628511, 0.533781, 0.129497, -0.367695, -2.55209, 0.340078, 2.99513, 0.293997, 0.00125735, 0.0133326, -0.00235625, 0.00692896, -5.31449e-05, 0.00879934, -0.00107892
326890, 10.328, 0.011203, 0.0249267, 0.0679129, 0.108846, -0.288789, -0.421391, -0.0055203, -0.0180726, -0.0524515, 0.043633, 0.419102, 0.030289, 0.510421, 0.0597197, 0.162524, 0.859264, -0.439308, 0.262055, -0.400082, -0.896387, -0.190853, 0.318746, 0.0591494, -0.945993, 0.00727458, -0.00108689, 0.00556318, -0.000138031, -0.0154401, -0.00136031, 0.533775, 0.129524, -0.367726, -2.55199, 0.340076, 2.99519, 0.293994, 0.00100896, 0.0013092, -0.00561364, 0.0147397, -0.00137651, 0.00156791, -0.00153649
337132, 10.338, 0.0112839, 0.0249208, 0.0679945, 0.108913, -0.288996, -0.421401, -0.00551338, -0.0131463, -0.0522388, 0.043694, 0.419096, 0.030557, 0.510502, 0.0597138, 0.162606, 0.859189, -0.439341, 0.262246, -0.400065, -0.89637, -0.19097, 0.318971, 0.0591635, -0.945916, 0.00578677, -0.00210333, 0.00566379, 0.00173401, -0.015885, -0.00599389, 0.533775, 0.129483, -0.367764, -2.55186, 0.340069, 2.99526, 0.293992, 2.23212e-05, -0.00272595, -0.00590361, 0.00919186, -0.000189179, 0.00417355, 0.000329477
347468, 10.349, 0.0113863, 0.024931, 0.0681087, 0.109021, -0.289272, -0.42139, -0.00135982, -0.0155375, -0.0524123, 0.043659, 0.419048, 0.030424, 0.510604, 0.059724, 0.16272, 0.859101, -0.439364, 0.262497, -0.400014, -0.896356, -0.191141, 0.319271, 0.0592074, -0.945812, 0.0096078, -0.00011878, 0.0112909, 0.00495764, -0.0325911, -0.00442529, 0.533779, 0.129403, -0.367785, -2.5517, 0.340067, 2.99535, 0.293986, 0.000683179, -0.00923656, -0.00401562, 0.0130083, -0.000399355, 0.0117781, 0.000874376
357788, 10.359, 0.0115109, 0.0249426, 0.0682557, 0.109165, -0.289611, -0.421377, -0.00144176, -0.00565755, -0.0293915, 0.043782, 0.419034, 0.030554, 0.510729, 0.0597356, 0.162867, 0.858992, -0.439395, 0.262802, -0.399952, -0.896336, -0.191363, 0.319643, 0.059271, -0.945682, 0.0132484, 0.000844992, 0.016325, 0.00796941, -0.0450958, -0.00269981, 0.533781, 0.129282, -0.367813, -2.55151, 0.340065, 2.99545, 0.293973, -0.000140998, -0.0148498, -0.00304355, 0.0182183, -8.95285e-06, 0.0143121, -0.00120365
368027, 10.369, 0.011649, 0.0249567, 0.0684169, 0.109323, -0.289972, -0.421363, -0.00999387, -0.000713134, -0.0294529, 0.04385, 0.419132, 0.030417, 0.510867, 0.0597497, 0.163028, 0.858876, -0.439428, 0.263126, -0.399883, -0.896315, -0.191604, 0.32004, 0.0593444, -0.945544, 0.0108038, 8.05886e-05, 0.0129162, 0.00846747, -0.0334337, -0.00704313, 0.533781, 0.129153, -0.367842, -2.55129, 0.340064, 2.99554, 0.293958, 8.65379e-05, -0.0111219, -0.0039549, 0.016469, 0.00289727, 0.00763337, 0.00060478
378318, 10.38, 0.0118107, 0.0249622, 0.0686075, 0.109507, -0.290382, -0.421359, -0.0142955, 0.00671996, -0.0294287, 0.043944, 0.419177, 0.030414, 0.511029, 0.0597552, 0.163218, 0.858738, -0.439478, 0.263493, -0.399817, -0.896285, -0.191884, 0.320493, 0.0594291, -0.945385, 0.0148321, -0.00135312, 0.0167386, 0.00712869, -0.0432222, -0.00458392, 0.53377, 0.128993, -0.36789, -2.55103, 0.340059, 2.99562, 0.293934, -0.000339566, -0.0127318, -0.00815554, 0.0236392, -0.00036904, 0.00835118, -0.003509
388591, 10.3899, 0.0119621, 0.0249663, 0.0687878, 0.109675, -0.290757, -0.421327, -0.0186075, 0.0140768, -0.0217914, 0.043817, 0.419095, 0.030411, 0.51118, 0.0597593, 0.163399, 0.858625, -0.439496, 0.263829, -0.399727, -0.896271, -0.192136, 0.320905, 0.0595126, -0.94524, 0.0135246, -0.00197799, 0.0167913, 0.00682427, -0.0384773, 0.00122072, 0.533768, 0.128838, -0.367949, -2.55078, 0.340054, 2.99567, 0.293875, 0.000937935, -0.0162811, -0.0113084, 0.0218284, -0.000243131, 0.00158331, -0.0110473
398817, 10.3999, 0.012099, 0.0249493, 0.0689548, 0.109816, -0.291083, -0.421262, -0.0228653, 0.0215133, -0.0140995, 0.044134, 0.419009, 0.030409, 0.511317, 0.0597423, 0.163566, 0.858546, -0.439474, 0.264125, -0.399615, -0.896277, -0.192342, 0.321258, 0.0595856, -0.945115, 0.0138514, -0.003039, 0.0172608, 0.00524037, -0.0386999, 0.00526814, 0.533764, 0.128681, -0.368046, -2.55055, 0.340054, 2.99567, 0.293733, 0.000565274, -0.0170855, -0.01335, 0.0225548, -0.000245628, -0.000153997, -0.0176337
409012, 10.4109, 0.0122474, 0.0249119, 0.0691392, 0.109945, -0.291453, -0.42111, -0.0187571, 0.0289962, -0.00649029, 0.044221, 0.419204, 0.030407, 0.511465, 0.0597049, 0.16375, 0.858494, -0.439364, 0.264474, -0.399413, -0.896326, -0.192532, 0.321647, 0.0596528, -0.944979, 0.0122515, -0.00215734, 0.0156727, 0.00359726, -0.0356181, 0.011485, 0.533752, 0.128498, -0.368181, -2.55031, 0.340044, 2.99567, 0.293457, -0.00377857, -0.0163812, -0.00671561, 0.0195593, -0.000196138, 0.000496435, -0.0221176
419197, 10.421, 0.0123745, 0.0248644, 0.0693016, 0.110042, -0.291782, -0.42091, -0.0230478, 0.0363876, -0.00645677, 0.044316, 0.419248, 0.030405, 0.511593, 0.0596574, 0.163913, 0.858481, -0.439199, 0.264792, -0.399172, -0.896404, -0.192671, 0.321982, 0.0597063, -0.944861, 0.0130631, -0.00549406, 0.0158712, -0.00231133, -0.036962, 0.0184549, 0.533748, 0.128326, -0.368333, -2.55011, 0.340046, 2.99566, 0.293101, 0.000824683, -0.0153075, -0.0175927, 0.0207748, -2.2207e-05, 2.2829e-05, -0.0360939
429425, 10.431, 0.0124822, 0.0247856, 0.069446, 0.110092, -0.292085, -0.420661, -0.0231131, 0.0462951, 0.00895024, 0.04466, 0.419361, 0.030536, 0.5117, 0.0595786, 0.164057, 0.8585, -0.438975, 0.265099, -0.398892, -0.896512, -0.192748, 0.322276, 0.0597285, -0.944759, 0.0125385, -0.00467309, 0.0149532, -0.00833258, -0.0357121, 0.0360979, 0.533736, 0.128153, -0.368529, -2.54996, 0.340035, 2.99565, 0.292645, 0.0010948, -0.0137559, -0.0160979, 0.020644, -0.000391744, -0.000668621, -0.0524977
439659, 10.441, 0.012576, 0.0246797, 0.0695706, 0.1101, -0.292361, -0.420384, -0.0274069, 0.0586106, 0.00892063, 0.044815, 0.419402, 0.030399, 0.511794, 0.0594727, 0.164182, 0.858543, -0.438717, 0.265391, -0.398594, -0.896639, -0.192773, 0.322533, 0.0597205, -0.944673, 0.00862561, -0.011241, 0.0106878, -0.0150159, -0.0253166, 0.0329029, 0.533718, 0.127999, -0.368761, -2.54984, 0.340033, 2.99564, 0.292105, -0.00158619, -0.012243, -0.02457, 0.0113162, -0.00514824, -0.00155896, -0.0567275
449897, 10.451, 0.0126584, 0.0245387, 0.0696765, 0.110055, -0.292624, -0.420066, -0.0274641, 0.0536619, 0.00898379, 0.044755, 0.419406, 0.030534, 0.511876, 0.0593317, 0.164288, 0.85861, -0.438406, 0.265685, -0.398264, -0.896794, -0.192734, 0.32276, 0.059671, -0.944598, 0.0116498, -0.0150607, 0.0141914, -0.0141609, -0.0342285, 0.0290953, 0.533702, 0.127866, -0.369052, -2.54975, 0.34003, 2.99564, 0.291459, -0.00354832, -0.0157291, -0.0305954, 0.0151811, -0.000506145, -0.000176848, -0.0654475
460126, 10.462, 0.0127382, 0.0243662, 0.0697777, 0.109962, -0.292897, -0.419603, -0.0275092, 0.0536669, 0.0166183, 0.044977, 0.419275, 0.030534, 0.511956, 0.0591592, 0.164389, 0.858746, -0.437944, 0.266008, -0.397797, -0.897025, -0.192624, 0.322974, 0.0595972, -0.944529, 0.00891361, -0.0151087, 0.0102259, -0.0251875, -0.0247563, 0.0564817, 0.533671, 0.127734, -0.369387, -2.54967, 0.340026, 2.99563, 0.290591, -0.00491081, -0.0110672, -0.0284336, 0.0124595, -0.000707076, -0.00452734, -0.0930645
470438, 10.472, 0.0127859, 0.0241853, 0.0698378, 0.109815, -0.293107, -0.419103, -0.0233152, 0.0511051, 0.0164594, 0.04472, 0.418849, 0.030401, 0.512004, 0.0589783, 0.164449, 0.858922, -0.437432, 0.266283, -0.397308, -0.897282, -0.192438, 0.32311, 0.0594929, -0.94449, 0.00472044, -0.0203736, 0.00432823, -0.0306234, -0.0142164, 0.0475492, 0.533639, 0.127642, -0.369719, -2.54965, 0.34002, 2.99563, 0.289677, -0.0049959, -0.00491952, -0.0352574, 0.00299901, 6.34422e-06, -0.000766771, -0.0924312
480690, 10.482, 0.0128319, 0.0239949, 0.0698935, 0.109633, -0.293324, -0.418439, -0.0233834, 0.051049, 0.0164516, 0.04472, 0.418849, 0.030401, 0.51205, 0.0587879, 0.164505, 0.859175, -0.43675, 0.266586, -0.39666, -0.897621, -0.19219, 0.323232, 0.0593805, -0.944455, 0.00468469, -0.0206055, 0.00559389, -0.0394929, -0.0186355, 0.0753755, 0.533605, 0.127557, -0.370066, -2.54963, 0.340019, 2.99562, 0.288555, -0.00425104, -0.00864803, -0.0368044, 0.00120448, -0.00178419, 0.000364042, -0.121265
490929, 10.492, 0.0128614, 0.0237905, 0.0699257, 0.109375, -0.293534, -0.417504, -0.0192017, 0.0435447, 0.0010977, 0.044402, 0.418683, 0.030405, 0.512079, 0.0585835, 0.164537, 0.859563, -0.435784, 0.266915, -0.395758, -0.898099, -0.191816, 0.323306, 0.0592444, -0.944438, 0.00377622, -0.0225907, 0.00371618, -0.0487793, -0.0155107, 0.0956545, 0.533555, 0.127497, -0.370415, -2.54964, 0.340014, 2.99561, 0.287108, -0.00594464, -0.00584248, -0.0382114, 0.000220281, -0.000128519, -0.000963508, -0.147465
501142, 10.503, 0.0128972, 0.0235478, 0.0699499, 0.109028, -0.293788, -0.416283, -0.00651456, 0.0361113, 0.00101444, 0.044521, 0.418154, 0.030411, 0.512115, 0.0583408, 0.164561, 0.860076, -0.434519, 0.267326, -0.394581, -0.898724, -0.191313, 0.323382, 0.0590622, -0.944424, 0.00327834, -0.0242489, 0.00122274, -0.0595166, -0.0132128, 0.11541, 0.533518, 0.12747, -0.370845, -2.54964, 0.340008, 2.99561, 0.285272, -0.00731606, -9.77298e-05, -0.0389981, 0.000229348, -0.000131721, 0.000293263, -0.170805
511445, 10.513, 0.01293, 0.0233105, 0.0699677, 0.108673, -0.294032, -0.415045, -0.00244091, 0.0334848, 0.000822136, 0.044043, 0.41811, 0.030276, 0.512148, 0.0581035, 0.164579, 0.860598, -0.433234, 0.267731, -0.393389, -0.899356, -0.190797, 0.323445, 0.058877, -0.944413, 0.00330979, -0.0244625, 0.00190702, -0.0639047, -0.0153048, 0.1274, 0.533499, 0.127457, -0.37128, -2.54964, 0.340003, 2.99561, 0.283429, 0.000108677, -0.00160103, -0.0467057, -0.000428892, 0.000129268, 0.000506334, -0.184038
521769, 10.523, 0.0129593, 0.0230564, 0.0699727, 0.108279, -0.294264, -0.413734, 0.00168671, 0.0259858, 0.000762226, 0.043949, 0.418065, 0.030278, 0.512177, 0.0578494, 0.164584, 0.861157, -0.43187, 0.268136, -0.392132, -0.900026, -0.190225, 0.323482, 0.058669, -0.944414, 0.00288833, -0.0254111, 0.000635838, -0.0691867, -0.0135093, 0.136861, 0.533484, 0.12747, -0.371747, -2.54964, 0.34, 2.9956, 0.281476, 0.000830635, 0.000976721, -0.0487576, -0.000691159, 2.36578e-05, 0.00042575, -0.19535
532173, 10.534, 0.0129918, 0.0227657, 0.0699751, 0.107799, -0.294542, -0.412079, 0.00155369, 0.0158764, -0.00705728, 0.043383, 0.417826, 0.030145, 0.51221, 0.0575587, 0.164586, 0.861864, -0.43015, 0.268628, -0.390545, -0.900865, -0.189519, 0.323519, 0.0584283, -0.944416, 0.0033196, -0.0254724, 0.000547841, -0.0781564, -0.0148285, 0.16259, 0.533466, 0.127492, -0.372279, -2.54964, 0.339998, 2.99559, 0.279067, -0.00149374, 0.00216541, -0.0467646, 0.000860995, -0.00016912, -0.000195966, -0.222632
542508, 10.544, 0.0130162, 0.0225054, 0.0699744, 0.107329, -0.29481, -0.410362, 0.00563577, 0.00832609, -0.0147762, 0.043066, 0.417911, 0.030147, 0.512234, 0.0572984, 0.164585, 0.862601, -0.428367, 0.269111, -0.388894, -0.901728, -0.188808, 0.323544, 0.0582107, -0.944421, 0.00172534, -0.0258901, -0.00112797, -0.0862896, -0.0120754, 0.182928, 0.533465, 0.12751, -0.372769, -2.54965, 0.339993, 2.99558, 0.276648, 0.000151069, 0.00320419, -0.0484097, -0.00218803, 0.000202859, -0.00037881, -0.244631
552908, 10.554, 0.0130469, 0.0222278, 0.0699801, 0.106831, -0.295104, -0.408507, 0.0097279, 0.00572507, -0.0149157, 0.043032, 0.417863, 0.030014, 0.512265, 0.0570208, 0.164591, 0.863391, -0.426444, 0.269633, -0.387109, -0.902654, -0.18805, 0.323578, 0.0579835, -0.944423, 0.00284687, -0.0278029, 0.000483674, -0.0905431, -0.0149133, 0.194711, 0.53347, 0.127522, -0.373301, -2.54965, 0.339989, 2.99556, 0.27404, 0.000326458, 0.000913535, -0.0531124, -0.000336062, -6.4473e-05, -0.0025955, -0.261264
563276, 10.564, 0.013082, 0.0219453, 0.0699949, 0.106304, -0.295443, -0.406427, 0.00957644, 0.000581254, -0.022497, 0.042749, 0.417997, 0.030149, 0.5123, 0.0567383, 0.164606, 0.864267, -0.424292, 0.27022, -0.385101, -0.903681, -0.187236, 0.323636, 0.0577594, -0.944417, 0.00396788, -0.0274288, 0.0021876, -0.0964184, -0.0208447, 0.217197, 0.533465, 0.127518, -0.373834, -2.54965, 0.33999, 2.99555, 0.271164, -0.000228362, -0.00115445, -0.0519946, 0.00108429, 0.00317282, -0.0011075, -0.287637
573634, 10.575, 0.0131266, 0.0216448, 0.0700193, 0.1057, -0.295864, -0.403873, 0.000946464, 0.0003152, -0.0224504, 0.042757, 0.418099, 0.030147, 0.512345, 0.0564378, 0.16463, 0.865332, -0.421658, 0.270934, -0.382629, -0.904928, -0.186278, 0.323721, 0.0575251, -0.944402, 0.00414296, -0.0288804, 0.00239451, -0.106413, -0.0232848, 0.242588, 0.533442, 0.127506, -0.374386, -2.54964, 0.33999, 2.99555, 0.267722, -0.00500074, -0.00178623, -0.0503592, 0.000587169, 0.000269296, -0.000218207, -0.315255
583984, 10.585, 0.0131647, 0.0213587, 0.0700395, 0.105118, -0.296259, -0.401414, -0.00346567, -0.00237352, -0.022543, 0.04273, 0.418152, 0.030012, 0.512383, 0.0561517, 0.16465, 0.866353, -0.419121, 0.271608, -0.38025, -0.90612, -0.185353, 0.323795, 0.0573021, -0.94439, 0.00334784, -0.0295355, 0.00109812, -0.114274, -0.0214324, 0.256537, 0.533418, 0.127493, -0.374908, -2.54964, 0.339991, 2.99555, 0.264416, -0.0040781, -2.91016e-05, -0.0526566, -0.00102626, -0.00691221, 0.000181132, -0.324829
594300, 10.596, 0.0132143, 0.0210298, 0.0700705, 0.104482, -0.296705, -0.398753, -0.00786762, 0.00968996, -0.0146274, 0.042887, 0.418443, 0.030276, 0.512432, 0.0558228, 0.164681, 0.867441, -0.416375, 0.272357, -0.377674, -0.907401, -0.184349, 0.323895, 0.0570498, -0.944371, 0.0035744, -0.0318322, 0.00160397, -0.111838, -0.0217745, 0.24818, 0.533387, 0.12747, -0.375508, -2.54963, 0.339989, 2.99555, 0.260807, -0.00122545, -0.00105801, -0.0593211, -0.00105701, -0.000483002, -0.000547435, -0.325938
604607, 10.606, 0.0132534, 0.0207191, 0.070087, 0.103894, -0.297084, -0.396411, -0.00797798, 0.0145136, -0.0146594, 0.043391, 0.418436, 0.030143, 0.512471, 0.0555121, 0.164698, 0.868396, -0.413953, 0.273006, -0.375414, -0.908524, -0.183434, 0.323965, 0.0568036, -0.944362, 0.00365624, -0.0316753, 0.00101157, -0.11082, -0.0208479, 0.244965, 0.533356, 0.127467, -0.376068, -2.54963, 0.339991, 2.99555, 0.257595, -0.00572054, 0.000715846, -0.0543943, -0.000264322, 0.000196866, -0.00012092, -0.322771
614922, 10.616, 0.0132982, 0.020388, 0.0701039, 0.103281, -0.297475, -0.394031, -0.0123473, 0.0216706, -0.0146017, 0.043485, 0.418481, 0.03014, 0.512516, 0.055181, 0.164715, 0.869356, -0.41149, 0.273672, -0.373119, -0.909659, -0.182491, 0.324041, 0.0565373, -0.944352, 0.00398628, -0.0353338, 0.000797291, -0.114136, -0.0207074, 0.242584, 0.533327, 0.127474, -0.376669, -2.54962, 0.339991, 2.99555, 0.254309, -0.000588183, 0.00191606, -0.0661748, -0.000135449, 0.000132393, -0.000280194, -0.327107
625211, 10.627, 0.0133494, 0.0200058, 0.0701245, 0.102564, -0.297932, -0.39121, -0.00824519, 0.0288599, -0.00693441, 0.043794, 0.418294, 0.03014, 0.512567, 0.0547988, 0.164735, 0.870486, -0.408571, 0.274451, -0.370397, -0.910993, -0.181379, 0.32413, 0.0562323, -0.94434, 0.00511056, -0.0364667, 0.00179633, -0.122702, -0.0245543, 0.268236, 0.53328, 0.127478, -0.37735, -2.54961, 0.33999, 2.99555, 0.250436, -0.00919227, 0.00117018, -0.0604789, 0.00188655, -0.000354734, -0.000289277, -0.356843
635505, 10.637, 0.0133909, 0.0196484, 0.0701383, 0.101869, -0.298353, -0.388451, -0.00415938, 0.0360347, -0.00692554, 0.043881, 0.418237, 0.03014, 0.512609, 0.0544414, 0.164749, 0.87159, -0.405716, 0.275184, -0.367737, -0.912285, -0.180293, 0.324194, 0.0559461, -0.944335, 0.00649915, -0.0396603, 0.00346054, -0.133, -0.0295397, 0.291444, 0.533251, 0.127483, -0.378, -2.54961, 0.339991, 2.99554, 0.246683, -0.00754987, -0.000633578, -0.0689311, 0.00344051, -0.00234577, -0.000562927, -0.386577
645788, 10.647, 0.0134299, 0.0192887, 0.0701516, 0.101157, -0.298786, -0.385587, -4.59985e-05, 0.028382, -0.0146169, 0.043786, 0.41794, 0.030144, 0.512648, 0.0540817, 0.164763, 0.872725, -0.402753, 0.275935, -0.364973, -0.913615, -0.179173, 0.324261, 0.0556594, -0.944329, 0.00388457, -0.0359556, 0.00155716, -0.132596, -0.0250326, 0.298753, 0.533205, 0.127483, -0.378636, -2.54962, 0.339992, 2.99554, 0.242811, -0.00532209, -0.000695101, -0.0629684, -0.00119722, -2.83484e-06, -6.17229e-05, -0.388191
656078, 10.657, 0.0134786, 0.0189208, 0.0701717, 0.100465, -0.29922, -0.382862, 0.00397873, 0.020749, -0.0223396, 0.043469, 0.418026, 0.030146, 0.512697, 0.0537138, 0.164783, 0.873788, -0.399933, 0.276672, -0.362345, -0.914871, -0.178096, 0.324346, 0.0553675, -0.944317, 0.00369119, -0.0342708, 0.00136108, -0.13057, -0.0242776, 0.295782, 0.533148, 0.127486, -0.37928, -2.54961, 0.339993, 2.99554, 0.239082, -0.00354614, -0.000177488, -0.0614406, -0.00101638, -6.53884e-05, 3.28415e-05, -0.381507
666358, 10.668, 0.0135316, 0.0184821, 0.0701938, 0.0996877, -0.299693, -0.379922, 0.00792623, 0.0180204, -0.00725239, 0.043214, 0.418103, 0.03001, 0.51275, 0.0532751, 0.164805, 0.874922, -0.396886, 0.277477, -0.359514, -0.916217, -0.176905, 0.32444, 0.0550217, -0.944305, 0.00473496, -0.0418105, 0.00134914, -0.126918, -0.0234675, 0.26704, 0.533071, 0.127483, -0.380038, -2.54961, 0.339993, 2.99554, 0.234987, -0.01019, 0.00102056, -0.0692519, -8.03255e-05, 5.79642e-05, -0.000207939, -0.366357
676629, 10.678, 0.013585, 0.0180838, 0.0702206, 0.0989563, -0.300155, -0.377059, 0.00773227, 0.0127944, -0.0148261, 0.042931, 0.418236, 0.030145, 0.512803, 0.0528768, 0.164832, 0.876015, -0.393922, 0.278252, -0.356752, -0.917514, -0.175771, 0.32454, 0.0547105, -0.944288, 0.00513052, -0.0369413, 0.0028052, -0.134025, -0.0281882, 0.301723, 0.533011, 0.127475, -0.380738, -2.5496, 0.339996, 2.99554, 0.231053, -0.00524159, -0.00116871, -0.0652408, 0.00108505, 0.000945272, 0.000347262, -0.394479
686902, 10.6879, 0.0136412, 0.0176941, 0.0702487, 0.0982124, -0.300627, -0.374091, 0.00330256, 0.00512177, -0.0148401, 0.042845, 0.418293, 0.030145, 0.512859, 0.0524871, 0.16486, 0.877137, -0.390851, 0.279044, -0.353888, -0.918845, -0.174607, 0.324643, 0.0544037, -0.944271, 0.0055531, -0.0399715, 0.00262054, -0.137048, -0.0282657, 0.30155, 0.532955, 0.127472, -0.381427, -2.54958, 0.339995, 2.99554, 0.227026, -0.00784839, -0.000101966, -0.0684894, 0.00158537, -0.00036958, 0.000467206, -0.399227
697185, 10.699, 0.0137067, 0.0172581, 0.0702816, 0.0974084, -0.301137, -0.37095, -0.00110792, 0.0122004, -0.0147849, 0.042939, 0.418338, 0.030143, 0.512925, 0.0520511, 0.164893, 0.878309, -0.387599, 0.279893, -0.350859, -0.920241, -0.17336, 0.324763, 0.0540606, -0.944249, 0.00687158, -0.0430678, 0.00366364, -0.1328, -0.0294307, 0.282394, 0.532888, 0.127472, -0.382194, -2.54955, 0.339996, 2.99554, 0.222724, -0.00738534, -0.000247362, -0.0752742, 0.00386396, -0.000316937, -0.000308909, -0.385433
707467, 10.709, 0.0137654, 0.0168538, 0.0703078, 0.0967033, -0.301564, -0.368327, -0.00980199, 0.0119378, -0.00710831, 0.042948, 0.418691, 0.030139, 0.512983, 0.0516468, 0.164919, 0.879277, -0.384879, 0.280607, -0.348336, -0.921401, -0.172284, 0.32486, 0.0537405, -0.944234, 0.00634457, -0.0394502, 0.00290063, -0.128594, -0.0271392, 0.276294, 0.532828, 0.12748, -0.382907, -2.54952, 0.339997, 2.99553, 0.219062, -0.00418028, 0.00145662, -0.0712904, 0.00425267, -6.7821e-05, -0.000387161, -0.371605
717746, 10.719, 0.0138198, 0.0164513, 0.0703331, 0.0960191, -0.301972, -0.365815, -0.0141209, 0.0142232, -0.00693142, 0.043426, 0.418736, 0.030274, 0.513038, 0.0512443, 0.164944, 0.880196, -0.382271, 0.281289, -0.34592, -0.922504, -0.171245, 0.324952, 0.0534257, -0.94422, 0.00383405, -0.0386211, 0.00113471, -0.120865, -0.0169999, 0.259682, 0.532745, 0.12748, -0.383594, -2.5495, 0.339995, 2.99552, 0.21553, -0.00532511, 0.000357854, -0.0687964, 0.0012143, -0.000139845, -0.00726229, -0.351915
728018, 10.729, 0.0138694, 0.0160574, 0.0703539, 0.0952646, -0.302375, -0.363012, -0.01848, 0.0262911, 0.000708495, 0.043803, 0.418647, 0.030137, 0.513091, 0.0508085, 0.164968, 0.88123, -0.37936, 0.281994, -0.343227, -0.923725, -0.170083, 0.325007, 0.0530944, -0.94422, 0.00443562, -0.039081, 0.00227758, -0.124483, -0.0218037, 0.270076, 0.532673, 0.127478, -0.384361, -2.54947, 0.339999, 2.99545, 0.211607, -0.00606917, -0.00141412, -0.0688819, 0.000807872, 8.88666e-05, -0.00407471, -0.364399
738256, 10.74, 0.0139117, 0.0156153, 0.0703667, 0.0945449, -0.302709, -0.360342, -0.00164468, 0.0260888, -0.014668, 0.043564, 0.418322, 0.030142, 0.51313, 0.0504083, 0.164978, 0.882221, -0.376584, 0.282613, -0.340666, -0.924877, -0.168965, 0.325012, 0.0527881, -0.944236, 0.00460889, -0.0374872, 0.00229117, -0.126679, -0.0175293, 0.283225, 0.532633, 0.127485, -0.385091, -2.54945, 0.339999, 2.99535, 0.207906, -0.00279479, -0.000807736, -0.0702031, 0.00445867, -1.46163e-06, -0.0121106, -0.375058
748489, 10.75, 0.0139535, 0.0152164, 0.0703817, 0.0938248, -0.303064, -0.357648, 0.0024771, 0.0183764, -0.0147462, 0.043247, 0.417899, 0.030145, 0.513172, 0.0500094, 0.164993, 0.883206, -0.373785, 0.283252, -0.338079, -0.926029, -0.167846, 0.325038, 0.0524814, -0.944244, 0.00346843, -0.0382414, 0.00136742, -0.126588, -0.0185609, 0.277559, 0.532603, 0.127488, -0.385827, -2.54943, 0.340003, 2.99527, 0.204182, -0.00390014, -0.000800658, -0.0693015, -6.83396e-05, 7.15712e-05, -0.00607112, -0.37026
758776, 10.7599, 0.0139978, 0.01482, 0.0703989, 0.0931265, -0.303418, -0.355109, 0.0108054, 0.0181849, -0.0147956, 0.04324, 0.417797, 0.030147, 0.513216, 0.049613, 0.16501, 0.884119, -0.371145, 0.283876, -0.335642, -0.927108, -0.166776, 0.325081, 0.0521692, -0.944246, 0.0037296, -0.0392897, 0.000965538, -0.120709, -0.0146755, 0.256383, 0.5326, 0.127494, -0.386583, -2.54941, 0.340001, 2.99521, 0.200646, 0.000118242, 0.00107712, -0.0755579, 0.00203416, -0.000188996, -0.00968605, -0.349389
769068, 10.771, 0.0140434, 0.0143957, 0.07042, 0.0923784, -0.303808, -0.352358, 0.0105765, 0.00305537, -0.014916, 0.042614, 0.417813, 0.030147, 0.513261, 0.0491887, 0.165031, 0.885096, -0.368286, 0.284553, -0.333001, -0.928266, -0.165626, 0.325139, 0.0518381, -0.944244, 0.00390886, -0.037639, 0.00230489, -0.118914, -0.0207871, 0.256184, 0.532589, 0.127489, -0.387383, -2.5494, 0.340003, 2.99516, 0.196824, -0.0010839, -0.00196694, -0.0708113, -0.000242623, 0.000226337, -0.00326335, -0.346699
779327, 10.781, 0.0140842, 0.0140205, 0.0704352, 0.091712, -0.304155, -0.349934, 0.00610733, -0.0095349, -0.0148865, 0.042246, 0.418255, 0.030281, 0.513302, 0.0488135, 0.165046, 0.885948, -0.365766, 0.285152, -0.330675, -0.929279, -0.164605, 0.325193, 0.0515387, -0.944242, 0.00447503, -0.0374453, 0.00186771, -0.118151, -0.021519, 0.250217, 0.532577, 0.127497, -0.388085, -2.54939, 0.340006, 2.99513, 0.193459, -0.000663348, 0.000906532, -0.070409, 0.00122019, 0.000593316, -0.000979404, -0.340042
789626, 10.791, 0.0141255, 0.0136581, 0.0704563, 0.0910725, -0.304497, -0.347587, 0.00169949, -0.0122963, -0.00736785, 0.041998, 0.418182, 0.030144, 0.513344, 0.0484511, 0.165067, 0.886763, -0.363326, 0.285737, -0.328421, -0.930251, -0.163624, 0.325256, 0.0512534, -0.944236, 0.00508962, -0.0341151, 0.00297928, -0.111092, -0.0225469, 0.239573, 0.532574, 0.127492, -0.388774, -2.54938, 0.340005, 2.9951, 0.190206, 0.00126317, -0.000270771, -0.0665481, 0.0031467, 0.000413162, -0.00163177, -0.322334
799913, 10.801, 0.0141654, 0.0133069, 0.0704735, 0.0904419, -0.304832, -0.345278, -0.00267637, -0.00517466, -0.0149592, 0.04187, 0.418357, 0.030141, 0.513383, 0.0480999, 0.165085, 0.887558, -0.360927, 0.286308, -0.326205, -0.9312, -0.162656, 0.325317, 0.0509717, -0.94423, 0.00280754, -0.0354789, 0.00028769, -0.110096, -0.0133201, 0.23207, 0.532574, 0.127497, -0.389442, -2.54937, 0.340006, 2.99508, 0.18702, 0.000871323, 0.00172503, -0.0682859, 0.00020366, 0.000393398, -0.00602293, -0.316266
810157, 10.811, 0.0142044, 0.0129675, 0.0704927, 0.0898581, -0.305145, -0.343168, -0.00697759, -0.00292569, -0.00716081, 0.042127, 0.418275, 0.030275, 0.513422, 0.0477605, 0.165104, 0.888277, -0.358732, 0.286836, -0.324179, -0.932062, -0.161765, 0.32538, 0.0507059, -0.944223, 0.00296081, -0.0341711, 0.000760323, -0.0984359, -0.0135192, 0.202458, 0.532545, 0.127495, -0.39006, -2.54936, 0.340012, 2.99506, 0.184068, -0.0017469, 0.000839913, -0.0632352, 5.95602e-05, 0.000413134, -0.00429532, -0.282596
