timestamp, robot_time[1], robot_ee_pos_error[3], robot_ee_ori_error[3], sensed_forces_moments[6], robot_ee_position[3], robot_ee_orientation[9], robot_ee_linear_velocity[3], robot_ee_angular_velocity[3], joint_angles[7], joint_velocities[7], 
10448, 10.011, -0.00120861, 0.0148778, 0.0632084, 0.167467, 0.0812016, -0.569436, 5.86113e-05, -0.000207164, 0.00767975, 0.044688, 0.421893, 0.030141, 0.498009, 0.0496708, 0.157819, 0.815545, -0.562447, -0.136159, -0.578348, -0.800306, -0.15819, -0.0199951, 0.207758, -0.977976, -0.00248984, 0.00143726, -0.00178649, 0.0017328, 0.0112906, 0.00220105, 0.249021, 0.154364, -0.185967, -2.37578, 0.396113, 2.48233, 0.359806, 0.00155765, 0.00192198, 0.000282899, -0.000495434, -0.000140592, -0.00908333, 0.00155142
20867, 10.021, -0.00121158, 0.014893, 0.0631895, 0.167448, 0.0812245, -0.56941, -0.00842527, -0.000322765, 0.0153402, 0.044474, 0.421868, 0.030137, 0.498006, 0.049686, 0.157801, 0.815562, -0.56242, -0.136172, -0.578324, -0.800328, -0.158165, -0.0200274, 0.207745, -0.977978, -0.000179462, 0.00209905, -0.000681029, -0.000806512, 0.00128984, 0.00467749, 0.249054, 0.154411, -0.185965, -2.37577, 0.396114, 2.48234, 0.359803, 0.00500938, 0.00203188, -0.000639467, 0.000916991, -0.000562195, -0.000230861, 0.000235858
31213, 10.031, -0.00122097, 0.0149132, 0.0631686, 0.167426, 0.0812625, -0.569375, -0.00841915, -0.000329882, 0.0153405, 0.044474, 0.421868, 0.030137, 0.497997, 0.0497062, 0.15778, 0.815583, -0.562382, -0.1362, -0.578291, -0.800358, -0.158134, -0.020077, 0.207734, -0.977979, -0.000944157, 0.00476124, -0.000879748, -0.000266596, 0.00192347, 0.0105604, 0.24909, 0.154453, -0.185957, -2.37577, 0.396112, 2.48234, 0.3598, 0.00933349, 0.00150683, 0.000324653, -0.000280697, -5.73241e-05, -0.000359941, -0.000814676
41447, 10.042, -0.00124073, 0.0149337, 0.0631281, 0.167387, 0.0813361, -0.569342, -0.00414621, 0.00212636, 0.0154209, 0.044501, 0.421814, 0.030272, 0.497977, 0.0497267, 0.157739, 0.815599, -0.562345, -0.136257, -0.578265, -0.800389, -0.158073, -0.0201672, 0.207717, -0.977981, -0.00155781, 0.00150987, -0.00295874, -0.000934102, 0.00588797, 0.00513507, 0.249125, 0.154527, -0.185944, -2.37578, 0.396112, 2.48234, 0.359799, 0.000410992, 0.00515436, 0.00302865, -0.000971849, -0.000211381, -0.000150104, -0.0015921
51663, 10.052, -0.00125899, 0.0149593, 0.0630834, 0.167345, 0.081416, -0.569308, -0.00413206, 0.00211162, 0.0154214, 0.044501, 0.421814, 0.030272, 0.497959, 0.0497523, 0.157694, 0.815616, -0.562305, -0.13632, -0.578238, -0.800421, -0.158007, -0.0202648, 0.207698, -0.977983, -0.00289898, 0.00318019, -0.00696035, -0.0025594, 0.0141573, 0.00723351, 0.249162, 0.154617, -0.185923, -2.37578, 0.396115, 2.48234, 0.359803, 0.00312548, 0.0137981, 0.0042102, -0.000132828, 0.000161642, -0.000514146, 1.71698e-05
61868, 10.062, -0.0012806, 0.0149816, 0.0630283, 0.16729, 0.0815111, -0.569275, -0.00837545, -0.000377168, 0.0153421, 0.044474, 0.421868, 0.030137, 0.497937, 0.0497746, 0.157639, 0.815631, -0.562266, -0.136393, -0.578213, -0.800456, -0.157924, -0.0203816, 0.207672, -0.977986, -0.00217455, 0.00250534, -0.00496084, -0.00189801, 0.0100838, 0.00513758, 0.249206, 0.154728, -0.185913, -2.37578, 0.396115, 2.48234, 0.359804, 0.00225313, 0.00957717, 0.0035042, -0.00047514, -5.614e-05, -6.73554e-05, 0.00063745
72035, 10.072, -0.00130849, 0.0150057, 0.062966, 0.167228, 0.0816206, -0.56923, -0.00410533, 0.00701162, 0.0153528, 0.044561, 0.421811, 0.030137, 0.49791, 0.0497987, 0.157577, 0.815653, -0.562213, -0.136478, -0.578177, -0.8005, -0.15783, -0.0205165, 0.207643, -0.97799, -0.00309897, 0.00121165, -0.0061227, -0.00228998, 0.0128507, 0.00412424, 0.249245, 0.154846, -0.185893, -2.37579, 0.396112, 2.48234, 0.359796, 0.00105856, 0.0106584, 0.00231763, -0.00212351, -1.63851e-05, -0.000495916, -0.00074217
82225, 10.083, -0.00133684, 0.0150344, 0.0628935, 0.167158, 0.0817473, -0.569197, -0.00404658, 0.00693728, 7.35815e-05, 0.044338, 0.421689, 0.030138, 0.497881, 0.0498274, 0.157505, 0.815665, -0.562172, -0.136579, -0.578156, -0.800537, -0.157722, -0.0206694, 0.207612, -0.977993, -0.0026401, 0.00383215, -0.00689786, -0.00309544, 0.0154508, -0.000671851, 0.24929, 0.154992, -0.185869, -2.37579, 0.396116, 2.48234, 0.359806, 0.00462599, 0.0142295, 0.00410188, 0.000519298, -6.83703e-05, -2.41475e-05, 0.00963808
92410, 10.093, -0.00136731, 0.0150528, 0.0628223, 0.167087, 0.0818708, -0.569165, -0.00408864, 0.00694284, 0.00769446, 0.044339, 0.421941, 0.030136, 0.497851, 0.0498458, 0.157433, 0.815676, -0.562133, -0.136676, -0.578135, -0.800573, -0.157614, -0.0208194, 0.207579, -0.977997, -0.00271548, 0.00110671, -0.00645919, -0.00261329, 0.012306, 0.00570221, 0.249319, 0.155128, -0.185849, -2.3758, 0.396113, 2.48234, 0.359803, 0.00140883, 0.0122806, 0.00187202, -0.00100431, 0.000293633, 9.76595e-05, -0.0027931
102585, 10.103, -0.00140016, 0.0150698, 0.0627437, 0.167012, 0.082007, -0.569144, -0.0039549, 0.00697632, 0.000115271, 0.044782, 0.421686, 0.03014, 0.497818, 0.0498628, 0.157355, 0.815678, -0.562102, -0.136786, -0.578125, -0.800604, -0.157496, -0.0209822, 0.207545, -0.978, -0.00242317, 0.00312958, -0.00735404, -0.00409587, 0.0137622, 0.00764966, 0.249346, 0.155279, -0.185829, -2.37581, 0.396116, 2.48234, 0.359804, 0.00762938, 0.0158195, 2.24284e-05, 0.00120294, -0.000281745, 0.000426347, 0.000187319
112756, 10.113, -0.00143313, 0.0150851, 0.0626645, 0.166934, 0.0821433, -0.569119, -0.00399433, 0.00697945, 0.00774616, 0.044783, 0.421938, 0.030138, 0.497785, 0.0498781, 0.157275, 0.815683, -0.562068, -0.136895, -0.578112, -0.800636, -0.157377, -0.0211461, 0.20751, -0.978004, -0.003699, 0.00133377, -0.00775451, -0.00318813, 0.0155097, 0.00493544, 0.249365, 0.155431, -0.185804, -2.37582, 0.396115, 2.48234, 0.359801, 0.00121341, 0.0137742, 0.00279361, -0.00249495, -1.93465e-05, 0.000219952, -0.00108449
122913, 10.123, -0.00147044, 0.0151021, 0.0625734, 0.166846, 0.0823003, -0.569099, -0.00394677, 0.00682851, 7.71354e-05, 0.044338, 0.421689, 0.030138, 0.497748, 0.0498951, 0.157184, 0.815683, -0.562038, -0.137021, -0.578106, -0.800668, -0.15724, -0.0213335, 0.207471, -0.978009, -0.00542345, 0.00348845, -0.0110178, -0.00440586, 0.0228755, 0.00722607, 0.249387, 0.155607, -0.185777, -2.37583, 0.396116, 2.48234, 0.359805, 0.00392239, 0.0196012, 0.00489391, -0.00342378, -6.36888e-05, 3.60276e-05, 0.00151137
133074, 10.134, -0.00151783, 0.0151096, 0.062471, 0.166744, 0.0824784, -0.569086, 0.000289772, 0.0143031, 9.82611e-05, 0.044647, 0.422011, 0.030138, 0.4977, 0.0499026, 0.157082, 0.815676, -0.562013, -0.137165, -0.578108, -0.800697, -0.157083, -0.0215451, 0.207425, -0.978014, -0.00400852, 0.00310344, -0.00864268, -0.00344393, 0.0174021, 0.00910614, 0.249397, 0.155791, -0.185754, -2.37586, 0.396113, 2.48234, 0.359801, 0.00257718, 0.016033, 0.00500135, -0.00170801, -0.000382816, -0.000259264, -0.00130204
143224, 10.144, -0.00156571, 0.0151122, 0.0623754, 0.166651, 0.0826479, -0.569092, -0.00391852, 0.0068099, 0.0153591, 0.044561, 0.421811, 0.030137, 0.497652, 0.0499052, 0.156986, 0.815656, -0.562008, -0.137306, -0.578129, -0.800711, -0.156936, -0.0217431, 0.207386, -0.978017, -0.00677808, 0.000987135, -0.0122098, -0.00530141, 0.0258283, 0.00283276, 0.249405, 0.155954, -0.18574, -2.3759, 0.396115, 2.48234, 0.359807, 0.00190925, 0.0194516, 0.00237024, -0.00699352, -0.000445918, 0.000421591, 0.0015335
153368, 10.154, -0.00161755, 0.0151143, 0.0622786, 0.166555, 0.0828209, -0.569089, -0.00385045, 0.00672596, 8.00836e-05, 0.044338, 0.421689, 0.030138, 0.4976, 0.0499073, 0.15689, 0.815642, -0.561993, -0.137448, -0.578141, -0.800732, -0.156785, -0.0219467, 0.207345, -0.978022, -0.00575536, 0.00275008, -0.00933015, -0.0033324, 0.0198044, 0.0068038, 0.249414, 0.156112, -0.185727, -2.37595, 0.396113, 2.48234, 0.359804, 0.00328098, 0.0139954, 0.00389383, -0.00646744, 9.79805e-05, 0.000376073, -1.59193e-05
163529, 10.164, -0.00166724, 0.0151135, 0.0621869, 0.166466, 0.082986, -0.5691, -0.00380234, 0.00676385, -0.00752915, 0.04456, 0.421816, 0.030139, 0.497551, 0.0499065, 0.156798, 0.815618, -0.561993, -0.137586, -0.578166, -0.800741, -0.156643, -0.0221383, 0.207309, -0.978025, -0.00475005, -0.000482926, -0.00890504, -0.00394614, 0.0187611, 0.000812637, 0.249422, 0.15626, -0.18572, -2.376, 0.396116, 2.48234, 0.359809, 0.000605307, 0.0144775, 9.11614e-05, -0.00470291, -0.000166075, -6.513e-05, -0.000106177
173761, 10.174, -0.00170901, 0.0151134, 0.0621082, 0.166389, 0.0831258, -0.569095, -0.00377645, 0.00673661, -0.00752843, 0.04456, 0.421816, 0.030139, 0.497509, 0.0499064, 0.156719, 0.815609, -0.561979, -0.137701, -0.578173, -0.80076, -0.156522, -0.0223029, 0.207276, -0.978028, -0.00583952, 0.00217956, -0.0102502, -0.00362628, 0.0215067, 0.00772156, 0.249423, 0.156389, -0.185707, -2.37604, 0.396115, 2.48234, 0.359799, 0.00290633, 0.016439, 0.00317112, -0.00558917, 0.000332692, -0.000327134, -0.00209809
183910, 10.184, -0.00175672, 0.0151088, 0.0620162, 0.166299, 0.0832819, -0.56911, -0.00374729, 0.00670491, -0.00752746, 0.04456, 0.421816, 0.030139, 0.497461, 0.0499018, 0.156627, 0.815584, -0.561984, -0.13783, -0.578202, -0.800766, -0.156382, -0.0224853, 0.207236, -0.978033, -0.00439779, -0.000826041, -0.00736668, -0.00296591, 0.0154977, 0.000661871, 0.249429, 0.156539, -0.185704, -2.37609, 0.396118, 2.48235, 0.359802, 0.000285207, 0.0108364, -0.000516235, -0.00550149, 0.000297298, 0.000204303, -0.0013579
194071, 10.195, -0.00180597, 0.0151125, 0.0619321, 0.166217, 0.0834434, -0.56911, -0.00375774, -0.0031651, -0.00767698, 0.044438, 0.421825, 0.030007, 0.497412, 0.0499055, 0.156543, 0.815569, -0.561973, -0.137965, -0.578216, -0.800782, -0.156249, -0.0226725, 0.207206, -0.978035, -0.00459482, 0.00287356, -0.00752562, -0.00234729, 0.0162777, 0.00731535, 0.249435, 0.15667, -0.185689, -2.37614, 0.396118, 2.48234, 0.359804, 0.00191918, 0.0116655, 0.00500797, -0.00452856, -5.89606e-05, -0.000381304, -0.000467722
204231, 10.205, -0.00183845, 0.015107, 0.0618735, 0.166157, 0.0835412, -0.56912, 0.000520227, -0.000715844, -0.0075962, 0.044465, 0.421771, 0.030142, 0.49738, 0.0499, 0.156484, 0.815552, -0.561977, -0.138045, -0.578234, -0.800787, -0.156157, -0.022788, 0.207177, -0.978038, -0.00494102, 3.69708e-05, -0.00689633, -0.00245383, 0.0158552, 0.0003479, 0.249436, 0.15676, -0.185688, -2.37618, 0.396114, 2.48235, 0.359806, 0.000909748, 0.00863968, 0.000453883, -0.00704099, 3.86691e-05, -0.00028106, 0.000848954
214382, 10.215, -0.0018643, 0.0150999, 0.0618182, 0.166102, 0.0836356, -0.56913, 0.000601838, -0.000765062, -0.0152156, 0.044464, 0.42152, 0.030143, 0.497354, 0.0498929, 0.156429, 0.815537, -0.561981, -0.138123, -0.578252, -0.800791, -0.156072, -0.0228983, 0.207152, -0.978041, -0.00266792, -0.00109575, -0.00545722, -0.00278027, 0.0113335, 0.000344959, 0.249434, 0.156857, -0.18569, -2.3762, 0.396115, 2.48235, 0.359801, -7.30737e-05, 0.00934152, -0.00107503, -0.00222483, -0.000488926, -0.000356763, -0.00109844
224532, 10.225, -0.0018811, 0.0151021, 0.0617813, 0.166065, 0.0836999, -0.569131, -0.0037103, -0.00321807, -0.00767522, 0.044438, 0.421825, 0.030007, 0.497337, 0.0498951, 0.156392, 0.81553, -0.561978, -0.138176, -0.578259, -0.800797, -0.156014, -0.0229741, 0.207136, -0.978042, -0.00244286, 0.0010062, -0.00528095, -0.00238112, 0.0105617, 0.00322163, 0.249439, 0.156924, -0.185684, -2.37621, 0.396114, 2.48235, 0.359806, 0.00140106, 0.00960073, 0.00156764, -0.00143323, -0.000188834, 0.000197793, -0.000201888
234683, 10.235, -0.00189066, 0.0150983, 0.0617532, 0.166038, 0.0837455, -0.569139, -0.00363773, -0.00325748, -0.0153049, 0.044438, 0.421573, 0.030008, 0.497327, 0.0498913, 0.156364, 0.81552, -0.561983, -0.138214, -0.578271, -0.800796, -0.155973, -0.0230271, 0.207124, -0.978044, 0.000336671, 0.000126206, -0.0010644, -0.000772572, 0.00179859, -5.01231e-05, 0.249436, 0.156981, -0.185684, -2.37621, 0.396117, 2.48235, 0.359805, 0.000760516, 0.00378822, -0.000386934, 0.00222559, 3.313e-05, -0.000266333, 0.000529033
244849, 10.245, -0.001898, 0.015099, 0.0617328, 0.166017, 0.083779, -0.569137, -0.00363173, -0.00326453, -0.0153047, 0.044438, 0.421573, 0.030008, 0.49732, 0.049892, 0.156344, 0.815518, -0.561978, -0.13824, -0.578271, -0.800802, -0.155941, -0.0230675, 0.207113, -0.978045, 0.000120122, -0.000684553, -0.000389503, -0.000326586, 0.000568222, -0.00020933, 0.249435, 0.157022, -0.185678, -2.37621, 0.396115, 2.48235, 0.359804, -0.000987843, 0.00125995, -0.00033658, 0.000671392, -0.000158557, -0.000238548, -0.000935874
255029, 10.256, -0.00190352, 0.015111, 0.0617208, 0.166004, 0.0838013, -0.569116, -0.00362814, -0.00326869, -0.0153045, 0.044438, 0.421573, 0.030008, 0.497314, 0.049904, 0.156332, 0.815531, -0.561956, -0.138256, -0.578252, -0.80082, -0.155923, -0.0230965, 0.207107, -0.978046, -0.000478376, 0.000896161, -0.000659611, -0.000121877, 0.00126058, 0.00371743, 0.24945, 0.157046, -0.185667, -2.37621, 0.396112, 2.48235, 0.359804, 0.000873932, 0.00104586, 0.000984284, -0.000294999, -0.000184332, -0.000286854, -0.00171065
265277, 10.266, -0.0019047, 0.015123, 0.0617206, 0.166008, 0.0838049, -0.569098, -0.00362749, -0.00326787, -0.0153047, 0.044438, 0.421573, 0.030008, 0.497313, 0.049916, 0.156332, 0.815543, -0.561938, -0.138259, -0.578235, -0.800831, -0.155926, -0.0231012, 0.207111, -0.978045, -0.000709536, 0.00216637, 0.000296696, 0.000927803, 0.000180426, 0.00437209, 0.249457, 0.157046, -0.185651, -2.37621, 0.396116, 2.48235, 0.359802, 5.88403e-05, -0.00189654, 0.00406862, -0.00152776, -0.000264433, -0.000371267, -5.11716e-05
275589, 10.276, -0.00190625, 0.0151362, 0.06172, 0.16601, 0.0838096, -0.569079, -0.0035988, -0.00323766, -0.00764485, 0.04466, 0.421443, 0.030008, 0.497312, 0.0499292, 0.156331, 0.815556, -0.561919, -0.138262, -0.578217, -0.800844, -0.155927, -0.0231079, 0.207113, -0.978044, 0.000503505, 0.00132364, 0.000588247, 0.000400748, -0.000543931, -0.00155939, 0.249468, 0.157047, -0.185636, -2.37621, 0.396117, 2.48235, 0.359804, 0.0014148, -0.000262493, 0.00102252, 0.00129571, 0.000256204, -0.000154205, 0.00392802
285847, 10.286, -0.00190168, 0.0151565, 0.0617288, 0.166021, 0.0837975, -0.569047, -0.00361554, 0.00168618, 0.000204927, 0.044722, 0.421689, 0.030275, 0.497316, 0.0499495, 0.15634, 0.81558, -0.561887, -0.13825, -0.578184, -0.800865, -0.155944, -0.0230965, 0.207119, -0.978043, -0.00033145, 0.00167506, 0.000153271, 0.000867748, 0.000365116, 0.00197511, 0.249482, 0.157036, -0.185612, -2.3762, 0.396117, 2.48235, 0.359804, 0.000338309, -0.000767503, 0.00279492, -0.0004656, 0.000371923, -0.000364731, 0.000896456
296085, 10.297, -0.0018983, 0.0151797, 0.0617351, 0.166031, 0.0837906, -0.56901, -0.00792236, -0.000880685, 6.46834e-05, 0.044251, 0.421746, 0.030138, 0.49732, 0.0499727, 0.156346, 0.815606, -0.56185, -0.138242, -0.578146, -0.80089, -0.155958, -0.0230913, 0.207125, -0.978042, 0.000323275, 0.00370021, 0.00074683, 0.00117028, -0.00171572, 0.00656935, 0.249495, 0.15703, -0.185581, -2.37619, 0.396117, 2.48235, 0.359804, 0.00176097, -0.000731353, 0.00528093, 0.0011866, 0.00023988, 8.3779e-05, 0.000234257
306316, 10.307, -0.00190732, 0.0152006, 0.0617256, 0.166023, 0.0838139, -0.568971, -0.00362261, 0.00662642, 0.000124615, 0.044782, 0.421686, 0.03014, 0.497311, 0.0499936, 0.156337, 0.815631, -0.56181, -0.138258, -0.57811, -0.800918, -0.155945, -0.023122, 0.207123, -0.978042, -0.0011572, 0.00226708, -0.00146613, 5.22028e-05, 0.00311985, 0.00552655, 0.249507, 0.157041, -0.18555, -2.3762, 0.396113, 2.48235, 0.3598, -0.000287628, 0.00197917, 0.00493856, -0.0011531, -0.000269953, -2.38454e-05, -0.000760707
316593, 10.317, -0.00191767, 0.0152268, 0.0617184, 0.166021, 0.0838443, -0.568936, -0.0079048, 0.00412415, -0.00761584, 0.044533, 0.42187, 0.030004, 0.4973, 0.0500198, 0.156329, 0.815653, -0.561772, -0.138284, -0.578078, -0.800943, -0.155935, -0.0231576, 0.207128, -0.97804, -0.0018967, 0.00519352, -0.00163412, 0.000128498, 0.00474552, 0.00690359, 0.249524, 0.157046, -0.185516, -2.37621, 0.396115, 2.48234, 0.359806, 0.00465889, 0.00147568, 0.00588492, -0.00224426, -0.0003075, -5.97614e-05, 0.00385102
326820, 10.327, -0.00192254, 0.0152491, 0.0617111, 0.166016, 0.0838617, -0.568898, -0.00362218, 0.00161228, 0.00781408, 0.0445, 0.421562, 0.030273, 0.497295, 0.0500421, 0.156322, 0.815678, -0.561733, -0.138296, -0.578042, -0.800971, -0.155927, -0.0231815, 0.207127, -0.978039, -0.00246174, 0.00288401, -0.00194391, 0.000146807, 0.00544651, 0.00502542, 0.249539, 0.15706, -0.185486, -2.37621, 0.396113, 2.48234, 0.359804, 0.00419937, 0.000792287, 0.00183393, -0.00407678, 0.000417926, -0.000429325, 0.000622771
337141, 10.338, -0.00193884, 0.015274, 0.0616918, 0.166002, 0.0839058, -0.568858, -0.00371528, 0.00655645, 0.0077039, 0.044339, 0.421941, 0.030136, 0.497279, 0.050067, 0.156303, 0.815702, -0.561689, -0.138331, -0.578005, -0.801002, -0.155901, -0.0232352, 0.207125, -0.978039, -0.000611779, 0.00260607, -0.000602101, 0.000309353, 0.00123112, 0.00377062, 0.249547, 0.157083, -0.185442, -2.37623, 0.396112, 2.48234, 0.359802, -0.000171468, 0.000658549, 0.00541257, -0.000695576, -0.00018564, 0.000639687, 0.00144297
347371, 10.348, -0.00195079, 0.0152991, 0.0616749, 0.16599, 0.0839431, -0.568821, -0.00366364, 0.00664161, 0.00775373, 0.044783, 0.421938, 0.030138, 0.497267, 0.0500921, 0.156286, 0.815724, -0.561649, -0.13836, -0.577972, -0.80103, -0.15588, -0.023281, 0.207123, -0.978038, -0.00112291, 0.00181944, -0.000540103, 0.000564387, 0.00168501, 0.00355394, 0.249567, 0.157109, -0.18541, -2.37624, 0.396115, 2.48234, 0.359802, -0.000853062, -0.000635502, 0.00448476, -0.00217989, -0.00018839, 6.88424e-05, 0.000102762
357600, 10.358, -0.00196166, 0.0153214, 0.0616508, 0.165968, 0.0839881, -0.568782, -0.00367307, 0.0065639, 0.0153639, 0.044561, 0.421811, 0.030137, 0.497256, 0.0501144, 0.156262, 0.815748, -0.561607, -0.138394, -0.577937, -0.801062, -0.155846, -0.023338, 0.207114, -0.978038, -0.00208288, 0.00359586, -0.00408499, -0.000960972, 0.00823777, 0.00791045, 0.249583, 0.157157, -0.185378, -2.37624, 0.396112, 2.48234, 0.359799, 0.00201079, 0.00755362, 0.00569627, -0.000776047, 0.000139978, -8.99782e-06, -0.000418026
367829, 10.368, -0.00197534, 0.015341, 0.0616178, 0.165938, 0.0840481, -0.568757, -0.0121153, 0.0065732, 0.00780406, 0.04479, 0.422039, 0.030136, 0.497243, 0.050134, 0.156229, 0.815759, -0.561579, -0.138442, -0.577918, -0.801086, -0.155798, -0.0234106, 0.207102, -0.978039, -0.00194262, 0.00438353, -0.00456565, -0.00158991, 0.00895193, 0.0083187, 0.249597, 0.157223, -0.185348, -2.37624, 0.396113, 2.48234, 0.359805, 0.00399136, 0.00930562, 0.00544531, 0.000204608, -4.9437e-05, 0.000306939, 0.00106077
378058, 10.378, -0.00200066, 0.0153572, 0.0615706, 0.165889, 0.0841453, -0.568729, -0.00786361, 0.0139055, 0.0154244, 0.044656, 0.421855, 0.030134, 0.497215, 0.0501512, 0.156176, 0.81577, -0.561544, -0.13852, -0.577898, -0.801115, -0.15572, -0.0235269, 0.207082, -0.978041, -0.00236765, 0.000691743, -0.00470722, -0.00163041, 0.0102166, 0.000636597, 0.249612, 0.157315, -0.18532, -2.37626, 0.396114, 2.48234, 0.3598, 0.000723169, 0.00821608, 0.00138271, -0.00166087, 0.000427888, -0.000319344, 0.00114103
388282, 10.389, -0.00203018, 0.0153764, 0.0615028, 0.165831, 0.0842547, -0.568701, -0.00784371, 0.0138851, 0.0154248, 0.044656, 0.421855, 0.030134, 0.497188, 0.0501694, 0.156114, 0.815779, -0.561509, -0.138608, -0.57788, -0.801146, -0.15563, -0.0236579, 0.207058, -0.978043, -0.0026318, -0.000233291, -0.00574899, -0.00253544, 0.0115696, 0.00207161, 0.249624, 0.157432, -0.185286, -2.37627, 0.396116, 2.48234, 0.359797, 0.0013575, 0.0103965, -0.000806295, -0.00163896, 0.000269779, -0.000267596, -0.00176545
398472, 10.399, -0.00207317, 0.0153967, 0.0614219, 0.165754, 0.0844094, -0.56867, -0.0163492, 0.013837, 0.0231052, 0.044664, 0.422209, 0.030131, 0.497145, 0.0501897, 0.156033, 0.815786, -0.561467, -0.138735, -0.577862, -0.801183, -0.155505, -0.0238409, 0.207028, -0.978044, -0.00272252, 0.00103038, -0.00800175, -0.00341116, 0.0156397, 0.00488089, 0.249641, 0.157571, -0.18525, -2.3763, 0.396114, 2.48233, 0.359796, 0.00127697, 0.0167861, 0.00198427, 0.000974541, 0.000278077, -0.00066271, -0.00175351
408686, 10.409, -0.00212382, 0.0154055, 0.0613262, 0.16566, 0.084576, -0.568666, -0.0120584, 0.016274, 0.0231861, 0.044691, 0.422155, 0.030266, 0.497094, 0.0501985, 0.155937, 0.815773, -0.561453, -0.138871, -0.577872, -0.801204, -0.155359, -0.0240374, 0.206987, -0.978048, -0.00320819, 0.00108866, -0.00620465, -0.00229671, 0.0133748, 0.0017995, 0.249645, 0.157728, -0.185218, -2.37635, 0.396112, 2.48234, 0.359805, -8.88859e-05, 0.0106273, 0.00325747, -0.00243333, -6.11271e-05, -0.000250404, 0.00138745
418897, 10.419, -0.0021916, 0.0154158, 0.0612071, 0.165546, 0.0847938, -0.568648, -0.0120179, 0.0162329, 0.0231869, 0.044691, 0.422155, 0.030266, 0.497026, 0.0502088, 0.155818, 0.815765, -0.56142, -0.13905, -0.577873, -0.801238, -0.155177, -0.0242933, 0.206941, -0.978052, -0.00704151, 0.000325991, -0.0123126, -0.00489055, 0.0259963, 0.00446853, 0.249654, 0.157916, -0.185185, -2.37642, 0.396112, 2.48234, 0.359797, -0.000170495, 0.0192481, 0.00304813, -0.00747575, -0.000296108, -0.000115251, -0.00161576
429106, 10.43, -0.00227644, 0.0154285, 0.0610506, 0.165395, 0.0850781, -0.568641, -0.0162418, 0.0136387, 0.0307079, 0.044443, 0.422082, 0.030129, 0.496942, 0.0502215, 0.155662, 0.815743, -0.561394, -0.139286, -0.577891, -0.801272, -0.154936, -0.0246259, 0.20688, -0.978056, -0.00890756, 0.000351272, -0.0161039, -0.0072576, 0.0337796, 0.00414939, 0.249663, 0.158172, -0.185141, -2.3765, 0.396113, 2.48234, 0.359804, 0.00156796, 0.0257494, 0.00225442, -0.00916524, -0.00090968, 0.00041806, 4.4469e-05
439330, 10.44, -0.00235936, 0.0154373, 0.0608938, 0.165242, 0.0853656, -0.568623, -0.00770128, 0.0136939, 0.023049, 0.044656, 0.422107, 0.030133, 0.496859, 0.0502303, 0.155505, 0.815727, -0.561358, -0.139523, -0.577898, -0.801314, -0.154693, -0.0249634, 0.206818, -0.978061, -0.00825494, 0.0011879, -0.0161679, -0.00654585, 0.0333971, 0.00623532, 0.24967, 0.158435, -0.185104, -2.37657, 0.396111, 2.48233, 0.359794, 0.000920485, 0.0275711, 0.00429602, -0.00678657, 4.26822e-05, -2.0288e-05, -0.00132992
449563, 10.45, -0.00243923, 0.015452, 0.0607281, 0.16508, 0.0856515, -0.568608, -0.0161078, 0.0135471, 0.0383704, 0.044665, 0.421952, 0.030129, 0.496779, 0.050245, 0.155339, 0.81571, -0.561325, -0.139756, -0.577907, -0.801356, -0.154442, -0.0253021, 0.206745, -0.978068, -0.00880768, 0.00449419, -0.0184675, -0.00737681, 0.0376796, 0.0127606, 0.249682, 0.158726, -0.185056, -2.37663, 0.396109, 2.48234, 0.359798, 0.00181858, 0.0334139, 0.0102441, -0.00499457, -0.000651045, -2.27214e-05, -0.000443425
459792, 10.46, -0.00254091, 0.0154647, 0.0605252, 0.164884, 0.0860126, -0.568599, -0.0159956, 0.0084872, 0.0231719, 0.044381, 0.421833, 0.030266, 0.496677, 0.0502577, 0.155136, 0.815682, -0.561292, -0.140053, -0.577929, -0.8014, -0.154132, -0.0257258, 0.206663, -0.978074, -0.00984409, 0.000774971, -0.0208752, -0.00897731, 0.0428162, 0.00520384, 0.249686, 0.159076, -0.184999, -2.37671, 0.39611, 2.48234, 0.359801, 0.0011354, 0.0372745, 0.00410533, -0.00658603, 5.54797e-05, -2.11425e-05, -0.000253822
470015, 10.47, -0.00264509, 0.0154867, 0.0603134, 0.16468, 0.086382, -0.568569, -0.0159086, 0.0133853, 0.0307534, 0.044664, 0.4217, 0.030131, 0.496573, 0.0502797, 0.154924, 0.815667, -0.561238, -0.140355, -0.57793, -0.80146, -0.153813, -0.026163, 0.206575, -0.978081, -0.0113471, 0.00130692, -0.0217886, -0.00826542, 0.0446599, 0.00742905, 0.249698, 0.15948, -0.184917, -2.3768, 0.396111, 2.48235, 0.359803, 0.00166989, 0.0359077, 0.00725488, -0.00971738, 0.000409881, 0.000284967, 0.000744863
480239, 10.481, -0.00277379, 0.0155178, 0.0600604, 0.164438, 0.0868369, -0.568535, -0.0158352, 0.0133385, 0.0154849, 0.044663, 0.421957, 0.030132, 0.496444, 0.0503108, 0.154671, 0.815646, -0.561175, -0.140729, -0.577935, -0.80153, -0.153428, -0.0266982, 0.206475, -0.978087, -0.0136587, 0.000434835, -0.0248187, -0.00999178, 0.0523013, 0.00489221, 0.249708, 0.159881, -0.184833, -2.37689, 0.396111, 2.48235, 0.359803, 7.80398e-05, 0.0400141, 0.00533379, -0.0136964, 0.000130427, 0.000335054, -0.000123607
490459, 10.491, -0.0028915, 0.0155518, 0.0598295, 0.164216, 0.0872517, -0.568485, -0.0115397, 0.00588962, 0.0154263, 0.044569, 0.421912, 0.030135, 0.496326, 0.0503448, 0.15444, 0.81564, -0.561098, -0.141068, -0.577921, -0.801607, -0.153079, -0.0271887, 0.206383, -0.978093, -0.010848, 0.0018138, -0.0213674, -0.00951479, 0.0440869, 0.00885451, 0.249734, 0.16028, -0.184751, -2.37698, 0.396112, 2.48235, 0.359797, 0.00270479, 0.0367903, 0.00488695, -0.00859782, -0.00101769, 0.000160179, -0.00079017
500696, 10.501, -0.00301352, 0.015585, 0.059582, 0.163977, 0.0876865, -0.568447, -0.0114997, -0.00403481, 0.0152779, 0.044448, 0.421921, 0.030002, 0.496204, 0.050378, 0.154193, 0.815624, -0.561032, -0.141422, -0.577919, -0.80168, -0.152705, -0.0277034, 0.20628, -0.978101, -0.0119425, 0.0021739, -0.0250645, -0.0105619, 0.0515239, 0.00737827, 0.249761, 0.160714, -0.184667, -2.37707, 0.396113, 2.48236, 0.359803, 0.00383796, 0.0448992, 0.00495835, -0.0078307, 0.000604204, 0.000130365, 0.000616193
510877, 10.511, -0.00312887, 0.0156277, 0.0593417, 0.163745, 0.0881136, -0.568385, -0.00713853, -0.0115068, 0.0075894, 0.044352, 0.421625, 0.030005, 0.496089, 0.0504207, 0.153953, 0.815625, -0.560943, -0.141769, -0.577893, -0.801768, -0.152341, -0.0282112, 0.20618, -0.978107, -0.011205, 0.00231934, -0.0249093, -0.0113092, 0.0504171, 0.00784638, 0.249799, 0.161147, -0.184578, -2.37714, 0.396112, 2.48236, 0.359801, 0.00543665, 0.0460624, 0.00376602, -0.00596252, 0.000103219, 0.000539732, 0.000964327
521090, 10.522, -0.00323435, 0.0156869, 0.0590905, 0.163503, 0.0885442, -0.568302, 0.00146117, -0.0115312, -0.0153488, 0.044343, 0.421529, 0.03001, 0.495984, 0.0504799, 0.153702, 0.81564, -0.560834, -0.142113, -0.577845, -0.801873, -0.151967, -0.0287284, 0.20607, -0.978115, -0.00948323, 0.00452724, -0.0237553, -0.00694533, 0.0474625, 0.00515174, 0.249854, 0.161633, -0.184471, -2.37717, 0.396112, 2.48237, 0.359806, 0.00591484, 0.0469013, 0.00659094, -0.0018014, 0.00686568, 0.000476131, 0.00151386
531279, 10.532, -0.00330333, 0.0157401, 0.0588956, 0.163315, 0.0888739, -0.56822, 0.00152008, -0.0115959, -0.0153473, 0.044343, 0.421529, 0.03001, 0.495915, 0.0505331, 0.153507, 0.815665, -0.560731, -0.142374, -0.57779, -0.801967, -0.151681, -0.0291275, 0.205983, -0.978122, -0.00797224, 0.0052601, -0.0229961, -0.0102634, 0.0439344, 0.0142279, 0.249899, 0.162041, -0.184378, -2.37715, 0.396112, 2.48237, 0.359803, 0.00587868, 0.0481262, 0.00853539, 0.0020802, 0.000656498, 0.000897628, -0.000589147
541524, 10.542, -0.00337361, 0.0158011, 0.0586948, 0.163122, 0.0892066, -0.56812, -0.00689917, -0.00676176, -0.0153756, 0.044411, 0.421627, 0.029873, 0.495844, 0.0505941, 0.153306, 0.815702, -0.560612, -0.142635, -0.577718, -0.802074, -0.151389, -0.0295335, 0.205891, -0.978129, -0.00643213, 0.00769304, -0.0182311, -0.00722861, 0.0353546, 0.0193717, 0.249953, 0.162462, -0.184276, -2.37713, 0.396111, 2.48238, 0.359795, 0.00449024, 0.038808, 0.0136084, 0.00298935, -0.000198251, -0.000450035, -0.00113919
551713, 10.552, -0.00342283, 0.0158505, 0.0585491, 0.162981, 0.089446, -0.568047, -0.0152771, -0.00196965, -0.0150944, 0.04448, 0.421723, 0.030139, 0.495795, 0.0506435, 0.15316, 0.81573, -0.560524, -0.142821, -0.577664, -0.802153, -0.151176, -0.0298266, 0.205822, -0.978135, -0.00540391, 0.00408576, -0.0165402, -0.00783187, 0.0320271, 0.0110337, 0.250003, 0.162772, -0.184202, -2.37711, 0.39611, 2.48239, 0.359798, 0.00490489, 0.0356398, 0.00600932, 0.00306464, -0.000399959, -0.000272852, 0.000279456
561907, 10.562, -0.00351436, 0.0159306, 0.0583291, 0.162772, 0.0898335, -0.56793, -0.0152165, 0.0029072, -0.0151732, 0.04454, 0.42172, 0.030004, 0.495704, 0.0507236, 0.15294, 0.815772, -0.560384, -0.14313, -0.57758, -0.802275, -0.150852, -0.0302943, 0.20573, -0.97814, -0.00775797, 0.00602033, -0.0174157, -0.00706867, 0.0354052, 0.0143722, 0.250072, 0.163208, -0.184075, -2.37712, 0.396111, 2.48239, 0.359804, 0.0067021, 0.0334889, 0.00822769, -0.00214291, -3.23621e-05, -0.00040883, 0.000500453
572095, 10.572, -0.00358938, 0.0160001, 0.0581613, 0.162616, 0.0901338, -0.567819, -0.0109297, 0.0102021, -0.00754264, 0.044405, 0.421536, 0.030002, 0.495629, 0.0507931, 0.152772, 0.815819, -0.560254, -0.143368, -0.577494, -0.802383, -0.150608, -0.0306576, 0.205663, -0.978143, -0.0103029, 0.0089862, -0.0203613, -0.00779827, 0.0407068, 0.0210656, 0.250129, 0.163531, -0.183966, -2.37714, 0.396113, 2.48239, 0.359796, 0.00968323, 0.0364579, 0.0119545, -0.00646366, 0.000296424, 0.00156112, -0.000329896
582261, 10.582, -0.00366567, 0.0160701, 0.0579906, 0.162454, 0.0904399, -0.567716, -0.0108488, 0.0052651, -0.0150719, 0.044566, 0.421666, 0.030139, 0.495552, 0.0508631, 0.152602, 0.81586, -0.560132, -0.143612, -0.577416, -0.802486, -0.150355, -0.0310276, 0.205593, -0.978146, -0.007741, 0.0111432, -0.0159754, -0.00587577, 0.0324271, 0.0244785, 0.250189, 0.16386, -0.183858, -2.37716, 0.396111, 2.48239, 0.359802, 0.0120531, 0.0304768, 0.0128315, -0.00216778, -0.000394368, -0.000122502, 0.000529155
592415, 10.593, -0.00374678, 0.0161406, 0.0578069, 0.162281, 0.0907671, -0.567605, -0.010826, 0.00525432, 0.000198776, 0.04479, 0.421788, 0.030138, 0.495471, 0.0509336, 0.152418, 0.815905, -0.56, -0.143872, -0.577332, -0.802597, -0.150086, -0.0314231, 0.205518, -0.978149, -0.00764388, 0.0121793, -0.0162987, -0.00582804, 0.0325459, 0.0271625, 0.250242, 0.164215, -0.18374, -2.37718, 0.39611, 2.48239, 0.359798, 0.0115715, 0.0317232, 0.0153837, -0.00133961, -0.000502049, 0.000133484, -6.7881e-05
602563, 10.603, -0.00382243, 0.0162001, 0.0576353, 0.16212, 0.0910729, -0.56752, -0.0108247, 0.0100472, 7.93751e-05, 0.044406, 0.421788, 0.03, 0.495396, 0.0509931, 0.152246, 0.815932, -0.559897, -0.144117, -0.577273, -0.802687, -0.149833, -0.0317901, 0.205449, -0.978151, -0.00682849, 0.00746371, -0.0169434, -0.00694057, 0.0336515, 0.0167845, 0.250283, 0.164546, -0.183634, -2.3772, 0.396111, 2.48239, 0.359804, 0.00672845, 0.0344063, 0.0109498, 0.000393177, -0.000292958, -6.02e-05, 0.00103295
612722, 10.613, -0.00390149, 0.0162652, 0.0574658, 0.161961, 0.0913782, -0.567414, -0.0149607, 0.0173812, 0.00779986, 0.044723, 0.421702, 0.029998, 0.495317, 0.0510582, 0.152077, 0.815975, -0.559772, -0.144361, -0.577192, -0.802792, -0.149584, -0.0321585, 0.205381, -0.978154, -0.00972796, 0.00638005, -0.0174243, -0.00383165, 0.0423603, 0.0158996, 0.250326, 0.164865, -0.183519, -2.37723, 0.396109, 2.48239, 0.359796, 0.00254308, 0.0312411, 0.0117627, -0.00357993, 0.000187195, -0.00856335, -0.000389062
622871, 10.623, -0.00399046, 0.0163253, 0.0572963, 0.161805, 0.0916927, -0.56733, -0.014912, 0.0222648, 0.00771994, 0.044783, 0.421699, 0.029863, 0.495228, 0.0511183, 0.151907, 0.816001, -0.559668, -0.144617, -0.577134, -0.80288, -0.149335, -0.0325322, 0.20532, -0.978154, -0.00847759, 0.00473716, -0.01619, -0.00550613, 0.0342025, 0.0105067, 0.250359, 0.165162, -0.183404, -2.37729, 0.396113, 2.48239, 0.3598, 0.0017087, 0.0283081, 0.0103796, -0.00575626, 0.000328699, -0.000404899, 0.00109809
633029, 10.633, -0.00409229, 0.0163691, 0.0571161, 0.161636, 0.092029, -0.56727, -0.0190877, 0.0246034, 0.000210087, 0.044595, 0.421877, 0.029996, 0.495126, 0.0511621, 0.151727, 0.816008, -0.559586, -0.144893, -0.577102, -0.802953, -0.149062, -0.0329289, 0.205254, -0.978155, -0.0124421, 0.00572931, -0.0194606, -0.00648871, 0.0423982, 0.0136372, 0.250379, 0.165459, -0.183305, -2.37738, 0.396113, 2.48239, 0.359804, 0.00442417, 0.0292104, 0.0105341, -0.0135841, 7.33051e-05, 2.658e-05, 0.000719643
643178, 10.643, -0.0042133, 0.0164033, 0.0569284, 0.161461, 0.0923892, -0.567221, -0.019029, 0.029479, 0.000129868, 0.044655, 0.421873, 0.02986, 0.495005, 0.0511963, 0.151539, 0.816004, -0.559515, -0.145193, -0.577084, -0.803019, -0.148777, -0.0333497, 0.205191, -0.978154, -0.0131728, 0.00369766, -0.0185354, -0.00549129, 0.0419383, 0.00951868, 0.250382, 0.165734, -0.183206, -2.37752, 0.396114, 2.48239, 0.359801, 0.000474917, 0.024774, 0.0102167, -0.0169611, 0.000138331, -0.000524992, 0.000520443
653325, 10.654, -0.00436319, 0.0164242, 0.0567157, 0.161259, 0.0928046, -0.567195, -0.0189503, 0.0294042, 0.000129527, 0.044655, 0.421873, 0.02986, 0.494855, 0.0512172, 0.151327, 0.815977, -0.559463, -0.145542, -0.577093, -0.803074, -0.148445, -0.0338309, 0.205119, -0.978152, -0.0159029, 0.00290168, -0.0215862, -0.00686068, 0.0493366, 0.00786538, 0.250378, 0.166016, -0.18312, -2.37772, 0.396113, 2.48239, 0.3598, -0.000315085, 0.0273691, 0.0101718, -0.0218828, -0.000357195, -0.000281177, 0.00157542
663477, 10.664, -0.0045109, 0.0164251, 0.0565224, 0.161075, 0.093188, -0.567204, -0.0188267, 0.0342352, 0.000359011, 0.044716, 0.421868, 0.030129, 0.494707, 0.0512181, 0.151133, 0.815931, -0.559446, -0.145868, -0.577133, -0.803101, -0.14814, -0.0342705, 0.205057, -0.97815, -0.0142572, -0.000107663, -0.0189553, -0.00646098, 0.0433406, 0.00256925, 0.250372, 0.166245, -0.183074, -2.37794, 0.396117, 2.48239, 0.359798, -0.000448122, 0.0229335, 0.0040055, -0.0209387, 7.01759e-05, -2.7791e-05, 0.000255066
673654, 10.674, -0.00466931, 0.0164084, 0.056324, 0.160879, 0.0935834, -0.567242, -0.0188005, 0.0292623, 0.000128676, 0.044655, 0.421873, 0.02986, 0.494549, 0.0512014, 0.150935, 0.815861, -0.55946, -0.146206, -0.577205, -0.803109, -0.147816, -0.0347218, 0.204988, -0.978148, -0.0149025, -0.00257158, -0.0181429, -0.00560764, 0.0429372, -0.00418421, 0.250366, 0.166463, -0.18306, -2.37819, 0.396115, 2.48239, 0.359804, -0.00145138, 0.0188902, -1.01061e-05, -0.0243396, 0.00134726, -0.00016563, 0.000928761
683804, 10.684, -0.00483891, 0.0163911, 0.0561237, 0.160683, 0.0939895, -0.567275, -0.018722, 0.0291886, 0.000128062, 0.044655, 0.421873, 0.02986, 0.494379, 0.0511841, 0.150735, 0.815794, -0.559466, -0.146553, -0.577271, -0.803122, -0.14749, -0.0351847, 0.204922, -0.978146, -0.0166016, -0.00213658, -0.0203199, -0.00697789, 0.0474248, -0.0019614, 0.250364, 0.166663, -0.18305, -2.37847, 0.396115, 2.48239, 0.359799, -0.00145836, 0.0213775, 0.00149749, -0.0270324, 0.000221006, 0.000516717, 0.00090279
693977, 10.694, -0.0050191, 0.0163558, 0.0559231, 0.160485, 0.0943949, -0.56734, -0.0186431, 0.0291139, 0.000127464, 0.044655, 0.421873, 0.02986, 0.494199, 0.0511488, 0.150534, 0.815704, -0.559505, -0.146903, -0.57737, -0.803112, -0.147159, -0.0356436, 0.204856, -0.978143, -0.0201852, -0.00495402, -0.023433, -0.0108886, 0.0554657, 0.000271348, 0.25035, 0.166836, -0.183061, -2.37879, 0.396115, 2.4824, 0.359798, -0.00400173, 0.0222352, -0.000324825, -0.0342405, -0.00535011, -0.000127476, -0.00121333
704134, 10.704, -0.00520773, 0.016322, 0.0557145, 0.16028, 0.0948262, -0.56741, -0.0185496, 0.0240958, 0.000206506, 0.044595, 0.421877, 0.029996, 0.49401, 0.051115, 0.150325, 0.815608, -0.559548, -0.147277, -0.577476, -0.803098, -0.146813, -0.0361296, 0.204791, -0.978139, -0.0203714, -0.00396496, -0.0237209, -0.00840991, 0.0560577, -0.00402221, 0.250337, 0.167017, -0.18307, -2.37912, 0.396118, 2.4824, 0.359804, -0.00160577, 0.022714, -0.00107371, -0.0347458, -3.9505e-05, 0.000627165, 0.00022497
714300, 10.715, -0.0054313, 0.0162771, 0.0554746, 0.160044, 0.0953261, -0.567495, -0.0269325, 0.0289058, 0.000175196, 0.044663, 0.421975, 0.029858, 0.493787, 0.0510701, 0.150086, 0.815493, -0.5596, -0.147712, -0.577603, -0.80308, -0.146414, -0.0366917, 0.204719, -0.978133, -0.0206398, -0.00353768, -0.0211977, -0.00675951, 0.0520334, -0.00376523, 0.250311, 0.16721, -0.183081, -2.37952, 0.396121, 2.4824, 0.359803, -0.00143244, 0.0151747, -0.000779779, -0.038032, -7.9314e-05, 0.000664932, 0.000359184
724443, 10.725, -0.00564535, 0.0162253, 0.0552501, 0.159821, 0.0957826, -0.567587, -0.0268332, 0.0287815, 0.0154343, 0.044663, 0.421718, 0.029857, 0.493573, 0.0510183, 0.149861, 0.815377, -0.559664, -0.148108, -0.577733, -0.803055, -0.14604, -0.0372058, 0.204645, -0.978129, -0.0231083, -0.00539686, -0.0247083, -0.0085355, 0.0594517, -0.00762098, 0.250278, 0.167375, -0.183098, -2.37992, 0.396119, 2.48242, 0.359803, -0.00457931, 0.0192413, -0.000443964, -0.0424493, -0.000396914, 0.00185902, 0.00132226
734594, 10.735, -0.00587907, 0.0161659, 0.0550131, 0.159588, 0.0962648, -0.567695, -0.0143343, 0.0458929, 0.0917631, 0.044204, 0.422171, 0.029978, 0.493339, 0.0509589, 0.149624, 0.815248, -0.559741, -0.148529, -0.57788, -0.80302, -0.145648, -0.0377466, 0.204571, -0.978124, -0.0228888, -0.00530596, -0.0224044, -0.00728125, 0.0551375, -0.00837749, 0.25023, 0.16753, -0.183111, -2.38037, 0.39612, 2.48245, 0.359802, -0.00355496, 0.0132087, -0.00158317, -0.0444441, -2.18225e-05, 0.00234156, 0.00152175
744736, 10.745, -0.00608941, 0.0161036, 0.0548025, 0.159384, 0.0965852, -0.567811, 0.684694, 0.696372, 4.05341, 0.032716, 0.448276, 0.026859, 0.493129, 0.0508966, 0.149413, 0.815132, -0.559839, -0.148797, -0.57802, -0.802976, -0.145335, -0.0381164, 0.204475, -0.978129, -0.0215909, -0.00715765, -0.0212178, -0.00996864, 0.0417493, -0.0142708, 0.25018, 0.167624, -0.183109, -2.38086, 0.396125, 2.48264, 0.359801, -0.00786288, 0.00863672, 0.00109529, -0.0502925, 0.000359575, 0.0182177, 0.00227982
754876, 10.755, -0.00613196, 0.0160393, 0.0547635, 0.159343, 0.0963611, -0.56793, 1.65626, 1.59479, 8.83548, 0.011871, 0.492407, 0.021687, 0.493086, 0.0508323, 0.149374, 0.815076, -0.55998, -0.148572, -0.578113, -0.802905, -0.145358, -0.0378918, 0.204369, -0.97816, -2.49881e-05, -0.00555155, 0.0002161, -0.0114564, -0.0299638, -0.0199062, 0.250145, 0.16753, -0.183122, -2.38118, 0.396128, 2.48309, 0.359808, -0.000537397, -0.0122035, -0.00302742, -0.0247561, -0.000285575, 0.0465698, 0.00725484
765018, 10.765, -0.00605928, 0.0160289, 0.0548346, 0.159408, 0.0958328, -0.567938, 1.52648, 1.1651, 6.40831, 0.021169, 0.495619, 0.020599, 0.493159, 0.0508219, 0.149446, 0.815133, -0.560031, -0.148064, -0.578069, -0.802895, -0.145591, -0.0373442, 0.204267, -0.978203, 0.00821387, -1.98814e-05, 0.00944007, -0.00904277, -0.060498, 0.00186438, 0.250172, 0.167357, -0.183098, -2.38132, 0.396122, 2.48364, 0.3598, 0.00376558, -0.0215572, 0.00284464, -0.013264, -0.00046922, 0.054583, -0.00571597
775169, 10.775, -0.00602952, 0.016024, 0.0548703, 0.15944, 0.0954907, -0.567949, 1.02612, 0.702372, 4.01752, 0.032657, 0.472403, 0.023258, 0.493188, 0.050817, 0.149481, 0.815165, -0.560072, -0.147732, -0.578046, -0.802886, -0.145731, -0.0369922, 0.204191, -0.978232, 0.00116094, -0.00037257, 0.00244807, -0.00662381, -0.0291514, -0.00329024, 0.250188, 0.167228, -0.183068, -2.38147, 0.396116, 2.48404, 0.359806, 0.000290452, -0.0126588, 0.00410008, -0.0169932, -0.000160901, 0.0359406, 0.000480498
785312, 10.786, -0.00602481, 0.0159973, 0.0548507, 0.159416, 0.0952802, -0.567994, 0.993023, 0.706711, 3.66678, 0.030505, 0.471888, 0.023553, 0.493193, 0.0507903, 0.149462, 0.815159, -0.560137, -0.147519, -0.578067, -0.802863, -0.145772, -0.0367847, 0.204103, -0.978258, -0.00112434, -0.00448719, -0.00571313, -0.00933701, -0.00695872, -0.00814853, 0.250195, 0.167212, -0.183071, -2.38161, 0.396117, 2.48438, 0.359804, -0.00186113, 0.00704201, -0.00191981, -0.0111972, 0.000118, 0.0260074, -0.000962692
795455, 10.796, -0.00600784, 0.0159914, 0.0548409, 0.159404, 0.0951039, -0.568007, 1.25839, 0.871411, 4.44954, 0.025669, 0.486122, 0.021819, 0.49321, 0.0507844, 0.149452, 0.815172, -0.560166, -0.147339, -0.578061, -0.802859, -0.145815, -0.0366118, 0.204035, -0.978279, 0.00122203, -0.000671696, -0.00128685, -0.00629774, -0.0136323, -0.00244884, 0.250212, 0.167216, -0.183058, -2.38168, 0.396116, 2.48464, 0.359807, 0.00146822, 0.00112494, 0.000857833, -0.00616416, -0.0001474, 0.0221483, 0.000538091
