timestamp, robot_time[1], robot_ee_pos_error[3], robot_ee_ori_error[3], sensed_forces_moments[6], robot_ee_position[3], robot_ee_orientation[9], robot_ee_linear_velocity[3], robot_ee_angular_velocity[3], joint_angles[7], joint_velocities[7], 
10478, 10.0119, -0.00121663, -0.0115871, 0.0641106, -0.127324, -0.0939749, 0.38265, -0.0118663, -0.00722328, 0.0153962, 0.041137, 0.420409, 0.028907, 0.498001, 0.0232059, 0.158722, 0.919381, 0.387657, 0.0667907, 0.377266, -0.917026, 0.129362, 0.111397, -0.0937351, -0.989345, -0.00228409, -0.000884115, -0.00251651, -0.00137619, 0.00722275, -0.00201622, 0.354338, 0.115733, -0.294216, -2.47399, -0.153472, 2.68595, -0.196467, 0.000855832, 0.00229462, -0.00182507, -0.00327545, 0.000264023, -0.00197198, 0.000506409
20801, 10.0219, -0.00127324, -0.0115992, 0.0640372, -0.127325, -0.0938223, 0.382643, -0.0414709, -0.0197566, 0.0308894, 0.041014, 0.420517, 0.029034, 0.497945, 0.0231938, 0.158648, 0.919399, 0.38764, 0.0666384, 0.377267, -0.917029, 0.129332, 0.111244, -0.0937674, -0.98936, -0.00526507, -0.00265374, -0.00552521, -0.00171785, 0.012997, -0.00658637, 0.354335, 0.115812, -0.294221, -2.47409, -0.153475, 2.68597, -0.196453, -0.00160457, 0.0036793, -0.00237444, -0.0100775, 0.00031649, 0.000224403, 0.00206452
31095, 10.0319, -0.00135572, -0.0116165, 0.0639378, -0.127321, -0.0935946, 0.38263, -0.033013, -0.0147651, 0.0536544, 0.041067, 0.420407, 0.028898, 0.497862, 0.0231765, 0.158549, 0.919428, 0.387611, 0.0664128, 0.377265, -0.917037, 0.129282, 0.111014, -0.0938098, -0.989381, -0.00707494, -0.00287952, -0.0083992, -0.00330654, 0.0196176, -0.00827857, 0.354329, 0.115909, -0.294226, -2.47423, -0.153471, 2.68597, -0.196437, -0.00162712, 0.00796009, -0.00204024, -0.0120379, 0.000170949, -0.000620308, 0.00404846
41380, 10.0429, -0.00146708, -0.011643, 0.0637944, -0.127324, -0.0932703, 0.382605, -0.0328862, -0.0147408, 0.0307711, 0.041066, 0.420412, 0.028901, 0.497751, 0.02315, 0.158405, 0.91947, 0.387565, 0.0660899, 0.377256, -0.91705, 0.129218, 0.110688, -0.0938793, -0.989411, -0.0109511, -0.00187485, -0.0156103, -0.00777502, 0.0345448, -0.00160222, 0.354326, 0.116067, -0.294241, -2.47441, -0.153471, 2.68597, -0.196406, 0.00025858, 0.0199676, -0.000229319, -0.0161469, 4.10926e-05, 0.000182605, 0.00108815
51609, 10.0529, -0.00159417, -0.0116755, 0.0636253, -0.127331, -0.0928917, 0.382545, -0.0370695, -0.0222045, 0.0383689, 0.040758, 0.420343, 0.0289, 0.497624, 0.0231175, 0.158236, 0.919533, 0.387479, 0.0657146, 0.377215, -0.917077, 0.129146, 0.110307, -0.0939652, -0.989446, -0.0137858, -0.00305785, -0.0187775, -0.00909952, 0.0420613, -0.00474074, 0.35431, 0.116263, -0.294249, -2.47461, -0.153476, 2.68597, -0.196333, -0.00123365, 0.0225905, -0.000326472, -0.0211466, -0.00041684, -6.39392e-05, 0.00284809
61829, 10.0629, -0.00173843, -0.0117045, 0.0634279, -0.127338, -0.0924537, 0.382482, -0.0369635, -0.0171753, 0.0306979, 0.041039, 0.420466, 0.028766, 0.49748, 0.0230885, 0.158039, 0.919603, 0.387386, 0.0652803, 0.377173, -0.917106, 0.12906, 0.109865, -0.0940625, -0.989486, -0.0144379, -0.00311169, -0.0182888, -0.00668342, 0.0403893, -0.0193218, 0.354311, 0.116503, -0.29426, -2.47483, -0.153472, 2.68597, -0.196246, 0.000413077, 0.0197641, -0.00217092, -0.023477, 5.06963e-05, -0.000114863, 0.0169088
72026, 10.0729, -0.00190862, -0.0117414, 0.0632052, -0.127342, -0.0919531, 0.382431, -0.0325913, -0.0146828, 0.0307982, 0.041066, 0.420412, 0.028901, 0.497309, 0.0230516, 0.157816, 0.919674, 0.387303, 0.064783, 0.377147, -0.917131, 0.128961, 0.109361, -0.0941691, -0.989531, -0.020086, -0.00671905, -0.0255881, -0.0118368, 0.0582083, -0.0115411, 0.354299, 0.116756, -0.294268, -2.4751, -0.15347, 2.68597, -0.196178, -0.00294187, 0.0277314, -0.00423704, -0.0329218, -0.000247485, 0.000138328, 0.00354179
82242, 10.0839, -0.00211103, -0.0117836, 0.0629401, -0.127347, -0.0913574, 0.382371, -0.0367178, -0.0171261, 0.0307204, 0.041039, 0.420466, 0.028766, 0.497107, 0.0230094, 0.157551, 0.919758, 0.387202, 0.0641912, 0.377116, -0.91716, 0.128843, 0.108762, -0.0942963, -0.989585, -0.0196421, -0.00444019, -0.0256372, -0.0111068, 0.0576846, -0.0130148, 0.354294, 0.117059, -0.294283, -2.47542, -0.153467, 2.68597, -0.196093, -0.000773747, 0.029196, -0.00184751, -0.0310351, 0.000397668, -0.000280566, 0.00907947
92463, 10.0939, -0.00231656, -0.0118216, 0.0626771, -0.12735, -0.0907637, 0.382321, -0.0323246, -0.0146292, 0.0308225, 0.041066, 0.420412, 0.028901, 0.496901, 0.0229714, 0.157288, 0.919836, 0.387113, 0.063601, 0.377096, -0.917185, 0.128723, 0.108164, -0.0944208, -0.989639, -0.0218663, -0.00535928, -0.0282949, -0.0115638, 0.0631059, -0.0221389, 0.354299, 0.11735, -0.2943, -2.47575, -0.153467, 2.68597, -0.19601, 0.000642484, 0.0318978, -0.00438211, -0.0348391, 0.000680242, -0.000205598, 0.0168187
102689, 10.1039, -0.00253102, -0.0118671, 0.0624036, -0.127354, -0.0901507, 0.382268, -0.0321511, -0.0146517, 0.0155548, 0.040843, 0.420291, 0.028902, 0.496687, 0.0229259, 0.157015, 0.919918, 0.387018, 0.0629917, 0.377073, -0.917212, 0.128601, 0.107548, -0.0945503, -0.989694, -0.0222508, -0.00387176, -0.0284458, -0.0124409, 0.0641552, -0.0105292, 0.354299, 0.11765, -0.294325, -2.4761, -0.153468, 2.68598, -0.195933, 0.00038267, 0.0315331, -0.00120622, -0.0356893, -0.000262185, 0.00013838, 0.00882852
112915, 10.1139, -0.00275402, -0.0119159, 0.062116, -0.127357, -0.0895079, 0.382197, -0.0362672, -0.0170923, 0.0154777, 0.040816, 0.420345, 0.028767, 0.496464, 0.0228771, 0.156727, 0.92001, 0.386903, 0.062354, 0.377034, -0.917246, 0.128471, 0.1069, -0.0946853, -0.989751, -0.023561, -0.0053107, -0.0291275, -0.0117827, 0.0657093, -0.0176818, 0.354296, 0.117972, -0.29435, -2.47646, -0.153462, 2.68599, -0.195843, -0.000408631, 0.030472, -0.00312928, -0.0390457, 0.00014662, 0.000482172, 0.0128947
123156, 10.1249, -0.00302551, -0.0119724, 0.061784, -0.127356, -0.0887493, 0.382121, -0.0276105, -0.0169469, 0.00783298, 0.04103, 0.42037, 0.028771, 0.496192, 0.0228206, 0.156395, 0.920114, 0.386777, 0.0616016, 0.376997, -0.917284, 0.128314, 0.106135, -0.0948401, -0.989819, -0.0266119, -0.00558407, -0.0314178, -0.012688, 0.0724062, -0.0151768, 0.354288, 0.118314, -0.294374, -2.47691, -0.153467, 2.68599, -0.195738, -0.00102133, 0.0302854, -0.00250797, -0.0452267, -0.000449022, 2.01008e-06, 0.0106066
133381, 10.1349, -0.00327078, -0.0120154, 0.0614848, -0.127349, -0.0880751, 0.382031, -0.0189913, -0.0168637, 0.00779658, 0.041022, 0.420268, 0.028773, 0.495947, 0.0227776, 0.156096, 0.920215, 0.38664, 0.060936, 0.37694, -0.917327, 0.128167, 0.105453, -0.094972, -0.989879, -0.0256158, -0.00721993, -0.031057, -0.0122929, 0.0704041, -0.0267112, 0.35429, 0.118621, -0.29439, -2.47732, -0.153464, 2.686, -0.19561, -0.00175571, 0.0315707, -0.00502742, -0.0428226, -0.000210052, -7.8282e-05, 0.0188538
143603, 10.1449, -0.0035048, -0.012041, 0.0612007, -0.12734, -0.0874384, 0.381943, -0.00185763, -0.0167216, -0.0151806, 0.041005, 0.42007, 0.02878, 0.495713, 0.022752, 0.155812, 0.920312, 0.386509, 0.0603081, 0.376884, -0.91737, 0.128025, 0.104808, -0.0950937, -0.989936, -0.0234239, -0.00208778, -0.0274558, -0.0129853, 0.0619607, -0.0111381, 0.354306, 0.118912, -0.294389, -2.47771, -0.153465, 2.68601, -0.195453, 0.00235957, 0.0263603, 0.000208792, -0.0398973, -0.00662784, 0.000832852, 0.0182571
153813, 10.1549, -0.00370676, -0.0120586, 0.0609497, -0.127331, -0.0868837, 0.381814, 0.00674792, -0.006833, -0.0227295, 0.040896, 0.42009, 0.028915, 0.495511, 0.0227344, 0.155561, 0.920417, 0.386342, 0.0597649, 0.376783, -0.917429, 0.127898, 0.104243, -0.0952013, -0.989985, -0.0194746, -0.00139357, -0.0247683, -0.00995324, 0.0550519, -0.0119648, 0.35432, 0.119181, -0.294378, -2.47804, -0.153464, 2.68602, -0.19525, 0.0021321, 0.0277216, 0.00109768, -0.0309697, -0.000305522, 0.000508504, 0.0145828
163996, 10.1659, -0.003893, -0.0120734, 0.0607002, -0.127331, -0.0863495, 0.381661, 0.0153429, -0.00174724, -0.0304591, 0.04117, 0.420111, 0.028783, 0.495325, 0.0227196, 0.155311, 0.920531, 0.386153, 0.059242, 0.376656, -0.917497, 0.127784, 0.103699, -0.0953152, -0.990031, -0.0163947, -0.00153312, -0.0231914, -0.00904857, 0.0469489, -0.014547, 0.354335, 0.119481, -0.294363, -2.47833, -0.153466, 2.68604, -0.195012, -0.000132157, 0.0295308, 0.00236475, -0.0257591, -0.000371668, 0.0050511, 0.0169328
174236, 10.1759, -0.00402972, -0.0120893, 0.060502, -0.127339, -0.0859345, 0.381514, 0.0196854, 0.00568138, -0.0304412, 0.041257, 0.420054, 0.028783, 0.495188, 0.0227037, 0.155113, 0.92063, 0.385978, 0.0588364, 0.37653, -0.917561, 0.127701, 0.103276, -0.0954121, -0.990066, -0.0108824, -0.00278044, -0.0190994, -0.00903197, 0.0384298, -0.0232003, 0.354345, 0.119745, -0.294357, -2.47853, -0.153465, 2.68606, -0.194805, -0.000473788, 0.0308303, -0.00028745, -0.0121854, 0.000112803, 0.000522948, 0.0222027
184450, 10.1859, -0.00413837, -0.0121, 0.0603345, -0.127351, -0.0855897, 0.381403, 0.0155429, 0.0130655, -0.0303648, 0.041352, 0.420099, 0.028781, 0.49508, 0.022693, 0.154945, 0.920708, 0.385844, 0.0584976, 0.376435, -0.917608, 0.127639, 0.102926, -0.0954975, -0.990094, -0.00981447, -0.000642627, -0.0151173, -0.00697836, 0.0316365, -0.0109638, 0.354356, 0.119984, -0.294349, -2.47868, -0.153466, 2.68608, -0.194636, 0.00188992, 0.0217995, 0.000596168, -0.0128748, -0.00027079, 0.000404577, 0.0134084
194656, 10.1959, -0.00420472, -0.0121116, 0.060203, -0.127374, -0.0853374, 0.381333, 0.0197816, 0.0106227, -0.0381606, 0.041095, 0.420181, 0.028648, 0.495013, 0.0226814, 0.154814, 0.920759, 0.385758, 0.0582461, 0.376378, -0.917636, 0.127607, 0.102674, -0.095573, -0.990113, -0.00703239, -0.000851557, -0.0127482, -0.0060765, 0.0256579, -0.013199, 0.35436, 0.120213, -0.294345, -2.47875, -0.153465, 2.68611, -0.19453, -0.000126428, 0.0212182, 0.00161589, -0.00719241, 7.77293e-05, 9.88949e-05, 0.014515
204835, 10.2059, -0.00423026, -0.0121272, 0.0601055, -0.127403, -0.0852144, 0.381272, 0.0240687, 0.0130921, -0.038069, 0.041122, 0.420128, 0.028783, 0.494988, 0.0226658, 0.154717, 0.920796, 0.38569, 0.0581216, 0.376321, -0.917659, 0.127609, 0.102553, -0.0956299, -0.99012, -0.000634286, -0.000517801, -0.00815184, -0.00296245, 0.00207142, -0.00222116, 0.354358, 0.120426, -0.294356, -2.47877, -0.153465, 2.68621, -0.194454, 0.00012435, 0.0198811, -0.00039073, -0.00185368, 0.000320452, 0.0185126, 0.00376672
214994, 10.2159, -0.00422552, -0.01214, 0.0600373, -0.127434, -0.0852009, 0.381227, 0.0113804, 0.00564643, -0.0303795, 0.041265, 0.420156, 0.028781, 0.494992, 0.022653, 0.154648, 0.920816, 0.385645, 0.0581054, 0.376275, -0.917674, 0.127635, 0.102544, -0.0956645, -0.990118, 0.000329048, -0.00120567, -0.00646318, -0.00349778, 0.0032996, -0.00603578, 0.354347, 0.120614, -0.294364, -2.47876, -0.153465, 2.68637, -0.194403, -0.00088789, 0.0181492, -0.000580288, 0.00256365, 4.70886e-05, 0.0108472, 0.00591624
225144, 10.2269, -0.00420662, -0.0121502, 0.0599895, -0.127463, -0.0852304, 0.381217, -0.00136213, -0.00188137, -0.0227308, 0.040964, 0.420188, 0.028777, 0.495011, 0.0226428, 0.1546, 0.920817, 0.385639, 0.0581297, 0.376263, -0.917675, 0.127669, 0.102578, -0.095688, -0.990112, 0.00130721, -0.00153162, -0.00350609, -0.000246275, -0.00656226, -0.00272492, 0.354339, 0.120775, -0.294375, -2.47873, -0.153463, 2.68653, -0.194396, -0.00182011, 0.0107077, -0.00161045, -0.000867644, 0.000399798, 0.0177571, 0.000969074
235292, 10.2369, -0.00419121, -0.0121536, 0.0599565, -0.127481, -0.0852792, 0.381216, -0.0140643, -0.00932776, -0.0150323, 0.041108, 0.420216, 0.028776, 0.495027, 0.0226394, 0.154567, 0.920813, 0.385641, 0.0581748, 0.376259, -0.917673, 0.127698, 0.102631, -0.0956969, -0.990106, 0.00103736, 0.000345213, -0.00343018, -0.000543475, -0.00503047, 0.00101483, 0.354332, 0.120886, -0.294377, -2.47872, -0.153464, 2.68668, -0.194389, -7.72396e-06, 0.0103194, 0.000462108, -0.000401316, -0.000130906, 0.0153901, 0.00130207
245444, 10.247, -0.00417832, -0.0121552, 0.0599264, -0.127496, -0.0853321, 0.381214, -0.0140756, -0.00933359, -0.0150337, 0.041108, 0.420216, 0.028776, 0.49504, 0.0226378, 0.154537, 0.920809, 0.385644, 0.0582249, 0.376253, -0.917671, 0.127724, 0.102687, -0.0957016, -0.990099, 0.00144747, -0.000911787, -0.00118632, 0.00599964, -0.00650836, -0.0114976, 0.354331, 0.120983, -0.294382, -2.47872, -0.153465, 2.68683, -0.194379, -0.00174202, 0.00514517, -0.000840019, 0.000164292, 0.0107279, 0.0113423, 0.00107526
255597, 10.2569, -0.00416856, -0.0121489, 0.0599079, -0.127499, -0.0854055, 0.381222, -0.0140919, -0.0093377, -0.0150352, 0.041108, 0.420216, 0.028776, 0.495049, 0.0226441, 0.154519, 0.920798, 0.385657, 0.058297, 0.376258, -0.917667, 0.127742, 0.102762, -0.0956896, -0.990093, 6.21058e-05, -3.24473e-05, -0.00164732, 0.00250568, -0.00814906, 0.000680169, 0.354329, 0.121039, -0.294374, -2.47874, -0.153463, 2.68698, -0.194374, -0.00193411, 0.00256408, 0.00093392, -0.00576306, 0.000972352, 0.016844, -0.000805552
265754, 10.2669, -0.00415731, -0.0121453, 0.059901, -0.127503, -0.0854741, 0.381216, -0.0141073, -0.00934153, -0.0150366, 0.041108, 0.420216, 0.028776, 0.495061, 0.0226477, 0.154512, 0.920795, 0.385656, 0.0583652, 0.376249, -0.917668, 0.127759, 0.102831, -0.0956797, -0.990086, 0.00186546, 0.00235702, -4.91731e-05, 0.00187785, -0.0110547, 0.00562741, 0.354335, 0.12107, -0.294379, -2.47875, -0.153464, 2.68709, -0.194359, 0.00405366, 0.00257662, -0.000377347, -0.0010362, 0.000132215, 0.0149022, -0.000401426
275938, 10.2769, -0.00414245, -0.0121406, 0.0599026, -0.127504, -0.0855344, 0.381198, -0.0140291, -0.0093444, -0.0150077, 0.041329, 0.419834, 0.028777, 0.495076, 0.0226524, 0.154514, 0.920797, 0.385642, 0.0584264, 0.376227, -0.917675, 0.127771, 0.10289, -0.0956699, -0.990081, 0.00114322, 0.00128321, -0.00054091, 0.000254415, -0.00374748, 0.00132608, 0.354337, 0.12109, -0.294377, -2.47874, -0.153461, 2.68716, -0.194334, 0.00217832, 0.00355106, 0.00014964, 0.00146982, 0.000294268, 0.00562066, 0.00145678
286137, 10.2869, -0.00412622, -0.0121374, 0.0599086, -0.127501, -0.0856182, 0.381149, -0.0141409, -0.00934684, -0.0150392, 0.041108, 0.420216, 0.028776, 0.495094, 0.0226639, 0.154523, 0.920804, 0.38561, 0.0585297, 0.376184, -0.917691, 0.127783, 0.102987, -0.0956455, -0.990074, 0.00253676, 0.00227012, 0.00114144, 0.00303781, -0.0129224, -0.000610612, 0.354344, 0.121092, -0.294371, -2.47874, -0.153454, 2.68726, -0.194282, 0.00232608, 0.000811742, 0.000958295, 0.000480841, 0.000273429, 0.0130747, 0.00521474
296311, 10.2979, -0.00410847, -0.0121244, 0.0599202, -0.127492, -0.0857178, 0.38106, -0.00987823, -0.00684839, -0.00730087, 0.041356, 0.420033, 0.028911, 0.49511, 0.0226686, 0.154531, 0.920837, 0.385516, 0.0586221, 0.376081, -0.917733, 0.127789, 0.103064, -0.0956263, -0.990067, -0.000126987, -0.000575279, -0.000500701, 0.00188493, -0.00255984, -0.0154377, 0.354341, 0.121092, -0.294367, -2.47874, -0.153448, 2.68734, -0.194176, -0.00145171, 0.000651647, 0.000154829, -0.00141041, 0.000110522, 0.00327905, 0.0145141
306473, 10.3079, -0.00407758, -0.0121122, 0.0599453, -0.12748, -0.0858718, 0.380926, -0.00991569, -0.00685109, -0.00730344, 0.041356, 0.420033, 0.028911, 0.49514, 0.0226808, 0.154556, 0.920879, 0.385391, 0.0587882, 0.37594, -0.917789, 0.127801, 0.103209, -0.0955884, -0.990056, 0.00249129, 0.000225715, 0.00205704, 0.00504917, -0.0133341, -0.0126521, 0.354346, 0.121073, -0.294363, -2.47873, -0.153436, 2.68746, -0.19403, -0.00100222, -0.00181476, 8.05928e-05, 0.00027215, 0.00236061, 0.01058, 0.0110411
316676, 10.3179, -0.0040495, -0.0120995, 0.0599636, -0.127465, -0.0860281, 0.380748, -0.00996349, -0.00191284, -0.00737598, 0.041417, 0.420029, 0.028776, 0.495169, 0.0226935, 0.154575, 0.920938, 0.385222, 0.0589601, 0.375754, -0.917864, 0.127809, 0.103352, -0.0955495, -0.990045, 0.00317158, 0.00117525, 0.00164953, 0.0058099, -0.0183354, -0.0182251, 0.354355, 0.121065, -0.294362, -2.47873, -0.15342, 2.6876, -0.193836, 0.00113076, 0.000136964, -0.000466233, -0.000217825, 0.00107074, 0.0171721, 0.0201305
326903, 10.3279, -0.00400899, -0.0120935, 0.0599885, -0.127448, -0.0862328, 0.380493, -0.0100146, -0.00191546, -0.00737936, 0.041417, 0.420029, 0.028776, 0.495209, 0.0226995, 0.1546, 0.921025, 0.38498, 0.0591864, 0.375489, -0.91797, 0.12782, 0.10354, -0.095502, -0.99003, 0.00422971, 0.000597314, 0.00241497, 0.00884703, -0.0227642, -0.0266585, 0.354347, 0.12106, -0.294362, -2.47872, -0.153397, 2.68778, -0.193582, -0.00134522, -0.000198689, 0.000321925, 0.000611932, 0.00445267, 0.0201681, 0.0243969
337211, 10.3389, -0.00395794, -0.0120861, 0.0600176, -0.127411, -0.0865133, 0.380097, -0.00581688, -0.00438539, -0.00722363, 0.041383, 0.419979, 0.029046, 0.49526, 0.0227069, 0.154629, 0.921163, 0.384601, 0.0595026, 0.375081, -0.918137, 0.12782, 0.103791, -0.0954249, -0.990011, 0.00453056, 0.00135523, 0.00321364, 0.0127147, -0.0288332, -0.0374733, 0.354342, 0.121056, -0.29437, -2.47872, -0.153337, 2.68804, -0.193209, -0.000155224, -0.0025079, -1.70499e-06, -0.00163227, 0.00665318, 0.0254399, 0.0348287
347436, 10.3489, -0.00389743, -0.0120677, 0.0600484, -0.12733, -0.0868532, 0.379574, 0.00251435, -0.00922658, -0.00750784, 0.041314, 0.419883, 0.02878, 0.495321, 0.0227253, 0.154659, 0.921348, 0.384096, 0.059896, 0.374545, -0.918362, 0.127781, 0.104086, -0.0952971, -0.989992, 0.00575974, 0.00241659, 0.00281732, 0.0207465, -0.0346001, -0.0563754, 0.354344, 0.121061, -0.29437, -2.47872, -0.153185, 2.68836, -0.19276, 0.00112076, 0.000617341, 0.000178332, -0.000635571, 0.0193547, 0.0323633, 0.0452707
357659, 10.3589, -0.00382227, -0.0120398, 0.0600907, -0.127222, -0.0872824, 0.378867, 0.0108923, -0.00429361, -0.014983, 0.041145, 0.419906, 0.02905, 0.495396, 0.0227532, 0.154702, 0.9216, 0.383412, 0.0603971, 0.37382, -0.918665, 0.127724, 0.104455, -0.0951324, -0.989969, 0.00803688, 0.00216505, 0.00475163, 0.026538, -0.047, -0.082242, 0.354352, 0.121057, -0.294366, -2.47872, -0.15299, 2.68875, -0.192137, 0.000873598, -0.000934299, -0.00117026, 0.000273707, 0.022026, 0.0403525, 0.0684429
367886, 10.3689, -0.00371789, -0.0120034, 0.0601499, -0.127076, -0.0878788, 0.377865, 0.01504, 0.00805397, -0.0226904, 0.041291, 0.419594, 0.028916, 0.4955, 0.0227896, 0.154761, 0.921958, 0.382442, 0.061094, 0.372795, -0.919092, 0.127646, 0.104968, -0.0949084, -0.989936, 0.0111279, 0.0029545, 0.0066535, 0.0380331, -0.0660214, -0.11373, 0.354354, 0.12105, -0.294356, -2.47872, -0.15273, 2.68929, -0.191246, -0.000523331, -0.00176481, -0.000194295, -0.0003898, 0.0321472, 0.0574283, 0.0930267
378107, 10.3789, -0.00357063, -0.0119635, 0.0602328, -0.126894, -0.0887104, 0.376516, 0.0275686, 0.0106632, -0.0302715, 0.041532, 0.419565, 0.029055, 0.495647, 0.0228295, 0.154844, 0.922433, 0.381138, 0.0620576, 0.371412, -0.919664, 0.127561, 0.10569, -0.0946172, -0.989887, 0.0175891, 0.00397117, 0.00976191, 0.0483186, -0.102175, -0.139739, 0.354353, 0.121042, -0.294359, -2.47872, -0.152409, 2.69005, -0.190041, -0.00129538, -0.000934832, -0.000816748, -0.00114805, 0.033832, 0.0934097, 0.120539
388326, 10.3899, -0.00335542, -0.0119025, 0.0603594, -0.126645, -0.0899177, 0.374718, 0.0357264, 0.0107364, -0.0303383, 0.041524, 0.419463, 0.029058, 0.495863, 0.0228905, 0.15497, 0.923053, 0.379405, 0.0634416, 0.369564, -0.920422, 0.127458, 0.106751, -0.0942045, -0.989813, 0.0201133, 0.00604973, 0.0116028, 0.0612151, -0.119743, -0.180567, 0.354353, 0.121017, -0.294359, -2.47872, -0.151977, 2.69115, -0.188433, 0.000236168, -0.0022388, 9.04459e-05, -0.00180265, 0.044962, 0.107501, 0.156225
398600, 10.3999, -0.00311307, -0.0118275, 0.0604985, -0.126355, -0.0912821, 0.372652, 0.0396598, 0.0132653, -0.0226075, 0.041773, 0.41928, 0.029193, 0.496105, 0.0229655, 0.15511, 0.92376, 0.377414, 0.0650085, 0.367443, -0.921288, 0.12733, 0.107948, -0.0937352, -0.989728, 0.0264241, 0.00935589, 0.0139753, 0.0730763, -0.15164, -0.207295, 0.354358, 0.120999, -0.294351, -2.47872, -0.15148, 2.6924, -0.186576, 0.0017756, 0.00131175, 0.00216657, 0.000189518, 0.0517587, 0.139019, 0.184664
408803, 10.41, -0.0028229, -0.0117479, 0.0606573, -0.126012, -0.0929431, 0.370346, 0.0434753, 0.0256469, -0.0227019, 0.04192, 0.419219, 0.029058, 0.496395, 0.0230451, 0.155268, 0.924527, 0.375198, 0.0668986, 0.365071, -0.922251, 0.127189, 0.109419, -0.0931674, -0.98962, 0.0299572, 0.00912709, 0.0167435, 0.0849148, -0.176791, -0.224646, 0.354355, 0.12099, -0.294356, -2.47875, -0.150883, 2.69398, -0.184557, 0.000665863, -0.00207745, 0.0001053, -0.0042527, 0.0614316, 0.165269, 0.193475
418998, 10.4199, -0.00248718, -0.0116586, 0.0608341, -0.125611, -0.0948752, 0.367837, 0.0472773, 0.0331929, -0.0226711, 0.04245, 0.419159, 0.029059, 0.496731, 0.0231344, 0.155445, 0.925339, 0.372794, 0.0690837, 0.362485, -0.923292, 0.12703, 0.11114, -0.0925037, -0.98949, 0.032491, 0.00867337, 0.0165367, 0.0986262, -0.194419, -0.259887, 0.354345, 0.120995, -0.294362, -2.4788, -0.15018, 2.69586, -0.182411, -0.00124875, 0.00156984, -0.000616703, -0.00655026, 0.0776408, 0.187281, 0.21483
429168, 10.4309, -0.00209701, -0.0115543, 0.0610348, -0.125121, -0.097232, 0.364826, 0.0340161, 0.0405782, -0.014938, 0.042775, 0.419175, 0.029055, 0.497121, 0.0232387, 0.155646, 0.926294, 0.369908, 0.0717439, 0.359382, -0.924532, 0.126829, 0.113245, -0.0916975, -0.989327, 0.0347627, 0.00889294, 0.0179199, 0.11052, -0.222712, -0.287036, 0.354333, 0.120995, -0.294378, -2.47893, -0.149345, 2.69822, -0.179836, -0.000904475, -0.00141575, -0.00323078, -0.0165365, 0.0819575, 0.221314, 0.239717
439319, 10.4409, -0.001725, -0.0114549, 0.061227, -0.12459, -0.0995953, 0.361664, 0.0291918, 0.0382361, -0.00708532, 0.043194, 0.419475, 0.029324, 0.497493, 0.0233381, 0.155838, 0.92729, 0.36687, 0.0744268, 0.356131, -0.925824, 0.126573, 0.115342, -0.0908639, -0.989161, 0.0390539, 0.0125064, 0.0215886, 0.126104, -0.250111, -0.318047, 0.354313, 0.120976, -0.294396, -2.47912, -0.148459, 2.70062, -0.177157, 0.000648484, -0.00482425, -0.000294248, -0.0179659, 0.0936471, 0.245243, 0.268068
449611, 10.4509, -0.00133471, -0.0113461, 0.061422, -0.123899, -0.102283, 0.357867, 0.0242231, 0.0407763, 0.00063286, 0.043229, 0.419774, 0.029456, 0.497883, 0.0234469, 0.156033, 0.92848, 0.363206, 0.0775055, 0.352238, -0.927367, 0.126173, 0.117703, -0.0898484, -0.988976, 0.0362241, 0.0129435, 0.0171622, 0.153914, -0.275669, -0.393203, 0.354287, 0.120942, -0.294422, -2.47944, -0.147307, 2.70343, -0.174029, -0.00181026, -0.0041165, 0.000439008, -0.0422266, 0.120256, 0.292083, 0.323608
459952, 10.4609, -0.000925376, -0.0112259, 0.0616222, -0.123041, -0.105288, 0.353403, 0.00648465, 0.0407424, 0.00830622, 0.043023, 0.419851, 0.02945, 0.498293, 0.0235671, 0.156233, 0.929863, 0.358884, 0.0809734, 0.347675, -0.929163, 0.125614, 0.120318, -0.0886512, -0.988769, 0.0414756, 0.0143185, 0.0201304, 0.179166, -0.313415, -0.45539, 0.354274, 0.120893, -0.294468, -2.47988, -0.145873, 2.70663, -0.170432, 0.000251843, -0.00490035, -0.00222507, -0.0469265, 0.144218, 0.33088, 0.369177
470357, 10.4719, -0.000488468, -0.0111089, 0.0618166, -0.121918, -0.10886, 0.347788, -0.0113822, 0.0407838, 0.0236104, 0.043039, 0.419797, 0.029444, 0.49873, 0.0236841, 0.156428, 0.93158, 0.353427, 0.08513, 0.341951, -0.931393, 0.12481, 0.123401, -0.0871602, -0.988522, 0.0400818, 0.0114578, 0.0167387, 0.207826, -0.339409, -0.530189, 0.354253, 0.120835, -0.294565, -2.48057, -0.144, 2.71059, -0.166024, -0.000330217, -0.00331843, -0.00943316, -0.0677871, 0.177008, 0.376591, 0.412677
480737, 10.4819, -0.000105211, -0.0110059, 0.0619704, -0.120709, -0.112311, 0.342303, -0.0123741, 0.0360524, 0.0236064, 0.042758, 0.420182, 0.029578, 0.499113, 0.0237871, 0.156581, 0.933214, 0.348084, 0.0891628, 0.336371, -0.933545, 0.123886, 0.12636, -0.0856199, -0.988283, 0.0374555, 0.0104627, 0.0142893, 0.231172, -0.349065, -0.558249, 0.354235, 0.12078, -0.294678, -2.48137, -0.141946, 2.71455, -0.161941, -0.00251868, -0.00473162, -0.0102166, -0.0841047, 0.214403, 0.402706, 0.407595
491042, 10.4919, 0.000257268, -0.0109035, 0.0620913, -0.119312, -0.115894, 0.336458, -0.00912681, 0.0141178, 0.0386805, 0.042482, 0.419893, 0.029581, 0.499475, 0.0238895, 0.156702, 0.934913, 0.342373, 0.0933763, 0.330441, -0.93581, 0.122753, 0.12941, -0.0839083, -0.988035, 0.0383249, 0.00845975, 0.012735, 0.257236, -0.365318, -0.606682, 0.354209, 0.120746, -0.294792, -2.48232, -0.139524, 2.7188, -0.157809, -0.00501019, -0.000842373, -0.0126658, -0.0922555, 0.256008, 0.430929, 0.417827
501345, 10.5029, 0.000656825, -0.010778, 0.0622119, -0.117616, -0.120052, 0.329583, 0.0151498, 0.0145688, 0.030803, 0.042237, 0.419718, 0.029587, 0.499875, 0.024015, 0.156823, 0.936849, 0.335643, 0.0982711, 0.32348, -0.938424, 0.121331, 0.132944, -0.0818801, -0.987736, 0.0379707, 0.0130871, 0.0121488, 0.275675, -0.387845, -0.631692, 0.354187, 0.120719, -0.294909, -2.48349, -0.13658, 2.72381, -0.153032, -0.000387726, -0.00263979, -0.00934673, -0.107054, 0.273834, 0.466323, 0.438219
511633, 10.5129, 0.000993429, -0.0106713, 0.0622899, -0.115969, -0.123945, 0.322912, 0.0183051, 0.0124021, 0.0382069, 0.041981, 0.419543, 0.029453, 0.500211, 0.0241217, 0.156901, 0.938677, 0.329095, 0.102866, 0.316737, -0.940905, 0.119898, 0.136245, -0.0799641, -0.987443, 0.0361291, 0.0113173, 0.00924271, 0.286976, -0.405155, -0.668408, 0.354158, 0.120705, -0.29502, -2.48471, -0.13375, 2.72863, -0.148401, -0.00390713, -0.00142711, -0.0097115, -0.124057, 0.278779, 0.500457, 0.469372
521938, 10.5229, 0.00129617, -0.0105702, 0.0623312, -0.114273, -0.127895, 0.31626, 0.0131169, 0.0102901, 0.045726, 0.042398, 0.419085, 0.029319, 0.500514, 0.0242228, 0.156942, 0.940423, 0.322562, 0.107511, 0.310022, -0.943328, 0.1184, 0.13961, -0.0780152, -0.987129, 0.0280504, 0.0126658, 0.00255063, 0.293009, -0.389026, -0.657065, 0.354132, 0.120704, -0.295139, -2.48609, -0.130847, 2.73369, -0.143875, 0.00118004, 0.000173415, -0.00967846, -0.142395, 0.298086, 0.506705, 0.445428
532244, 10.5339, 0.00157341, -0.010478, 0.0623281, -0.112383, -0.132209, 0.309114, -0.0133778, 0.00567248, 0.0459244, 0.042805, 0.41939, 0.02945, 0.500791, 0.024315, 0.156939, 0.942214, 0.315534, 0.112567, 0.302817, -0.945876, 0.116705, 0.143299, -0.075874, -0.986767, 0.0220599, 0.00871626, -0.00263165, 0.286865, -0.381042, -0.641395, 0.354073, 0.120709, -0.295262, -2.48779, -0.127625, 2.73943, -0.139145, -0.00241116, 0.00127049, -0.0118761, -0.159261, 0.290055, 0.518403, 0.430242
542547, 10.5439, 0.00175601, -0.0103982, 0.0622717, -0.110581, -0.136085, 0.302511, -0.00597276, 0.00614859, 0.0610789, 0.04302, 0.41941, 0.029451, 0.500974, 0.0243948, 0.156883, 0.943815, 0.309023, 0.117123, 0.296176, -0.94818, 0.115038, 0.146603, -0.0738858, -0.986432, 0.0160845, 0.00521322, -0.00684216, 0.297422, -0.380005, -0.65783, 0.354036, 0.120707, -0.29538, -2.48954, -0.124558, 2.7448, -0.134862, -0.00597427, -0.00117259, -0.0139324, -0.179937, 0.307898, 0.536781, 0.425758
552802, 10.5539, 0.0018706, -0.0103108, 0.0621639, -0.108629, -0.139934, 0.295541, -0.0197115, -0.00583848, 0.0611233, 0.042881, 0.419572, 0.029584, 0.501089, 0.0244822, 0.156775, 0.94547, 0.302125, 0.121682, 0.289188, -0.95056, 0.113164, 0.149856, -0.071804, -0.986097, 0.00711419, 0.00671698, -0.0143643, 0.320081, -0.37072, -0.706215, 0.354003, 0.120696, -0.295469, -2.49149, -0.121231, 2.75032, -0.130409, -0.00730806, -0.000149038, -0.00721749, -0.203492, 0.344294, 0.551409, 0.447904
563124, 10.5649, 0.00192715, -0.0102034, 0.0619812, -0.106361, -0.144128, 0.287715, -0.00398914, -0.0052346, 0.0608989, 0.042644, 0.41975, 0.029587, 0.501145, 0.0245896, 0.156592, 0.947264, 0.294359, 0.126667, 0.281361, -0.953169, 0.110931, 0.153388, -0.0694415, -0.985723, 0.00489255, 0.00826741, -0.0168126, 0.326084, -0.38094, -0.691558, 0.353991, 0.120709, -0.295544, -2.49384, -0.117331, 2.75658, -0.125533, -0.00306421, 0.00083862, -0.00735476, -0.218667, 0.357788, 0.580281, 0.426161
573420, 10.5749, 0.00190204, -0.010119, 0.0617603, -0.104332, -0.147787, 0.280986, -0.00079777, -0.0170394, 0.0605319, 0.042489, 0.419712, 0.029321, 0.50112, 0.024674, 0.156371, 0.948728, 0.28767, 0.131, 0.274642, -0.955358, 0.108913, 0.156483, -0.0673509, -0.985382, -0.000399181, 0.00943254, -0.0205345, 0.313535, -0.372367, -0.645356, 0.353961, 0.120715, -0.295591, -2.49615, -0.113843, 2.76231, -0.121478, -0.00315001, 0.000437689, -0.00293402, -0.232068, 0.342595, 0.587492, 0.395699
583664, 10.5849, 0.00183029, -0.0100276, 0.0614985, -0.102415, -0.151326, 0.27469, 0.0278231, -0.0336884, 0.0524324, 0.042028, 0.419501, 0.029197, 0.501048, 0.0247654, 0.156109, 0.950022, 0.28141, 0.135158, 0.26836, -0.957358, 0.107003, 0.159506, -0.065384, -0.985029, -0.011862, 0.00853232, -0.0294027, 0.291618, -0.336156, -0.600975, 0.353945, 0.120748, -0.295615, -2.49855, -0.110594, 2.76806, -0.117648, -0.00343522, 0.00290892, -0.000173097, -0.248305, 0.316501, 0.571523, 0.372585
593951, 10.5949, 0.00171628, -0.00992353, 0.0612249, -0.100579, -0.154814, 0.26871, 0.026939, -0.0480846, 0.0446492, 0.041846, 0.419262, 0.0292, 0.500934, 0.0248695, 0.155836, 0.951177, 0.275463, 0.139222, 0.262397, -0.959212, 0.105169, 0.162514, -0.0635028, -0.984661, -0.00716965, 0.0111439, -0.0237535, 0.288953, -0.361276, -0.580039, 0.35394, 0.120733, -0.295611, -2.50106, -0.107563, 2.77384, -0.113941, -0.00018679, -0.00256671, 0.000826979, -0.24785, 0.304718, 0.592138, 0.366579
604248, 10.6059, 0.00152665, -0.00977616, 0.0608786, -0.0986167, -0.15853, 0.262578, 0.0386965, -0.0451222, 0.0445865, 0.041864, 0.419106, 0.029338, 0.500745, 0.0250168, 0.15549, 0.952284, 0.26936, 0.143528, 0.256291, -0.961074, 0.103208, 0.165741, -0.0614985, -0.98425, -0.0192508, 0.0100088, -0.0325394, 0.270174, -0.324291, -0.538372, 0.353987, 0.12072, -0.29557, -2.50396, -0.10436, 2.78024, -0.110144, 0.00152739, -0.0014559, 0.00114303, -0.26563, 0.286144, 0.57575, 0.339167
614539, 10.6159, 0.00130073, -0.00963015, 0.0605245, -0.0968646, -0.161805, 0.257278, 0.0718205, -0.0395248, 0.0366418, 0.042336, 0.418441, 0.029214, 0.500519, 0.0251628, 0.155136, 0.953186, 0.264077, 0.147308, 0.251021, -0.962651, 0.101447, 0.168596, -0.0597203, -0.983874, -0.0234914, 0.0183194, -0.0357604, 0.267266, -0.322139, -0.507551, 0.354045, 0.120716, -0.295502, -2.50671, -0.101506, 2.78609, -0.106898, 0.013196, -0.000298107, 0.00751899, -0.277189, 0.28332, 0.587617, 0.328005
624826, 10.6259, 0.00103391, -0.0094632, 0.0601483, -0.0951252, -0.16499, 0.252385, 0.0964612, -0.0290719, 0.0289469, 0.042656, 0.418254, 0.029355, 0.500252, 0.0253298, 0.154759, 0.953954, 0.259193, 0.150966, 0.246167, -0.964085, 0.0997053, 0.171387, -0.0579514, -0.983498, -0.0279806, 0.0190498, -0.0386027, 0.258403, -0.303399, -0.463076, 0.354131, 0.120703, -0.2954, -2.50954, -0.098632, 2.79194, -0.104053, 0.0131983, 0.000463241, 0.0117133, -0.28128, 0.287047, 0.576672, 0.281385
635102, 10.6359, 0.000735063, -0.00924225, 0.059735, -0.0933191, -0.168432, 0.247563, 0.116699, -0.0308394, 0.0210201, 0.04305, 0.418509, 0.029228, 0.499953, 0.0255507, 0.154346, 0.954622, 0.254381, 0.154877, 0.241386, -0.965476, 0.0979215, 0.17444, -0.0560928, -0.983069, -0.0267488, 0.0215576, -0.0369313, 0.24169, -0.310286, -0.407734, 0.354253, 0.120703, -0.295227, -2.51263, -0.0956702, 2.79833, -0.101259, 0.0109507, -0.000137105, 0.0189702, -0.281274, 0.261206, 0.585292, 0.252405
645387, 10.6469, 0.000448045, -0.00900465, 0.0593526, -0.0917822, -0.171541, 0.243566, 0.141334, -0.0351914, -0.00202219, 0.043188, 0.418591, 0.029373, 0.499666, 0.0257884, 0.153964, 0.955102, 0.250396, 0.158372, 0.237424, -0.966609, 0.0964235, 0.177228, -0.0544929, -0.98266, -0.0330816, 0.0242596, -0.0404706, 0.220109, -0.284231, -0.360403, 0.354399, 0.120708, -0.295024, -2.51547, -0.0932314, 2.80417, -0.0988264, 0.0174699, -0.000431714, 0.0202094, -0.285116, 0.231556, 0.563685, 0.235415
655638, 10.6569, 0.000157864, -0.00872689, 0.0589709, -0.0903352, -0.174715, 0.239811, 0.127849, -0.0275678, -0.00201148, 0.04329, 0.418737, 0.029369, 0.499376, 0.0260661, 0.153582, 0.955482, 0.246661, 0.161903, 0.233699, -0.967653, 0.0950339, 0.180107, -0.0529667, -0.98222, -0.0307384, 0.0282724, -0.0397719, 0.221549, -0.307863, -0.364745, 0.354574, 0.120717, -0.294771, -2.51835, -0.091056, 2.81013, -0.0963386, 0.0184071, 0.00276154, 0.0265194, -0.290088, 0.219821, 0.594894, 0.258965
665921, 10.6669, -0.000120396, -0.00840566, 0.0586071, -0.0889421, -0.177947, 0.236155, 0.118519, -0.0322276, 0.00564302, 0.043239, 0.419094, 0.0295, 0.499098, 0.0263873, 0.153218, 0.955801, 0.243027, 0.165475, 0.230072, -0.968652, 0.0937034, 0.18306, -0.0514907, -0.981752, -0.0292524, 0.0349202, -0.0371837, 0.21584, -0.316755, -0.34245, 0.354784, 0.120722, -0.294467, -2.52121, -0.0890709, 2.81613, -0.0937082, 0.0251864, 0.000850083, 0.0326544, -0.288411, 0.202523, 0.600621, 0.264377
676222, 10.6779, -0.00041759, -0.00802865, 0.0582321, -0.087431, -0.181522, 0.232069, 0.138791, -0.0244083, -0.00222755, 0.043088, 0.418964, 0.029504, 0.4988, 0.0267643, 0.152843, 0.956135, 0.238963, 0.169417, 0.226019, -0.969745, 0.0922439, 0.186335, -0.049906, -0.981218, -0.0281887, 0.0296131, -0.0352301, 0.204875, -0.31416, -0.350837, 0.355032, 0.120703, -0.294098, -2.52432, -0.0870051, 2.82269, -0.0906051, 0.0185179, 6.99215e-05, 0.0291282, -0.28228, 0.175087, 0.590136, 0.285532
686556, 10.6879, -0.00067599, -0.00764759, 0.0579185, -0.0860455, -0.184853, 0.228328, 0.129431, -0.0241351, 0.0053265, 0.043096, 0.419317, 0.029501, 0.498542, 0.0271454, 0.15253, 0.956403, 0.235239, 0.17308, 0.222313, -0.970729, 0.0909001, 0.189397, -0.0484593, -0.980704, -0.0242933, 0.0405084, -0.0304555, 0.214519, -0.337398, -0.344203, 0.355272, 0.120654, -0.293701, -2.52714, -0.08518, 2.8287, -0.0876479, 0.0250154, -0.00334341, 0.0433108, -0.280798, 0.179954, 0.609321, 0.296166
696807, 10.6979, -0.000908909, -0.00724672, 0.0576216, -0.0846453, -0.188333, 0.224652, 0.145457, -0.0188813, 0.00498125, 0.042697, 0.419114, 0.029368, 0.498309, 0.0275463, 0.152233, 0.956599, 0.231582, 0.176884, 0.218674, -0.97168, 0.0895536, 0.192614, -0.046987, -0.980149, -0.0251792, 0.039945, -0.0316162, 0.214542, -0.338416, -0.342379, 0.355508, 0.120625, -0.29326, -2.52996, -0.0833259, 2.83489, -0.0847543, 0.0253423, -0.000326145, 0.043178, -0.28378, 0.18267, 0.616767, 0.291756
707099, 10.7089, -0.00117709, -0.00680556, 0.0572854, -0.0830676, -0.192157, 0.220573, 0.161466, -0.00862447, -0.00276958, 0.04258, 0.419032, 0.029505, 0.498041, 0.0279874, 0.151896, 0.956793, 0.227514, 0.181064, 0.214644, -0.972718, 0.0880164, 0.196149, -0.0453491, -0.979525, -0.0252629, 0.0388889, -0.0312344, 0.21694, -0.339281, -0.342131, 0.355745, 0.120615, -0.292734, -2.53309, -0.0811811, 2.84175, -0.0816236, 0.0191969, 0.000321197, 0.0485329, -0.284083, 0.190426, 0.619554, 0.282991
717383, 10.7189, -0.00143363, -0.00641517, 0.0569746, -0.0816278, -0.1956, 0.216816, 0.177596, 0.00163711, -0.00284953, 0.042686, 0.418819, 0.029642, 0.497784, 0.0283778, 0.151586, 0.956959, 0.22376, 0.184827, 0.21094, -0.973656, 0.0865911, 0.199333, -0.0438767, -0.978949, -0.0250602, 0.041155, -0.0299515, 0.219214, -0.339214, -0.345794, 0.355945, 0.120614, -0.292246, -2.53595, -0.0792093, 2.84798, -0.078765, 0.0229855, -0.000349524, 0.0504194, -0.281809, 0.192871, 0.616661, 0.289353
727627, 10.7289, -0.00164376, -0.00603763, 0.0567063, -0.0801893, -0.199155, 0.212933, 0.176773, 0.0166313, -0.0105879, 0.042422, 0.418558, 0.029639, 0.497574, 0.0287554, 0.151317, 0.957102, 0.219879, 0.188702, 0.207111, -0.974604, 0.0851541, 0.202633, -0.042419, -0.978336, -0.0206908, 0.03777, -0.0264138, 0.220421, -0.355364, -0.357596, 0.356094, 0.120613, -0.291733, -2.53872, -0.0772561, 2.85424, -0.0757976, 0.0154954, 0.000405848, 0.0508527, -0.276748, 0.188505, 0.628551, 0.298388
737903, 10.7389, -0.001856, -0.00568338, 0.0564507, -0.0787674, -0.202707, 0.208921, 0.167458, 0.016928, -0.00301992, 0.042652, 0.41853, 0.029637, 0.497362, 0.0291096, 0.151062, 0.957245, 0.215866, 0.192572, 0.203157, -0.975562, 0.0837063, 0.205935, -0.0410051, -0.977706, -0.0183132, 0.0392193, -0.0230569, 0.227289, -0.363145, -0.378441, 0.356203, 0.12059, -0.291221, -2.54149, -0.0753844, 2.86048, -0.0726757, 0.0136646, -0.00178733, 0.0558759, -0.271889, 0.190055, 0.629031, 0.320983
748183, 10.7499, -0.00206147, -0.00531659, 0.0561976, -0.0772889, -0.20669, 0.204613, 0.170801, 0.0295572, 0.00439503, 0.042799, 0.417961, 0.029502, 0.497157, 0.0294764, 0.150809, 0.957329, 0.211562, 0.196884, 0.198908, -0.976565, 0.0822028, 0.209661, -0.0395335, -0.976975, -0.0167527, 0.0307471, -0.0215123, 0.207345, -0.363145, -0.356361, 0.356311, 0.120568, -0.290697, -2.54449, -0.0735414, 2.86739, -0.0692116, 0.00937503, -0.000831268, 0.0427466, -0.267279, 0.156091, 0.625484, 0.31063
758466, 10.7599, -0.00224001, -0.00502181, 0.0559834, -0.0760566, -0.210284, 0.20099, 0.191062, 0.042387, 0.00408089, 0.043153, 0.418076, 0.029371, 0.496978, 0.0297712, 0.150594, 0.957318, 0.20795, 0.200748, 0.195332, -0.97739, 0.080963, 0.213045, -0.0382948, -0.976292, -0.0186375, 0.0259504, -0.0211836, 0.194405, -0.351144, -0.331595, 0.356382, 0.120542, -0.290273, -2.54718, -0.0720879, 2.87362, -0.0662493, 0.00461884, -0.00382248, 0.0385174, -0.266553, 0.141002, 0.610751, 0.288268
768755, 10.7699, -0.00240111, -0.00476768, 0.0557859, -0.0749007, -0.213865, 0.197538, 0.190257, 0.0574483, 0.0116529, 0.043556, 0.417933, 0.029369, 0.496817, 0.0300253, 0.150397, 0.957247, 0.204512, 0.204579, 0.191925, -0.97816, 0.0798047, 0.216432, -0.037129, -0.975591, -0.0129171, 0.0248279, -0.0157856, 0.187087, -0.367856, -0.313531, 0.356439, 0.120527, -0.289914, -2.54981, -0.070749, 2.8798, -0.0634431, 0.00375821, -0.00485501, 0.0355621, -0.257225, 0.124881, 0.61765, 0.280869
779034, 10.7809, -0.00256129, -0.00452875, 0.0555873, -0.0736465, -0.217778, 0.193548, 0.193625, 0.0553706, 0.0116962, 0.043967, 0.417879, 0.029641, 0.496657, 0.0302643, 0.150198, 0.957184, 0.200533, 0.208771, 0.187986, -0.979029, 0.0785092, 0.220136, -0.0359018, -0.974808, -0.0152641, 0.021381, -0.0175413, 0.192222, -0.349463, -0.3456, 0.356462, 0.120518, -0.289554, -2.55263, -0.0693225, 2.88651, -0.0601962, 0.00127695, -0.00243945, 0.0339153, -0.253108, 0.13476, 0.596727, 0.298786
789340, 10.7909, -0.00268063, -0.00433809, 0.0554288, -0.072447, -0.221401, 0.189503, 0.188527, 0.0581221, -0.00360035, 0.044, 0.418184, 0.029776, 0.496537, 0.0304549, 0.15004, 0.957166, 0.19649, 0.212662, 0.183998, -0.979889, 0.0772173, 0.223557, -0.0347804, -0.97407, -0.013791, 0.0191241, -0.0167407, 0.200067, -0.356041, -0.380126, 0.356472, 0.120523, -0.289257, -2.55514, -0.0679086, 2.89263, -0.056972, 0.000521204, 0.000169022, 0.0310095, -0.251222, 0.138377, 0.603054, 0.327246
799693, 10.8009, -0.0028152, -0.00416628, 0.0552669, -0.0711909, -0.224927, 0.184962, 0.196081, 0.053575, 0.00388538, 0.043933, 0.418338, 0.029912, 0.496403, 0.0306267, 0.149878, 0.957235, 0.191935, 0.216476, 0.179527, -0.980829, 0.0757864, 0.226872, -0.0336822, -0.973342, -0.0143996, 0.0194266, -0.0164429, 0.213752, -0.349539, -0.435626, 0.356485, 0.120526, -0.288982, -2.55763, -0.0664403, 2.89862, -0.0533134, 0.00344257, 0.00030192, 0.030426, -0.247384, 0.145212, 0.591197, 0.379335
810149, 10.8119, -0.00296884, -0.00400643, 0.0550923, -0.0697455, -0.228726, 0.17943, 0.195044, 0.0441548, 0.0111859, 0.043813, 0.418599, 0.029777, 0.496249, 0.0307866, 0.149703, 0.957391, 0.186373, 0.220609, 0.174087, -0.981941, 0.0740588, 0.230428, -0.032498, -0.972547, -0.0132512, 0.0165478, -0.0147675, 0.226449, -0.348876, -0.477614, 0.356488, 0.120529, -0.288706, -2.56033, -0.0647435, 2.90508, -0.0488607, 0.000340553, -0.000112262, 0.0297801, -0.242635, 0.16173, 0.584884, 0.402809
820600, 10.8219, -0.00309764, -0.00388325, 0.0549477, -0.0684338, -0.232082, 0.174368, 0.219536, 0.0446657, 0.0108345, 0.043569, 0.418676, 0.029782, 0.49612, 0.0309097, 0.149559, 0.957521, 0.181274, 0.224263, 0.169113, -0.98293, 0.0724593, 0.23357, -0.0314554, -0.971831, -0.0124824, 0.0104605, -0.0140115, 0.223788, -0.336164, -0.485473, 0.356494, 0.120537, -0.288486, -2.56269, -0.0631511, 2.91077, -0.0448617, -6.60063e-05, 0.00120134, 0.0201802, -0.233213, 0.168021, 0.563987, 0.393479
