timestamp, robot_time[1], robot_ee_pos_error[3], robot_ee_ori_error[3], sensed_forces_moments[6], robot_ee_position[3], robot_ee_orientation[9], robot_ee_linear_velocity[3], robot_ee_angular_velocity[3], joint_angles[7], joint_velocities[7], 
10180, 10.01, 0.00350983, 0.0146301, 0.0738931, -0.103844, -0.12388, 0.370122, -0.0072105, -0.0145305, 0.00779445, 0.04262, 0.420738, 0.02932, 0.502728, 0.0494231, 0.168504, 0.92113, 0.375626, 0.102104, 0.364695, -0.92449, 0.110977, 0.13608, -0.0649869, -0.988564, -0.0045713, -0.00398437, -0.00509992, -0.00418956, 0.0148292, -0.00481421, 0.392643, 0.102133, -0.284165, -2.46622, -0.117713, 2.69022, -0.167037, -0.00211876, 0.00351671, -0.00386096, -0.00760708, -0.00121221, -0.00427833, -0.000751649
20479, 10.021, 0.00344121, 0.0145917, 0.0737983, -0.103864, -0.123668, 0.370094, -0.053811, -0.017295, 0.0461301, 0.042635, 0.421038, 0.02917, 0.502659, 0.0493847, 0.168409, 0.921168, 0.37559, 0.101894, 0.364676, -0.924501, 0.110949, 0.135872, -0.0650446, -0.988589, -0.00757056, -0.00271941, -0.00888465, -0.00429971, 0.0204776, -0.00327822, 0.392638, 0.10223, -0.284199, -2.46634, -0.117711, 2.69022, -0.167036, -0.000700525, 0.00686433, -0.00201488, -0.0142777, 0.000149751, -2.61667e-05, 3.73488e-05
31100, 10.031, 0.00335431, 0.0145404, 0.0736909, -0.103882, -0.123413, 0.370047, -0.0537436, -0.0173271, 0.0613969, 0.042635, 0.420781, 0.029169, 0.502572, 0.0493334, 0.168302, 0.921221, 0.375529, 0.101639, 0.364637, -0.92452, 0.110914, 0.135619, -0.0651149, -0.988619, -0.0102886, -0.00425689, -0.0118624, -0.00615239, 0.0282138, -0.00533282, 0.392627, 0.102322, -0.284256, -2.4665, -0.117713, 2.69021, -0.167035, 0.000258995, 0.00883501, -0.00497638, -0.019252, 9.93803e-05, -0.00113666, -9.95222e-05
41389, 10.042, 0.00320823, 0.014455, 0.0735135, -0.103909, -0.12299, 0.369965, -0.045206, -0.0172934, 0.0536982, 0.042405, 0.420809, 0.029171, 0.502426, 0.049248, 0.168125, 0.921309, 0.375426, 0.101215, 0.36457, -0.924554, 0.110853, 0.135196, -0.0652302, -0.988669, -0.0161041, -0.0070946, -0.0202317, -0.0107192, 0.0452342, -0.00932273, 0.392619, 0.102469, -0.284361, -2.46677, -0.117713, 2.69019, -0.167034, -6.9632e-05, 0.0181428, -0.00792555, -0.0298364, -4.35794e-05, 0.000841684, 0.000634468
51611, 10.0521, 0.00303185, 0.014361, 0.0732999, -0.103939, -0.12249, 0.369887, -0.053545, -0.0172568, 0.0461616, 0.042635, 0.421038, 0.02917, 0.50225, 0.049154, 0.167911, 0.921407, 0.375321, 0.100714, 0.364508, -0.924587, 0.11078, 0.134697, -0.0653621, -0.988729, -0.0194407, -0.011141, -0.0246131, -0.0144967, 0.0566367, -0.0140274, 0.392607, 0.102645, -0.284469, -2.4671, -0.117713, 2.69018, -0.167038, 0.00104593, 0.0224087, -0.0154452, -0.035496, -0.000308282, -0.00123567, -0.00118043
61895, 10.062, 0.00283239, 0.0142423, 0.0730559, -0.103977, -0.121913, 0.369769, -0.0491558, -0.0147679, 0.0462569, 0.042661, 0.420984, 0.029306, 0.50205, 0.0490353, 0.167667, 0.92153, 0.375174, 0.100138, 0.36441, -0.924636, 0.110696, 0.134121, -0.0655188, -0.988797, -0.0179604, -0.00942912, -0.0226796, -0.0143651, 0.0530185, -0.0106465, 0.392578, 0.10285, -0.284599, -2.46747, -0.117713, 2.69016, -0.167034, 0.000427453, 0.0209313, -0.0119685, -0.0318999, -0.00218085, -0.00258697, -0.000163043
72157, 10.072, 0.00260265, 0.0141035, 0.0727681, -0.104022, -0.12125, 0.369637, -0.0448132, -0.017237, 0.0537444, 0.042405, 0.420809, 0.029171, 0.501821, 0.0488965, 0.167379, 0.921669, 0.375008, 0.0994745, 0.3643, -0.92469, 0.110603, 0.13346, -0.065701, -0.988874, -0.0236159, -0.0122342, -0.0282626, -0.0153711, 0.0662162, -0.0157523, 0.392545, 0.103103, -0.284753, -2.4679, -0.117711, 2.69016, -0.167037, -0.00453284, 0.0234483, -0.0121819, -0.0435405, -7.59944e-05, -0.00110886, 0.00159226
82358, 10.083, 0.00232802, 0.0139369, 0.0724208, -0.104079, -0.120452, 0.369471, -0.0361471, -0.0170922, 0.0461052, 0.042619, 0.420835, 0.029175, 0.501546, 0.0487299, 0.167032, 0.921839, 0.374801, 0.0986761, 0.364161, -0.924758, 0.110493, 0.132665, -0.0659231, -0.988966, -0.0231944, -0.0146772, -0.0286668, -0.01572, 0.0655952, -0.0214772, 0.392503, 0.103416, -0.284935, -2.46841, -0.117711, 2.69016, -0.16703, -0.00337164, 0.0245184, -0.0168691, -0.0437981, 9.58567e-05, -8.42335e-05, -3.30139e-05
92528, 10.093, 0.00206977, 0.0137757, 0.0720839, -0.104141, -0.119682, 0.369319, -0.0275308, -0.01705, 0.038425, 0.042389, 0.420863, 0.029177, 0.501288, 0.0485687, 0.166695, 0.921999, 0.37461, 0.0979037, 0.364034, -0.92482, 0.110395, 0.131898, -0.0661439, -0.989054, -0.0250635, -0.0134359, -0.0348159, -0.0213967, 0.0769189, -0.0162386, 0.39246, 0.10374, -0.285109, -2.46888, -0.117713, 2.69016, -0.16703, -0.00469512, 0.0378789, -0.0115952, -0.0430152, -0.00236653, 0.00023655, 0.000775734
102749, 10.103, 0.00180257, 0.0136198, 0.0717332, -0.104204, -0.118883, 0.36918, -0.0188267, -0.0169668, 0.0154955, 0.04238, 0.420767, 0.029182, 0.501021, 0.0484128, 0.166344, 0.922157, 0.374431, 0.0971011, 0.363922, -0.924876, 0.110292, 0.131103, -0.0663694, -0.989145, -0.0249592, -0.0153835, -0.0348288, -0.0189858, 0.0773649, -0.0228871, 0.392421, 0.104085, -0.285273, -2.46936, -0.117712, 2.69016, -0.167032, -0.00453755, 0.0380058, -0.015625, -0.0430829, 0.00343982, 0.000152662, -0.00134144
112975, 10.113, 0.00154715, 0.0134582, 0.0713863, -0.104271, -0.118096, 0.369025, -0.0186395, -0.021885, 0.0155953, 0.04232, 0.42077, 0.029317, 0.500765, 0.0482512, 0.165997, 0.922319, 0.374236, 0.0963111, 0.363792, -0.924939, 0.110196, 0.130321, -0.0665983, -0.989233, -0.0274733, -0.0176524, -0.0377159, -0.0170682, 0.0844496, -0.0319344, 0.392369, 0.104447, -0.285437, -2.46981, -0.117708, 2.69016, -0.167031, -0.00777562, 0.0400404, -0.0161486, -0.0480336, 0.00954376, 5.04456e-05, -0.0013453
123097, 10.123, 0.00129615, 0.0132905, 0.0710312, -0.104351, -0.117296, 0.368861, -0.0142308, -0.0242255, 0.00786509, 0.042507, 0.420849, 0.029185, 0.500514, 0.0480835, 0.165642, 0.922485, 0.374032, 0.0955059, 0.363654, -0.925004, 0.110109, 0.129528, -0.066843, -0.98932, -0.024862, -0.015724, -0.0362616, -0.0218688, 0.0796341, -0.0227933, 0.392319, 0.104843, -0.285613, -2.47024, -0.117711, 2.69016, -0.167023, -0.00396646, 0.0425976, -0.0164267, -0.0412358, 0.000664231, 2.11283e-05, 0.000725502
133216, 10.133, 0.00105295, 0.0131347, 0.0706835, -0.104428, -0.116515, 0.368709, 0.00292, -0.0240345, 0.000176141, 0.042713, 0.420773, 0.029191, 0.500247, 0.047914, 0.16526, 0.922657, 0.373828, 0.0946426, 0.36352, -0.925067, 0.110016, 0.128678, -0.0671028, -0.989414, -0.02449, -0.0144904, -0.0360413, -0.0224607, 0.080316, -0.0189846, 0.392271, 0.105279, -0.285787, -2.47069, -0.117711, 2.69016, -0.167012, -0.00547079, 0.043426, -0.0125182, -0.0390076, -9.79728e-06, -0.00196076, -0.000267095
143333, 10.144, 0.000812622, 0.0129922, 0.0703136, -0.104519, -0.115703, 0.368605, 0.0199591, -0.0337898, -0.0077162, 0.042354, 0.420708, 0.029062, 0.500031, 0.0477852, 0.164925, 0.922786, 0.373697, 0.0938977, 0.363448, -0.925103, 0.109951, 0.127953, -0.0673342, -0.989492, -0.0218691, -0.0132919, -0.0350102, -0.0224279, 0.0747451, -0.0190965, 0.392248, 0.10571, -0.285921, -2.47103, -0.117711, 2.69017, -0.167014, -0.00147893, 0.0466993, -0.0146227, -0.033197, 7.88147e-06, 0.000678928, 0.00216774
153450, 10.154, 0.000640941, 0.0128948, 0.0700177, -0.104603, -0.11507, 0.368543, 0.0328137, -0.02628, -0.0230014, 0.042433, 0.420807, 0.029066, 0.499859, 0.0476878, 0.164629, 0.922888, 0.373605, 0.0932523, 0.363405, -0.925125, 0.109908, 0.127332, -0.0675441, -0.989558, -0.0164551, -0.0112137, -0.0298125, -0.0164654, 0.0621284, -0.0245301, 0.392244, 0.106138, -0.286025, -2.47127, -0.117711, 2.69018, -0.167008, -4.59309e-05, 0.0449851, -0.0136914, -0.0218787, 0.00694853, 0.000569353, 0.00446223
163565, 10.164, 0.000513369, 0.0128198, 0.0697468, -0.104696, -0.11451, 0.368499, 0.0414763, -0.026246, -0.0306687, 0.042424, 0.420453, 0.029069, 0.499731, 0.0476128, 0.164358, 0.922974, 0.373536, 0.0926778, 0.363378, -0.925138, 0.10989, 0.126788, -0.0677485, -0.989614, -0.0121226, -0.00535187, -0.0270936, -0.0187132, 0.0524242, -0.00593838, 0.392243, 0.106602, -0.286097, -2.4714, -0.117712, 2.69019, -0.166988, 0.000261435, 0.0479793, -0.00357118, -0.0115352, 0.000542131, 0.00318195, 0.00216397
173712, 10.174, 0.000429252, 0.0127637, 0.0695182, -0.104791, -0.114053, 0.368493, 0.0373735, -0.0238272, -0.0305189, 0.042459, 0.420501, 0.029202, 0.499647, 0.0475567, 0.164129, 0.923032, 0.37351, 0.0922028, 0.363384, -0.925135, 0.109895, 0.126347, -0.0679319, -0.989657, -0.00829788, -0.0045104, -0.0222868, -0.0175177, 0.0438106, -0.00300118, 0.392246, 0.10705, -0.286149, -2.47144, -0.117713, 2.6902, -0.16699, 0.000743257, 0.0437921, -0.00357267, -0.00339055, -9.80965e-05, -0.000138597, 0.000161427
183827, 10.184, 0.000379749, 0.0127323, 0.069323, -0.10488, -0.113686, 0.368507, 0.0332013, -0.0263015, -0.0306013, 0.042432, 0.420555, 0.029067, 0.499598, 0.0475253, 0.163934, 0.923071, 0.373509, 0.0918179, 0.363407, -0.925124, 0.109914, 0.125997, -0.0680915, -0.989691, -0.00421672, -0.00229194, -0.0191422, -0.0146446, 0.0339117, -0.00223412, 0.392246, 0.107486, -0.286161, -2.47141, -0.117712, 2.69022, -0.166983, 0.000803724, 0.0443569, -0.000531236, 0.00486858, 0.00234417, 0.00228951, 0.000903228
193943, 10.194, 0.000358373, 0.0127154, 0.0691696, -0.10496, -0.113418, 0.368535, 0.0163266, -0.0264082, -0.0304861, 0.042447, 0.420758, 0.029063, 0.499576, 0.0475084, 0.163781, 0.923092, 0.373527, 0.0915331, 0.36344, -0.925107, 0.109944, 0.125745, -0.0682218, -0.989714, -0.00335888, -0.00158318, -0.0180002, -0.0150487, 0.0304503, 0.00150315, 0.392251, 0.107869, -0.286162, -2.47134, -0.117712, 2.69025, -0.16698, 0.000893668, 0.0430355, 0.000404207, 0.00584446, -9.21956e-05, 0.00358823, 0.00038613
204059, 10.204, 0.00034919, 0.0127067, 0.0690305, -0.105036, -0.113203, 0.368576, 0.0122238, -0.0190765, -0.0380521, 0.042541, 0.420551, 0.029062, 0.499567, 0.0474997, 0.163641, 0.923102, 0.37356, 0.0913017, 0.363485, -0.925085, 0.109981, 0.125546, -0.0683367, -0.989731, -0.00161335, 0.000399335, -0.0139269, -0.0117556, 0.0217819, 0.00390785, 0.39226, 0.108237, -0.286157, -2.47126, -0.117711, 2.69031, -0.166983, 0.00327912, 0.0357426, 0.000797207, 0.00716396, 0.000214682, 0.00423427, 0.000602331
214174, 10.214, 0.000362477, 0.0127023, 0.0689283, -0.105103, -0.113068, 0.368606, -0.000495418, -0.0117463, -0.0303101, 0.042644, 0.420949, 0.029056, 0.49958, 0.0474953, 0.163539, 0.923106, 0.373587, 0.091152, 0.363517, -0.925068, 0.110024, 0.125425, -0.0684285, -0.98974, 0.00282225, -0.000519482, -0.00917452, -0.00944537, 0.0101093, 0.00180093, 0.392263, 0.108552, -0.286148, -2.47115, -0.117711, 2.69037, -0.166982, -0.000683218, 0.0320632, 0.00139321, 0.0146491, 0.000135803, 0.00517586, -0.000285524
224290, 10.225, 0.000383477, 0.0126882, 0.0688341, -0.105176, -0.112923, 0.368618, -0.00468656, -0.00939668, -0.022558, 0.042457, 0.42087, 0.029188, 0.499601, 0.0474812, 0.163445, 0.923118, 0.373595, 0.090993, 0.36353, -0.925057, 0.11007, 0.125295, -0.0685291, -0.98975, 0.000467142, 0.000783648, -0.00879283, -0.00879853, 0.0141599, 0.00283942, 0.392267, 0.108866, -0.286159, -2.47101, -0.11771, 2.69039, -0.166982, 0.00413026, 0.0265132, -0.000408616, 0.0100722, 0.000208471, 0.000254534, 0.00105224
234407, 10.235, 0.000417628, 0.0126707, 0.0687778, -0.105235, -0.112854, 0.368607, -0.00467747, -0.00446669, -0.0226274, 0.042517, 0.420867, 0.029052, 0.499636, 0.0474637, 0.163389, 0.923131, 0.373583, 0.0909129, 0.363518, -0.925056, 0.110115, 0.125236, -0.0686017, -0.989752, 0.00561293, -0.00151669, -0.00390732, -0.00791756, 0.00327129, 0.00505697, 0.392251, 0.109101, -0.286167, -2.47087, -0.117709, 2.69041, -0.166981, -0.00179515, 0.0240132, -0.000576091, 0.0197401, 0.000260573, -0.000230638, -0.00713254
244525, 10.245, 0.00046505, 0.0126538, 0.0687497, -0.105288, -0.112829, 0.368591, -0.00885571, -0.0119174, -0.0302679, 0.042429, 0.420672, 0.029054, 0.499683, 0.0474468, 0.163361, 0.92314, 0.373569, 0.0908785, 0.3635, -0.925058, 0.110162, 0.125221, -0.0686606, -0.98975, 0.00623954, 0.000373134, -0.000783667, -0.00450263, -0.0033802, 0.002216, 0.392236, 0.109289, -0.286181, -2.47071, -0.11771, 2.69041, -0.166983, -1.51611e-05, 0.0167894, 0.000533922, 0.0187311, -0.000206207, 0.000369455, -0.00092465
254644, 10.255, 0.000526809, 0.0126282, 0.0687419, -0.105339, -0.11286, 0.368552, -0.013053, -0.00453968, -0.0225498, 0.042746, 0.420587, 0.029052, 0.499745, 0.0474212, 0.163353, 0.923152, 0.373534, 0.0909021, 0.363457, -0.925068, 0.110216, 0.12526, -0.0687075, -0.989742, 0.00878405, -0.00175776, 0.00272337, -0.00123423, -0.0122159, -0.00477375, 0.392219, 0.109448, -0.286217, -2.47054, -0.117709, 2.69043, -0.166988, -0.000872613, 0.0120397, -0.0039178, 0.021176, 0.00210288, 0.00232306, -0.000906177
264761, 10.265, 0.000588062, 0.0125965, 0.0687457, -0.105384, -0.112904, 0.368486, -0.0131529, -0.00455105, -0.0225818, 0.042525, 0.420969, 0.02905, 0.499806, 0.0473895, 0.163357, 0.923172, 0.373474, 0.0909415, 0.363387, -0.92509, 0.110267, 0.125311, -0.0687483, -0.989733, 0.00693644, -0.00213859, 0.00177559, -0.00223887, -0.00818678, -0.00463415, 0.392205, 0.109573, -0.28627, -2.47038, -0.117708, 2.69044, -0.166981, -0.00170641, 0.0106124, -0.00336046, 0.0174839, 0.000358736, 0.000511691, -0.000128738
274879, 10.275, 0.000659569, 0.0125506, 0.0687711, -0.105427, -0.112997, 0.368396, -0.0131452, -0.00453351, -0.0149351, 0.042747, 0.420839, 0.02905, 0.499878, 0.0473436, 0.163382, 0.923197, 0.373391, 0.0910314, 0.363291, -0.925121, 0.110322, 0.125408, -0.0687781, -0.989718, 0.00722601, -0.00523606, 0.00304138, -0.000779933, -0.0133522, -0.0101059, 0.392181, 0.109656, -0.286347, -2.47022, -0.117708, 2.69046, -0.166983, -0.00387729, 0.0064757, -0.00783165, 0.0141197, -2.99879e-06, 0.00515349, -0.000640992
284998, 10.285, 0.000740353, 0.0124969, 0.0688218, -0.105462, -0.113139, 0.368277, -0.0173873, -0.002126, -0.0147994, 0.042781, 0.420887, 0.029183, 0.499958, 0.0472899, 0.163433, 0.923227, 0.373281, 0.0911737, 0.363164, -0.925164, 0.110377, 0.125552, -0.0687924, -0.989699, 0.0070824, -0.00550893, 0.00481475, 0.00109225, -0.0147773, -0.0179013, 0.392149, 0.109687, -0.286438, -2.47006, -0.117708, 2.69048, -0.16698, -0.00358103, 0.00143979, -0.00887938, 0.0132492, -0.000231055, 0.00218024, 0.00636881
295116, 10.295, 0.000821283, 0.0124354, 0.0688819, -0.105488, -0.11331, 0.368137, -0.0174266, -0.00213738, -0.0148043, 0.042781, 0.420887, 0.029183, 0.500039, 0.0472284, 0.163493, 0.923262, 0.373152, 0.0913479, 0.363016, -0.925216, 0.110428, 0.125723, -0.0687931, -0.989677, 0.00857081, -0.00557379, 0.00657728, 0.00276106, -0.0218795, -0.015061, 0.392105, 0.109687, -0.286536, -2.46992, -0.117701, 2.69052, -0.166981, -0.00470092, -0.000879059, -0.00874119, 0.0134803, 5.06395e-05, 0.00730402, 0.00275869
305241, 10.305, 0.000906388, 0.0123722, 0.0689493, -0.105513, -0.113503, 0.367985, -0.0217481, -0.00468923, -0.00728978, 0.042533, 0.420813, 0.029047, 0.500124, 0.0471652, 0.16356, 0.923299, 0.373013, 0.0915452, 0.362856, -0.925273, 0.11048, 0.125915, -0.0687887, -0.989653, 0.0102591, -0.00661551, 0.00848084, 0.0032549, -0.0256852, -0.0141039, 0.39205, 0.109674, -0.286629, -2.46978, -0.117698, 2.69057, -0.166973, -0.00719186, -0.00256987, -0.00887283, 0.0164135, 0.000251406, 0.00687874, -0.000976916
315417, 10.316, 0.00101616, 0.0122688, 0.0690384, -0.105544, -0.113758, 0.367721, -0.0175578, 0.00271641, -0.00728691, 0.04262, 0.420756, 0.029047, 0.500234, 0.0470618, 0.163649, 0.923373, 0.372764, 0.0918097, 0.36258, -0.925373, 0.110544, 0.126165, -0.0687851, -0.989622, 0.00907637, -0.0108656, 0.007372, 0.00358125, -0.0262886, -0.0240628, 0.391955, 0.109646, -0.286769, -2.46961, -0.117691, 2.69064, -0.166935, -0.00858559, -0.00354786, -0.0156904, 0.0105718, 0.000118839, 0.0120734, 0.00125297
325535, 10.326, 0.00112571, 0.012167, 0.069122, -0.105575, -0.114, 0.367405, -0.0133271, 0.00520336, 0.000456307, 0.042869, 0.420572, 0.029182, 0.500344, 0.04696, 0.163733, 0.923469, 0.372463, 0.0920638, 0.362253, -0.925494, 0.110602, 0.1264, -0.068787, -0.989592, 0.0118476, -0.0115182, 0.00852156, 0.00486048, -0.0273984, -0.0446648, 0.391851, 0.109635, -0.286895, -2.46943, -0.117684, 2.6907, -0.166836, -0.0127774, 0.000240984, -0.0129672, 0.0200943, 0.000795345, 0.00592878, 0.0197108
335657, 10.336, 0.00124838, 0.0120523, 0.0692102, -0.10561, -0.114258, 0.367022, -0.00920686, 0.0027397, -0.00735097, 0.042612, 0.420655, 0.029049, 0.500466, 0.0468453, 0.163821, 0.92359, 0.372096, 0.0923373, 0.361858, -0.925642, 0.110662, 0.126648, -0.0687937, -0.989559, 0.0100776, -0.0117887, 0.00684665, 0.00211152, -0.0191906, -0.038862, 0.391738, 0.109639, -0.287039, -2.46922, -0.11767, 2.69076, -0.166697, -0.0110047, 0.001718, -0.014349, 0.0191516, 0.000749488, 0.000229898, 0.0137207
345798, 10.346, 0.00138582, 0.0119112, 0.0693035, -0.105653, -0.114519, 0.366529, -0.00929354, 0.0125858, 0.000421526, 0.042734, 0.420897, 0.02918, 0.500604, 0.0467042, 0.163915, 0.923754, 0.371618, 0.0926195, 0.361352, -0.925832, 0.110724, 0.126897, -0.0688134, -0.989526, 0.0158101, -0.0160052, 0.0109312, 0.00792744, -0.0313045, -0.0646474, 0.391592, 0.109661, -0.287203, -2.46897, -0.11765, 2.6908, -0.166497, -0.0153854, 0.00246985, -0.0197684, 0.0300522, 0.00803447, 0.00151612, 0.0241673
355917, 10.356, 0.0015394, 0.0117543, 0.0694135, -0.105681, -0.114802, 0.365904, -0.0135235, 0.00516625, 0.0004338, 0.042869, 0.420572, 0.029182, 0.500757, 0.0465473, 0.164025, 0.923967, 0.37101, 0.0929341, 0.360715, -0.926075, 0.110766, 0.127159, -0.0688217, -0.989492, 0.0172225, -0.0190375, 0.0119116, 0.00762121, -0.0333249, -0.0746983, 0.391426, 0.109674, -0.287382, -2.46868, -0.117592, 2.69081, -0.166226, -0.0182122, 0.00261813, -0.0230753, 0.0329819, 0.00696035, 0.000220587, 0.0290327
366036, 10.366, 0.00169545, 0.0115857, 0.0695229, -0.105625, -0.115088, 0.365031, -0.013639, 0.010089, -0.00730216, 0.042707, 0.420699, 0.029046, 0.500913, 0.0463787, 0.164134, 0.924277, 0.370148, 0.093282, 0.359835, -0.926424, 0.11071, 0.127398, -0.0687605, -0.989465, 0.0146654, -0.0175062, 0.0103182, 0.0187279, -0.0284275, -0.0922663, 0.39124, 0.109694, -0.287567, -2.46838, -0.117352, 2.69081, -0.165871, -0.0208426, 0.0014438, -0.017402, 0.0277828, 0.0257759, -0.000107305, 0.0336148
376153, 10.377, 0.00186544, 0.0113805, 0.0696438, -0.10552, -0.115407, 0.363888, -0.0179037, 0.00762567, 0.000562163, 0.042903, 0.42062, 0.029315, 0.501083, 0.0461735, 0.164255, 0.92469, 0.369014, 0.0936882, 0.358685, -0.926884, 0.110592, 0.127648, -0.0686584, -0.98944, 0.0151046, -0.0210756, 0.0111705, 0.0235807, -0.0301933, -0.116284, 0.391002, 0.109707, -0.287778, -2.46806, -0.116997, 2.69081, -0.165402, -0.0244828, -0.000484327, -0.0210435, 0.0276371, 0.0315611, -0.000796877, 0.0455626
386271, 10.387, 0.00202892, 0.0111759, 0.0697609, -0.105398, -0.115711, 0.362713, -0.0180509, -0.00224264, 0.00801723, 0.04256, 0.420503, 0.029181, 0.501247, 0.0459689, 0.164372, 0.925115, 0.367847, 0.0940838, 0.357505, -0.927357, 0.110451, 0.127878, -0.0685445, -0.989418, 0.017007, -0.0220159, 0.01225, 0.0272808, -0.0340252, -0.129499, 0.390784, 0.109718, -0.288006, -2.46775, -0.116605, 2.6908, -0.164929, -0.0212534, 0.000798392, -0.026493, 0.0316044, 0.0379427, -0.000149839, 0.0514688
396388, 10.397, 0.0021933, 0.0109669, 0.0698756, -0.105232, -0.116021, 0.36143, -0.0182089, -0.00217964, 0.0156331, 0.042561, 0.420754, 0.029179, 0.501411, 0.0457599, 0.164487, 0.925579, 0.366569, 0.0945005, 0.35622, -0.927874, 0.110261, 0.128103, -0.068392, -0.9894, 0.0170194, -0.0223482, 0.0124802, 0.0344995, -0.0340383, -0.144669, 0.390575, 0.109737, -0.288253, -2.46744, -0.116112, 2.6908, -0.164436, -0.0236983, 0.000160079, -0.025013, 0.0316253, 0.0497728, -0.00063773, 0.0557106
406507, 10.407, 0.00234976, 0.0107555, 0.069977, -0.105033, -0.116305, 0.360087, -0.0182452, -0.00697698, 0.0157503, 0.042945, 0.420754, 0.029316, 0.501568, 0.0455485, 0.164588, 0.926069, 0.365227, 0.0949007, 0.354878, -0.928416, 0.110027, 0.128292, -0.0682146, -0.989388, 0.0160063, -0.0199308, 0.0103822, 0.0372354, -0.0293285, -0.137339, 0.390382, 0.109776, -0.288518, -2.46714, -0.115535, 2.6908, -0.163952, -0.0161282, 0.00434381, -0.0273771, 0.0311338, 0.0608135, 3.30703e-05, 0.0442409
416624, 10.417, 0.0024966, 0.0105425, 0.0700602, -0.104782, -0.116558, 0.358601, -0.0225995, -0.0143892, 0.0233494, 0.042637, 0.420684, 0.029315, 0.501715, 0.0453355, 0.164671, 0.926615, 0.363738, 0.0952872, 0.353397, -0.929016, 0.109727, 0.128435, -0.0680004, -0.989384, 0.0132534, -0.0245537, 0.00668579, 0.0456821, -0.0222877, -0.181955, 0.390206, 0.109845, -0.2888, -2.46685, -0.114838, 2.6908, -0.163416, -0.0218335, 0.00762722, -0.029994, 0.0255667, 0.0743439, 0.00014382, 0.0692718
426744, 10.427, 0.00263392, 0.0103381, 0.0701284, -0.10448, -0.116787, 0.356972, -0.0226764, -0.0192464, 0.0234303, 0.042576, 0.420688, 0.02945, 0.501852, 0.0451311, 0.164739, 0.927217, 0.3621, 0.0956681, 0.351777, -0.929674, 0.10936, 0.128539, -0.0677467, -0.989388, 0.0112793, -0.0205208, 0.00365979, 0.0472927, -0.015824, -0.181009, 0.390043, 0.109937, -0.289076, -2.46657, -0.114032, 2.6908, -0.162799, -0.0150087, 0.0125424, -0.0280928, 0.0240602, 0.0801753, -0.000230091, 0.0720898
436862, 10.437, 0.0027478, 0.0101273, 0.0701713, -0.104131, -0.116963, 0.355101, -0.027006, -0.0265575, 0.0234236, 0.04249, 0.420745, 0.02945, 0.501966, 0.0449203, 0.164782, 0.927915, 0.360215, 0.0960165, 0.349919, -0.930426, 0.108921, 0.128571, -0.0674716, -0.989402, 0.00978082, -0.0222705, 0.00113628, 0.0529525, -0.0107113, -0.206487, 0.389884, 0.110047, -0.289362, -2.46633, -0.113141, 2.69079, -0.162, -0.0134191, 0.016141, -0.0325133, 0.022004, 0.0914569, -0.000736455, 0.0853055
446978, 10.4471, 0.00284472, 0.0099166, 0.0701951, -0.103744, -0.117104, 0.35303, -0.0313029, -0.0338353, 0.0310686, 0.042625, 0.420672, 0.029451, 0.502063, 0.0447096, 0.164806, 0.928689, 0.358125, 0.0963486, 0.347866, -0.931254, 0.108424, 0.128554, -0.067176, -0.989425, 0.007863, -0.0218515, -0.000233169, 0.0614735, -0.00809054, -0.230476, 0.389745, 0.110173, -0.289663, -2.46612, -0.112178, 2.69078, -0.161042, -0.0138349, 0.0155648, -0.031157, 0.0176866, 0.103703, -0.000166793, 0.0999982
457095, 10.457, 0.00290701, 0.00971113, 0.0701794, -0.103274, -0.117165, 0.350767, -0.0356425, -0.0362381, 0.0385975, 0.042377, 0.420598, 0.029314, 0.502125, 0.0445041, 0.16479, 0.929541, 0.355833, 0.0966261, 0.345627, -0.932157, 0.107816, 0.128435, -0.0668231, -0.989464, 0.00744632, -0.01809, 0.000481645, 0.0677066, -0.00868168, -0.229568, 0.389617, 0.110332, -0.289957, -2.46597, -0.111044, 2.69077, -0.160004, -0.00677393, 0.0133598, -0.0311224, 0.0168452, 0.114665, -0.000258507, 0.0968915
467212, 10.467, 0.00293056, 0.00951185, 0.0701178, -0.102733, -0.117141, 0.348284, -0.0313952, -0.0385181, 0.0464301, 0.042566, 0.420418, 0.029585, 0.502149, 0.0443048, 0.164729, 0.930479, 0.353313, 0.0968419, 0.343177, -0.933144, 0.107107, 0.12821, -0.0664272, -0.98952, 0.000709102, -0.0219687, -0.00780169, 0.0730088, 0.00926405, -0.264495, 0.389512, 0.110532, -0.290252, -2.46589, -0.109767, 2.69077, -0.158829, -0.0104182, 0.0205558, -0.0330391, 0.0043031, 0.127961, 2.90568e-05, 0.114888
477329, 10.478, 0.00292607, 0.00929481, 0.0700205, -0.102016, -0.117064, 0.34514, -0.0314961, -0.0432065, 0.0462179, 0.042505, 0.420424, 0.029317, 0.502144, 0.0440878, 0.164632, 0.931663, 0.350116, 0.0970717, 0.340077, -0.934385, 0.106169, 0.127874, -0.0659019, -0.989599, -0.00189031, -0.0152768, -0.00980456, 0.0923186, 0.0132569, -0.301979, 0.389401, 0.110766, -0.290573, -2.46586, -0.108129, 2.69077, -0.157288, -0.00800334, 0.0212604, -0.0224967, 0.000554764, 0.156912, -5.17042e-05, 0.141023
487447, 10.4881, 0.00288653, 0.00911322, 0.0698949, -0.10124, -0.116921, 0.341878, -0.0273055, -0.0405273, 0.0386784, 0.042309, 0.4205, 0.029451, 0.502105, 0.0439062, 0.164506, 0.932886, 0.346795, 0.0972509, 0.336865, -0.935663, 0.105153, 0.127461, -0.0653357, -0.989689, -0.00665206, -0.0157931, -0.0157097, 0.103609, 0.0244057, -0.356846, 0.389308, 0.111006, -0.290836, -2.46589, -0.106408, 2.69076, -0.155619, -0.00923454, 0.0269035, -0.0210068, -0.00756642, 0.173454, -5.66527e-05, 0.182348
497571, 10.498, 0.00283609, 0.00893866, 0.069745, -0.10036, -0.116755, 0.33821, -0.0103459, -0.040198, 0.0309715, 0.042293, 0.420045, 0.029457, 0.502054, 0.0437317, 0.164356, 0.934246, 0.343059, 0.0974432, 0.333253, -0.937083, 0.104004, 0.126992, -0.0646923, -0.989792, -0.00868947, -0.0196165, -0.0196958, 0.118002, 0.0323501, -0.409164, 0.389216, 0.11129, -0.291085, -2.46593, -0.104478, 2.69076, -0.153683, -0.0107512, 0.0330535, -0.0264052, -0.0102761, 0.201191, -0.000471822, 0.204486
507707, 10.508, 0.00276815, 0.00878354, 0.0695741, -0.0993554, -0.11655, 0.334221, 0.00230038, -0.0472246, 0.0308879, 0.04219, 0.419899, 0.029462, 0.501986, 0.0435765, 0.164185, 0.935709, 0.338994, 0.0976325, 0.32933, -0.938613, 0.102704, 0.126455, -0.0639477, -0.989909, -0.00513059, -0.0186885, -0.0152194, 0.133018, 0.0218718, -0.436424, 0.389138, 0.111598, -0.291309, -2.46599, -0.102299, 2.69075, -0.151587, -0.0127223, 0.028626, -0.0244241, -0.00426264, 0.222305, 5.7676e-05, 0.214238
517824, 10.518, 0.00268949, 0.00864358, 0.0693922, -0.098191, -0.116339, 0.329921, 0.00225022, -0.0468907, 0.0309174, 0.04219, 0.419899, 0.029462, 0.501907, 0.0434366, 0.164003, 0.937263, 0.334607, 0.0978548, 0.325103, -0.940245, 0.101224, 0.125878, -0.0630604, -0.990039, -0.0086503, -0.0130518, -0.0189932, 0.150653, 0.031729, -0.451461, 0.389063, 0.111914, -0.291511, -2.46607, -0.0997925, 2.69075, -0.149424, -0.00536422, 0.0322389, -0.0204127, -0.00929934, 0.259284, 0.000146851, 0.209192
527940, 10.528, 0.0025933, 0.00851361, 0.0691866, -0.0969317, -0.116073, 0.325509, 0.00656814, -0.0390519, 0.0233797, 0.04272, 0.419587, 0.029465, 0.501811, 0.0433066, 0.163798, 0.938841, 0.330101, 0.0980369, 0.320773, -0.941901, 0.0996336, 0.12523, -0.0620925, -0.990183, -0.0109321, -0.0112813, -0.0216941, 0.1586, 0.0388047, -0.459865, 0.388996, 0.11226, -0.291699, -2.46617, -0.0970731, 2.69074, -0.147312, -0.00929795, 0.0348327, -0.0127804, -0.0126091, 0.276114, -0.000202186, 0.206817
538057, 10.538, 0.00248143, 0.00838852, 0.0689723, -0.0956612, -0.115774, 0.321343, 0.00652923, -0.0337533, 0.0233325, 0.04278, 0.419583, 0.02933, 0.501699, 0.0431815, 0.163583, 0.940315, 0.325839, 0.0981694, 0.316689, -0.943449, 0.0980445, 0.124565, -0.0611034, -0.990328, -0.0102125, -0.0114854, -0.0222526, 0.151219, 0.040675, -0.428209, 0.388934, 0.112594, -0.291881, -2.46631, -0.0943162, 2.69074, -0.145491, -0.00490018, 0.0382084, -0.0172637, -0.0102379, 0.272102, 0.000284485, 0.178229
548173, 10.548, 0.00235771, 0.00824907, 0.0687503, -0.0944142, -0.115436, 0.317455, 0.00656868, -0.028483, 0.0156654, 0.042839, 0.419328, 0.029196, 0.501576, 0.0430421, 0.163361, 0.941678, 0.321855, 0.0982383, 0.312883, -0.944878, 0.0964921, 0.12388, -0.0601274, -0.990474, -0.0144395, -0.0154117, -0.0255615, 0.146536, 0.0518769, -0.401383, 0.388867, 0.112921, -0.292083, -2.46648, -0.0915787, 2.69074, -0.14398, -0.00672468, 0.0373006, -0.022116, -0.02013, 0.274267, 0.000192314, 0.142164
558289, 10.559, 0.00220481, 0.00810439, 0.0684928, -0.0930229, -0.115018, 0.313441, 0.0108328, -0.0206158, 0.00810248, 0.043148, 0.419398, 0.029197, 0.501423, 0.0428974, 0.163104, 0.943076, 0.317734, 0.0982509, 0.30896, -0.946341, 0.0947759, 0.123092, -0.0590252, -0.990638, -0.0115727, -0.0121047, -0.0219814, 0.148705, 0.03979, -0.368642, 0.388813, 0.113282, -0.292305, -2.4667, -0.0884997, 2.69074, -0.142643, -0.0020156, 0.0331685, -0.0218426, -0.0185985, 0.279998, 0.00922626, 0.109933
568406, 10.569, 0.00204061, 0.00797224, 0.0682508, -0.0916922, -0.114597, 0.309829, 0.00662986, -0.0178284, 0.00827792, 0.043182, 0.419446, 0.02933, 0.501259, 0.0427652, 0.162862, 0.944322, 0.31402, 0.0982243, 0.305437, -0.947645, 0.0931476, 0.122332, -0.05796, -0.990795, -0.0183216, -0.0117159, -0.0259821, 0.154775, 0.0581578, -0.372048, 0.388783, 0.113577, -0.292526, -2.46696, -0.0855612, 2.69073, -0.141596, -0.000600651, 0.0302729, -0.0211483, -0.0300167, 0.296658, 0.000430816, 0.100123
578524, 10.579, 0.0018643, 0.00783469, 0.0680039, -0.0902721, -0.114168, 0.30626, 0.0109124, -0.0149016, 0.000794601, 0.04343, 0.419519, 0.029467, 0.501082, 0.0426277, 0.162615, 0.945539, 0.310344, 0.0981953, 0.30196, -0.948926, 0.0914332, 0.121556, -0.0568026, -0.990958, -0.0186089, -0.0154134, -0.0270626, 0.157161, 0.063167, -0.360688, 0.388755, 0.113855, -0.292763, -2.46726, -0.0824156, 2.69074, -0.140794, -0.00263141, 0.032364, -0.0263026, -0.0301953, 0.311463, -0.000518324, 0.0686454
588664, 10.589, 0.00168141, 0.00770005, 0.0677641, -0.0887552, -0.113734, 0.302786, 0.00665088, -0.0120246, 0.000672428, 0.043464, 0.41957, 0.029197, 0.500899, 0.042493, 0.162375, 0.946712, 0.306758, 0.0981666, 0.298583, -0.950166, 0.0896291, 0.120769, -0.0555421, -0.991126, -0.0183663, -0.0133012, -0.0229574, 0.171839, 0.0574089, -0.357988, 0.38873, 0.1141, -0.293003, -2.46758, -0.079051, 2.69074, -0.140291, -0.00332735, 0.0214169, -0.0231304, -0.0331768, 0.336057, 9.18562e-06, 0.0472866
598863, 10.599, 0.00148633, 0.00756739, 0.0675301, -0.0871964, -0.113295, 0.299463, 0.010936, -0.00908043, -0.00680961, 0.043712, 0.419643, 0.029333, 0.500704, 0.0423604, 0.162141, 0.947822, 0.303322, 0.0981263, 0.29536, -0.951344, 0.0877937, 0.119982, -0.0542303, -0.991294, -0.0200013, -0.0148149, -0.0245553, 0.171818, 0.0628207, -0.344713, 0.388707, 0.114301, -0.293244, -2.46794, -0.075599, 2.69074, -0.140031, -0.00343065, 0.022096, -0.0256386, -0.0365785, 0.342965, -0.000161006, 0.025157
608983, 10.609, 0.00131396, 0.00744113, 0.0673288, -0.0858408, -0.112914, 0.296699, 0.0152061, -0.00624242, -0.00668718, 0.043739, 0.419589, 0.029469, 0.500532, 0.0422341, 0.16194, 0.948738, 0.300461, 0.0980812, 0.292682, -0.952316, 0.086207, 0.119306, -0.0530812, -0.991438, -0.0173998, -0.0162048, -0.0202529, 0.163403, 0.054605, -0.310549, 0.388681, 0.114461, -0.29347, -2.46827, -0.0725825, 2.69075, -0.139978, -0.00198253, 0.0156832, -0.0306145, -0.0337718, 0.32919, 0.000125999, -0.00106802
619103, 10.619, 0.00110637, 0.00727159, 0.0670903, -0.0842587, -0.112446, 0.293482, 0.0236666, -0.00580431, -0.0143594, 0.043509, 0.419618, 0.02947, 0.500324, 0.0420646, 0.161701, 0.949795, 0.297129, 0.0979994, 0.289564, -0.953434, 0.0843539, 0.1185, -0.0517418, -0.991605, -0.0202857, -0.0145912, -0.0216449, 0.158082, 0.058049, -0.297705, 0.388645, 0.114642, -0.29377, -2.46867, -0.0690453, 2.69075, -0.139985, -0.00221232, 0.0131084, -0.0266369, -0.040746, 0.317831, 0.0010409, -0.000857002
629221, 10.629, 0.000933606, 0.00712122, 0.0668976, -0.0827859, -0.112075, 0.290491, 0.0321565, -0.00529775, -0.0219865, 0.043723, 0.419643, 0.029474, 0.500152, 0.0419142, 0.161509, 0.950759, 0.294036, 0.0979822, 0.286664, -0.95446, 0.0826407, 0.117819, -0.0504834, -0.991751, -0.0180417, -0.0150033, -0.0201268, 0.168425, 0.0546035, -0.316707, 0.388618, 0.114776, -0.294049, -2.46901, -0.065768, 2.69075, -0.139984, -0.000397011, 0.0141186, -0.0300621, -0.0355395, 0.337945, 0.000446362, -0.000390583
639339, 10.639, 0.000769728, 0.00697625, 0.0667223, -0.0812396, -0.111744, 0.287379, 0.0321857, -0.00981466, -0.014224, 0.043885, 0.419516, 0.02961, 0.499988, 0.0417692, 0.161333, 0.951744, 0.29082, 0.0980166, 0.283645, -0.955514, 0.0808542, 0.11717, -0.0491505, -0.991895, -0.0154745, -0.0137251, -0.0170498, 0.173481, 0.0477711, -0.321639, 0.388607, 0.114882, -0.294341, -2.46934, -0.0623443, 2.69075, -0.139988, -0.00258792, 0.0114162, -0.0264636, -0.030669, 0.343932, 7.08389e-05, 0.000932394
649456, 10.65, 0.000605941, 0.00681401, 0.066544, -0.0794438, -0.111421, 0.283766, 0.0363465, -0.011799, -0.0219786, 0.043628, 0.419598, 0.029476, 0.499824, 0.041607, 0.161155, 0.952866, 0.287089, 0.0981107, 0.280137, -0.956721, 0.0787903, 0.116484, -0.0475922, -0.992052, -0.0135021, -0.0115187, -0.0154909, 0.180736, 0.04437, -0.324651, 0.388609, 0.114996, -0.29469, -2.46967, -0.0583666, 2.69075, -0.139996, -0.000397553, 0.0119631, -0.0250836, -0.0257751, 0.35832, -0.000337763, -0.00465127
659576, 10.6601, 0.000479819, 0.00667682, 0.0664104, -0.0777975, -0.111193, 0.280468, 0.0489382, -0.0186649, -0.0144387, 0.043527, 0.419704, 0.029479, 0.499698, 0.0414698, 0.161021, 0.95387, 0.283686, 0.0982581, 0.276935, -0.957806, 0.0769106, 0.115931, -0.0461517, -0.992185, -0.0119105, -0.0127145, -0.0122817, 0.182371, 0.0373772, -0.330116, 0.388608, 0.115072, -0.294993, -2.46993, -0.0547378, 2.69075, -0.139998, 0.000118197, 0.00626617, -0.0287532, -0.0248147, 0.357255, 5.73146e-06, -0.0013967
669693, 10.67, 0.000382585, 0.00654596, 0.0663017, -0.0762027, -0.111024, 0.277258, 0.0532234, -0.0255558, -0.0220516, 0.043875, 0.419404, 0.029485, 0.499601, 0.041339, 0.160913, 0.954828, 0.280378, 0.098448, 0.273815, -0.958846, 0.0750975, 0.115452, -0.0447487, -0.992305, -0.00900929, -0.0110492, -0.0105525, 0.181309, 0.0322717, -0.326802, 0.388599, 0.115144, -0.295281, -2.47013, -0.0512215, 2.69075, -0.139993, -0.00104736, 0.00823992, -0.0248807, -0.0176423, 0.354382, -0.000268708, 0.000590142
679828, 10.68, 0.000289945, 0.0064237, 0.0661982, -0.0746468, -0.110866, 0.27414, 0.0489027, -0.0325972, -0.0296959, 0.043566, 0.419591, 0.029485, 0.499508, 0.0412167, 0.160809, 0.955747, 0.277164, 0.0986329, 0.270784, -0.959843, 0.0733311, 0.114997, -0.0433777, -0.992418, -0.0065053, -0.0131037, -0.00875375, 0.174265, 0.0273317, -0.318907, 0.388591, 0.115213, -0.295553, -2.47032, -0.0477953, 2.69075, -0.139993, -0.00105227, 0.00864699, -0.0291185, -0.0126606, 0.341858, -0.000385889, -0.000818306
689979, 10.69, 0.000222338, 0.00632427, 0.0661225, -0.0730519, -0.110776, 0.270993, 0.0530551, -0.0346219, -0.029812, 0.043532, 0.419543, 0.029352, 0.49944, 0.0411173, 0.160734, 0.956654, 0.273923, 0.0988879, 0.267726, -0.960836, 0.0715346, 0.11461, -0.0419591, -0.992524, -0.00546431, -0.0080285, -0.00673196, 0.183395, 0.0233356, -0.323603, 0.388587, 0.115263, -0.295794, -2.47046, -0.0443053, 2.69075, -0.139991, 0.000793006, 0.00598324, -0.0219098, -0.0102614, 0.354851, -0.000825064, 0.00193144
700097, 10.7, 0.000164274, 0.00624524, 0.0660592, -0.0713825, -0.11072, 0.267755, 0.0530252, -0.0391097, -0.0220587, 0.043694, 0.419416, 0.029487, 0.499382, 0.0410382, 0.16067, 0.957572, 0.270588, 0.0991846, 0.264579, -0.961845, 0.0696634, 0.11425, -0.0404656, -0.992628, -0.00473415, -0.00787871, -0.0056829, 0.193518, 0.020756, -0.33795, 0.388585, 0.115302, -0.296004, -2.47058, -0.0406744, 2.69075, -0.139989, 0.00026929, 0.0045208, -0.0218164, -0.00962394, 0.372803, 0.000171145, 0.000692913
710214, 10.71, 0.000127526, 0.00616686, 0.0660175, -0.0696935, -0.110716, 0.264486, 0.052919, -0.0387144, -0.0296871, 0.043472, 0.419547, 0.029487, 0.499346, 0.0409599, 0.160629, 0.958481, 0.267222, 0.0995309, 0.261401, -0.962848, 0.0677784, 0.113945, -0.0389468, -0.992723, -0.004275, -0.00773129, -0.00474693, 0.186942, 0.0188039, -0.328308, 0.388574, 0.115328, -0.296211, -2.47066, -0.0370065, 2.69075, -0.139998, -0.000530548, 0.00295142, -0.0206982, -0.00896726, 0.358596, -0.000406993, 0.00337955
720331, 10.721, 0.000108781, 0.00609302, 0.0659988, -0.0679232, -0.110768, 0.261063, 0.0527988, -0.0431605, -0.0143166, 0.043635, 0.419671, 0.029621, 0.499327, 0.040886, 0.16061, 0.959413, 0.263701, 0.0999442, 0.258073, -0.963881, 0.065811, 0.113689, -0.037347, -0.992814, -0.000817407, -0.00623616, -0.000427703, 0.17989, 0.00851324, -0.307662, 0.388563, 0.11533, -0.296419, -2.47071, -0.0331802, 2.69075, -0.139993, 0.000139977, -0.00133285, -0.0193123, -0.00312386, 0.341827, -8.02238e-05, -0.00084974
730450, 10.731, 0.000109067, 0.00602589, 0.065996, -0.0663825, -0.110847, 0.258068, 0.0570261, -0.035385, -0.0219102, 0.043721, 0.419363, 0.029623, 0.499327, 0.0408189, 0.160607, 0.960214, 0.26062, 0.100333, 0.255159, -0.964772, 0.0641024, 0.113504, -0.0359512, -0.992887, 0.00114654, -0.00885288, 0.000424952, 0.172073, 0.00541857, -0.301995, 0.388559, 0.115331, -0.296615, -2.47072, -0.029846, 2.69075, -0.139988, -0.00200047, 0.000371052, -0.0222826, 0.00103935, 0.32796, -6.20794e-05, 0.000278964
740576, 10.741, 0.000113525, 0.00597063, 0.0659979, -0.0648629, -0.110937, 0.255141, 0.0526145, -0.0374554, -0.0143549, 0.043695, 0.419668, 0.029486, 0.499332, 0.0407636, 0.160609, 0.960985, 0.25761, 0.100721, 0.252313, -0.96563, 0.0624204, 0.113339, -0.0345718, -0.992955, 0.000967274, -0.00666383, 0.000671972, 0.172238, 0.00456472, -0.296849, 0.388562, 0.11533, -0.296795, -2.47072, -0.0265651, 2.69075, -0.139988, -0.00110579, -0.000559198, -0.0189658, 0.000472109, 0.326904, 0.000588749, 0.000229017
750694, 10.751, 0.000129483, 0.00590747, 0.066011, -0.0633173, -0.111053, 0.252149, 0.0440436, -0.04212, -0.00661053, 0.043421, 0.419646, 0.029618, 0.499347, 0.0407005, 0.160622, 0.961761, 0.254534, 0.101137, 0.249403, -0.966495, 0.0607121, 0.113202, -0.0331666, -0.993018, 0.00175302, -0.00665815, 0.00140161, 0.178206, 0.00308663, -0.306588, 0.388553, 0.115322, -0.296983, -2.4707, -0.0232293, 2.69075, -0.139992, -0.00209328, -0.000847811, -0.0184283, 0.00209486, 0.337466, 0.000379674, 0.000627014
760812, 10.761, 0.000135569, 0.00585571, 0.0660134, -0.0616986, -0.111157, 0.249042, 0.0355089, -0.0417361, 0.00111434, 0.043651, 0.419618, 0.029616, 0.499354, 0.0406487, 0.160624, 0.962557, 0.251339, 0.101548, 0.246382, -0.96738, 0.058922, 0.113045, -0.0316962, -0.993084, 0.00176823, -0.00459628, 0.000902956, 0.186049, -0.00246496, -0.313725, 0.388555, 0.115322, -0.29716, -2.4707, -0.0197441, 2.69076, -0.139988, -1.85942e-05, -0.000410398, -0.0167757, -0.0013973, 0.350796, 0.010201, 0.000513089
770929, 10.771, 0.000141576, 0.00580416, 0.0660146, -0.0601048, -0.111242, 0.245988, 0.0354225, -0.041338, 0.00112876, 0.043651, 0.419618, 0.029616, 0.49936, 0.0405972, 0.160626, 0.963332, 0.248197, 0.101931, 0.243413, -0.968237, 0.0571578, 0.11288, -0.0302506, -0.993148, -8.06751e-05, -0.00243096, -0.00105761, 0.179232, 0.00838441, -0.299201, 0.38855, 0.115328, -0.297328, -2.47069, -0.0163121, 2.69075, -0.139993, 0.000760438, 0.00256308, -0.0124223, 0.000133597, 0.341333, 0.000520473, -0.00128445
781048, 10.781, 0.000154123, 0.00574216, 0.0660228, -0.0586103, -0.111351, 0.243082, 0.043806, -0.040925, 0.00109101, 0.043643, 0.419516, 0.029618, 0.499372, 0.0405352, 0.160634, 0.964056, 0.24521, 0.102315, 0.240587, -0.969039, 0.0555045, 0.112757, -0.0288939, -0.993202, 0.000996506, -0.00489979, 9.64244e-06, 0.168608, 0.00565173, -0.287148, 0.388546, 0.115325, -0.297515, -2.47068, -0.0130906, 2.69076, -0.139989, 0.000555573, 0.00171675, -0.0168673, 0.00169446, 0.321361, 0.00025479, -0.0010062
791168, 10.791, 0.000163522, 0.00566696, 0.0660277, -0.0571748, -0.111433, 0.24025, 0.0394684, -0.0430355, 0.00101281, 0.043617, 0.41957, 0.029483, 0.499382, 0.04046, 0.160639, 0.964755, 0.242299, 0.102658, 0.237832, -0.969809, 0.0539113, 0.112622, -0.0275958, -0.993255, 0.00180218, -0.00632764, 0.000644736, 0.161645, 0.00356287, -0.279426, 0.388535, 0.115325, -0.297717, -2.47067, -0.00998864, 2.69075, -0.139981, -0.00116201, 0.00148542, -0.0178673, 0.00290711, 0.307805, 0.000525996, 9.72294e-05
801287, 10.802, 0.000180461, 0.00558408, 0.0660379, -0.0555972, -0.111543, 0.237134, 0.0351789, -0.045161, 0.00124471, 0.043591, 0.419621, 0.029751, 0.499398, 0.0403771, 0.160649, 0.965512, 0.239097, 0.103051, 0.2348, -0.970643, 0.0521627, 0.112497, -0.0261674, -0.993307, 0.00132975, -0.00542448, 0.00108125, 0.167054, 0.00375121, -0.289941, 0.388525, 0.115325, -0.297943, -2.47065, -0.00658, 2.69075, -0.139973, -0.00263363, -0.000687439, -0.0149387, 0.00174456, 0.314964, -0.00044402, 0.00595697
