timestamp, robot_time[1], robot_ee_pos_error[3], robot_ee_ori_error[3], sensed_forces_moments[6], robot_ee_position[3], robot_ee_orientation[9], robot_ee_linear_velocity[3], robot_ee_angular_velocity[3], joint_angles[7], joint_velocities[7], 
10198, 10.0119, -0.0133318, 0.0337555, 0.0770377, 0.331673, 0.519907, 0.357608, 0.0211594, 0.0073844, -0.00725467, 0.033512, 0.425576, 0.029143, 0.485886, 0.0685485, 0.171649, 0.765139, 0.458391, -0.45215, 0.245339, -0.85683, -0.453488, -0.59529, 0.236051, -0.768056, -0.000107344, 0.0017837, -0.000760199, 0.00208632, 0.000791003, 0.00392178, 0.349857, 0.443918, -0.344748, -1.89985, 0.375757, 1.63425, -0.581378, -0.000875142, 0.00178564, 0.00436363, 0.00104253, 0.000299305, 0.000196142, -0.00121395
20403, 10.0219, -0.0133349, 0.0337648, 0.0770589, 0.331681, 0.519889, 0.357625, 0.0211541, 0.00738657, -0.00725283, 0.033512, 0.425576, 0.029143, 0.485883, 0.0685578, 0.17167, 0.765143, 0.458407, -0.452127, 0.245358, -0.85682, -0.453497, -0.595277, 0.236058, -0.768064, -0.000406195, 0.000511814, 0.000194952, 3.28273e-05, 0.000474722, 0.000618107, 0.349869, 0.443863, -0.344745, -1.89987, 0.375755, 1.63424, -0.581373, 0.00126169, -0.000959083, -0.000219967, -0.0010454, 1.97582e-05, -0.000287546, 0.000413339
30554, 10.0319, -0.0133314, 0.0337795, 0.0770783, 0.331687, 0.519853, 0.357658, 0.0169642, -5.15387e-05, -0.0148781, 0.033424, 0.425382, 0.029145, 0.485887, 0.0685725, 0.171689, 0.765153, 0.458435, -0.452083, 0.245398, -0.856804, -0.453506, -0.595249, 0.236061, -0.768084, 0.000380382, 0.00143147, 0.00308242, 0.000221459, -0.00504071, 0.00503608, 0.349878, 0.443814, -0.344728, -1.89988, 0.375755, 1.63425, -0.581375, 0.00141257, -0.00700875, 0.00209262, -0.000427721, -0.00353398, -0.000373602, 0.000828214
40723, 10.0419, -0.0133222, 0.0337927, 0.0771116, 0.331696, 0.519798, 0.357695, 0.0127301, 0.00237027, -0.0147309, 0.033459, 0.42543, 0.029278, 0.485896, 0.0685857, 0.171723, 0.765173, 0.458463, -0.45202, 0.245444, -0.856786, -0.453514, -0.595204, 0.236071, -0.768117, 0.000502078, 0.0028378, 0.00349313, 0.00246594, -0.0060332, 0.00453789, 0.34989, 0.443744, -0.344721, -1.89988, 0.375755, 1.63425, -0.581377, 0.00414201, -0.00764766, 0.000916369, -0.000538566, -0.000212725, -0.000313086, 0.000700385
50879, 10.0519, -0.0133081, 0.0338124, 0.0771625, 0.331708, 0.519716, 0.357747, 0.0211789, 0.00242246, -0.0147697, 0.033451, 0.425328, 0.02928, 0.48591, 0.0686054, 0.171774, 0.765206, 0.458501, -0.451926, 0.245512, -0.856762, -0.453523, -0.595134, 0.236086, -0.768166, 0.000567524, 0.0011091, 0.0029928, 0.00283739, -0.00566376, 0.00278905, 0.349909, 0.443637, -0.344712, -1.89988, 0.375755, 1.63425, -0.581376, 0.00133583, -0.00667003, 0.000405567, -0.000669563, -0.000413957, -0.000127591, -0.00115633
61048, 10.0619, -0.0132876, 0.0338357, 0.0772246, 0.331721, 0.519611, 0.357816, 0.0210819, 0.007395, -0.00721533, 0.033512, 0.425576, 0.029143, 0.485932, 0.0686337, 0.171844, 0.765251, 0.458553, -0.451796, 0.245609, -0.856729, -0.453532, -0.595035, 0.236101, -0.768238, 0.00332303, 0.00421604, 0.0108706, 0.00724336, -0.0161859, 0.00670604, 0.34994, 0.443495, -0.344702, -1.89987, 0.375754, 1.63425, -0.581372, 0.00528561, -0.0183457, 0.000203023, 0.00590423, -0.000326902, -0.00682692, 0.000954289
71214, 10.0729, -0.013267, 0.0338677, 0.0773004, 0.331734, 0.51949, 0.357894, 0.0168411, 0.00982727, -0.00705857, 0.033546, 0.425624, 0.029276, 0.485951, 0.0686607, 0.171911, 0.765293, 0.458607, -0.45167, 0.245702, -0.856696, -0.453545, -0.594943, 0.236118, -0.768304, 0.00202171, 0.00116342, 0.00740239, 0.00594573, -0.0140171, 0.00063906, 0.349972, 0.443354, -0.344695, -1.89987, 0.375755, 1.63425, -0.581374, 9.69243e-05, -0.0158624, 0.00049523, -0.000730389, 0.000125223, -0.000183825, -0.000339683
81379, 10.0829, -0.0132453, 0.0338978, 0.0773856, 0.331754, 0.519359, 0.357982, 0.0168072, 0.00983133, -0.00704101, 0.033546, 0.425624, 0.029276, 0.485973, 0.0686908, 0.171997, 0.765342, 0.458673, -0.45152, 0.245814, -0.856654, -0.453563, -0.594833, 0.236141, -0.768382, 0.00248881, 0.00399869, 0.00846925, 0.00641999, -0.0177103, 0.00740179, 0.350013, 0.443178, -0.344695, -1.89987, 0.375755, 1.63424, -0.58138, 0.00658523, -0.0174848, -0.000267778, 0.000374581, -0.000151278, 0.000604584, -0.00127736
91528, 10.0929, -0.0132257, 0.0339247, 0.077466, 0.331774, 0.519231, 0.358058, 0.0168445, 0.00980465, -0.0146438, 0.033545, 0.425373, 0.029277, 0.485992, 0.0687177, 0.172077, 0.765395, 0.458728, -0.451375, 0.245914, -0.856618, -0.453577, -0.594724, 0.236167, -0.768458, 0.00233432, 0.00260134, 0.00898269, 0.00734211, -0.0171957, 0.00408567, 0.350044, 0.443004, -0.344689, -1.89988, 0.375754, 1.63424, -0.58138, 0.00244297, -0.0191296, 0.000855516, -0.000616997, -0.000248512, -0.000261251, -0.000985643
101700, 10.1029, -0.0132002, 0.0339561, 0.0775502, 0.331783, 0.51909, 0.358139, 0.0167392, 0.00983517, -0.00700335, 0.033546, 0.425624, 0.029276, 0.486018, 0.0687491, 0.172161, 0.765456, 0.458781, -0.451218, 0.246025, -0.856585, -0.45358, -0.5946, 0.236184, -0.768549, 0.0020693, 0.00300713, 0.00828837, 0.00518657, -0.0151284, 0.00288108, 0.350087, 0.442827, -0.344686, -1.89988, 0.375752, 1.63425, -0.58137, 0.00403379, -0.0174929, 0.000166726, -0.000467227, 3.37799e-05, -0.000442995, 0.00165389
111885, 10.1129, -0.0131747, 0.0339855, 0.077646, 0.33181, 0.51894, 0.358226, 0.0209409, 0.0122496, 0.000716558, 0.033351, 0.425444, 0.02941, 0.486043, 0.0687785, 0.172257, 0.765518, 0.458843, -0.451049, 0.246138, -0.856542, -0.453599, -0.594473, 0.236218, -0.768637, 0.00337909, 0.00573778, 0.0113703, 0.0115465, -0.0221923, 0.00232999, 0.350125, 0.442629, -0.344688, -1.89988, 0.375755, 1.63424, -0.581374, 0.00657155, -0.0232448, 0.000331751, 0.000274479, 0.00554876, -3.84598e-06, 0.00109851
122047, 10.1229, -0.013143, 0.0340134, 0.0777471, 0.331833, 0.518765, 0.35832, 0.0209068, 0.0172525, -0.00693932, 0.033633, 0.425567, 0.029276, 0.486075, 0.0688064, 0.172358, 0.765596, 0.458906, -0.450853, 0.246265, -0.856498, -0.453612, -0.59432, 0.236254, -0.768744, 0.00235736, 0.00590561, 0.00976196, 0.00818953, -0.0194819, 0.00998138, 0.350156, 0.442417, -0.344685, -1.89988, 0.375755, 1.63425, -0.58138, 0.00892921, -0.020676, 0.000761988, -0.00043379, 0.000410895, 0.000353003, -0.000974848
132191, 10.1339, -0.0131138, 0.0340388, 0.0778532, 0.331863, 0.518599, 0.358403, 0.0208549, 0.0171965, 0.000692897, 0.033411, 0.42544, 0.029274, 0.486104, 0.0688318, 0.172464, 0.765671, 0.458962, -0.450668, 0.246378, -0.856457, -0.45363, -0.594176, 0.236297, -0.768842, 0.00313351, 0.00182231, 0.0108343, 0.0089135, -0.0192056, 0.00276976, 0.350181, 0.442197, -0.344683, -1.89988, 0.375754, 1.63424, -0.581379, 0.000807582, -0.0214407, 0.000170099, 0.00135437, -8.75571e-05, -0.00269719, -0.00155909
142341, 10.1439, -0.0130872, 0.0340621, 0.0779442, 0.331881, 0.518451, 0.358475, 0.0208182, 0.017198, 0.000713473, 0.033411, 0.42544, 0.029274, 0.486131, 0.0688551, 0.172555, 0.76574, 0.459007, -0.450505, 0.246479, -0.856424, -0.453637, -0.594046, 0.236328, -0.768934, 0.00173683, 0.00303667, 0.00899421, 0.00714472, -0.0165521, 0.00439809, 0.350213, 0.442008, -0.344688, -1.89988, 0.375753, 1.63424, -0.581374, 0.00427878, -0.0201351, -2.28498e-05, -0.0024232, -4.591e-05, -0.000105009, -0.000579343
152501, 10.1539, -0.0130637, 0.0340852, 0.0780345, 0.331909, 0.518305, 0.358549, 0.0207912, 0.0172618, -0.00687706, 0.033633, 0.425567, 0.029276, 0.486154, 0.0688782, 0.172646, 0.765806, 0.459057, -0.450341, 0.246579, -0.856386, -0.453653, -0.593919, 0.236366, -0.76902, 0.00208363, 0.0044722, 0.00790995, 0.0106952, -0.0149143, -0.000597797, 0.350238, 0.441814, -0.344687, -1.89989, 0.375755, 1.63424, -0.581376, 0.00499633, -0.0165107, -0.000471662, -0.000883101, 0.00725722, -0.000258818, 0.000247415
162645, 10.1639, -0.0130351, 0.0341053, 0.0781205, 0.331927, 0.518162, 0.358616, 0.0206757, 0.0172231, 0.00837292, 0.033412, 0.425692, 0.029273, 0.486183, 0.0688983, 0.172731, 0.765874, 0.459098, -0.450184, 0.246674, -0.856356, -0.453659, -0.593791, 0.236398, -0.769109, 0.00281738, 0.0022055, 0.00895438, 0.00577118, -0.0178676, 0.00195684, 0.35026, 0.441641, -0.344688, -1.89988, 0.375754, 1.63424, -0.581372, 0.00333945, -0.0183712, -0.000962946, 0.000343469, 0.000240125, 0.000234838, 0.000479923
172864, 10.1739, -0.0130135, 0.0341242, 0.0782039, 0.331951, 0.518028, 0.358678, 0.0206321, 0.022166, 0.00831088, 0.033473, 0.425689, 0.029137, 0.486204, 0.0689172, 0.172815, 0.765938, 0.459139, -0.450035, 0.246761, -0.856324, -0.453672, -0.593674, 0.236434, -0.769188, 0.00304246, 0.001807, 0.00759261, 0.00343085, -0.0196619, 0.000500038, 0.350277, 0.441461, -0.344685, -1.89989, 0.375753, 1.63424, -0.58137, 0.00251245, -0.0172088, -4.31963e-05, -0.00120598, -0.000342365, 0.00528838, 0.0017311
183025, 10.1839, -0.0129901, 0.0341387, 0.078281, 0.331974, 0.517899, 0.358734, 0.02492, 0.0246186, 0.000798141, 0.033498, 0.425383, 0.029274, 0.486228, 0.0689317, 0.172892, 0.766, 0.459174, -0.449892, 0.24684, -0.856295, -0.453684, -0.59356, 0.23647, -0.769265, 0.0017757, 0.00177433, 0.00641389, 0.00480217, -0.0123313, 0.00163696, 0.350291, 0.441301, -0.344688, -1.89989, 0.375755, 1.63424, -0.581373, 0.00148797, -0.0135861, 0.00058636, -0.00031449, 0.000142131, 3.06205e-05, 0.000306996
193175, 10.1949, -0.0129657, 0.0341536, 0.0783617, 0.331998, 0.517764, 0.358796, 0.0248863, 0.0246213, 0.000816225, 0.033498, 0.425383, 0.029274, 0.486252, 0.0689466, 0.172973, 0.766064, 0.459213, -0.449743, 0.246926, -0.856264, -0.453696, -0.593442, 0.236507, -0.769345, 0.00149683, 0.00152615, 0.00615832, 0.00522704, -0.0109917, 0.00193779, 0.350303, 0.441133, -0.344688, -1.89989, 0.375754, 1.63424, -0.581378, 0.000500924, -0.0130417, 0.00114435, -0.000371818, -0.000110276, -0.000825122, -0.00035419
203323, 10.2049, -0.0129414, 0.0341605, 0.0784215, 0.332012, 0.517655, 0.358828, 0.0248001, 0.024651, 0.00845176, 0.033499, 0.425635, 0.029273, 0.486277, 0.0689535, 0.173032, 0.766126, 0.459224, -0.449627, 0.246979, -0.856249, -0.453694, -0.59334, 0.236538, -0.769414, 0.00182267, 0.000898976, 0.00541331, 0.00418566, -0.0106684, -0.000564416, 0.350302, 0.441013, -0.344687, -1.89988, 0.375755, 1.63425, -0.58137, -0.00106711, -0.0112103, 0.00144005, 0.000330644, 0.000337551, 0.000187902, 0.000773876
213471, 10.2149, -0.0129284, 0.0341703, 0.0784746, 0.332032, 0.517568, 0.358863, 0.0247785, 0.0246535, 0.00846291, 0.033499, 0.425635, 0.029273, 0.48629, 0.0689633, 0.173086, 0.766168, 0.459247, -0.449531, 0.247029, -0.856229, -0.453705, -0.593264, 0.236567, -0.769463, 0.00290299, 0.00125891, 0.00523779, 0.00205486, -0.0176245, -0.000407791, 0.350311, 0.440897, -0.344689, -1.89989, 0.375758, 1.63425, -0.581372, 0.00125079, -0.0126091, 0.000639777, -0.0011475, -3.00944e-05, 0.00759089, 0.00141357
223688, 10.2249, -0.0129161, 0.0341725, 0.0785207, 0.332047, 0.5175, 0.358887, 0.0247516, 0.029595, 0.00839189, 0.033559, 0.425632, 0.029137, 0.486302, 0.0689655, 0.173132, 0.766204, 0.459261, -0.449456, 0.247065, -0.856215, -0.453712, -0.593203, 0.236591, -0.769503, 0.00156937, 0.000433569, 0.00438405, 0.00284766, -0.00872783, -0.000218785, 0.350307, 0.440802, -0.34469, -1.89989, 0.375753, 1.63424, -0.581372, -0.000588237, -0.00881199, 0.000482512, 0.000630162, -0.000215218, 6.77779e-06, 0.000391921
233865, 10.2349, -0.0129015, 0.0341765, 0.0785596, 0.33206, 0.517426, 0.358911, 0.0248036, 0.0295656, 0.00078205, 0.033558, 0.42538, 0.029139, 0.486317, 0.0689695, 0.173171, 0.766245, 0.459271, -0.449376, 0.247102, -0.856203, -0.453715, -0.593135, 0.236615, -0.769548, 0.00134171, 0.000529583, 0.00541007, 0.00376941, -0.00978038, -0.00126275, 0.350306, 0.44072, -0.34469, -1.89989, 0.375755, 1.63425, -0.581373, -0.000158011, -0.0118713, -0.000103336, -0.00111362, 0.00033441, -0.000114201, 0.000833037
244022, 10.2449, -0.012894, 0.0341815, 0.0785846, 0.332066, 0.517384, 0.358934, 0.0247329, 0.0246564, 0.00848779, 0.033499, 0.425635, 0.029273, 0.486324, 0.0689745, 0.173196, 0.766263, 0.459287, -0.449329, 0.247133, -0.856192, -0.453718, -0.593099, 0.236623, -0.769573, 0.000151118, 0.000892003, 0.00075881, 0.000930987, -0.00184184, 0.00256495, 0.350314, 0.440668, -0.344693, -1.89989, 0.375754, 1.63425, -0.581378, 0.00163931, -0.00159379, 0.000106178, 4.08021e-05, -0.000223496, 0.00012779, -0.000897128
254172, 10.2559, -0.0128898, 0.0341763, 0.0786048, 0.332074, 0.517354, 0.358923, 0.0247866, 0.0246258, 0.000871867, 0.033498, 0.425383, 0.029274, 0.486328, 0.0689693, 0.173216, 0.766289, 0.459271, -0.449301, 0.247127, -0.856195, -0.453716, -0.593068, 0.236643, -0.769591, -0.000364468, 0.00024142, 0.000935165, 4.57183e-05, -0.000678198, -0.000927112, 0.350308, 0.440621, -0.344702, -1.8999, 0.375755, 1.63425, -0.581367, 0.0004213, -0.00315376, 3.09774e-06, -0.00202919, -0.0001117, 7.90423e-05, 0.00145971
264334, 10.2659, -0.0128793, 0.0341767, 0.0786273, 0.332082, 0.517312, 0.358936, 0.0247164, 0.0246562, 0.00849757, 0.033499, 0.425635, 0.029273, 0.486339, 0.0689697, 0.173238, 0.766312, 0.459277, -0.449256, 0.247148, -0.856188, -0.453717, -0.59303, 0.236656, -0.769617, 0.00191213, 0.000891469, 0.00328534, 0.00142716, -0.00861055, 0.00039689, 0.350303, 0.44058, -0.344702, -1.89989, 0.375755, 1.63425, -0.58137, 0.0008525, -0.00585998, 0.000159151, 0.00198702, 9.61136e-05, 0.00139861, 0.000826448
274493, 10.2759, -0.0128819, 0.0341735, 0.0786275, 0.332086, 0.517313, 0.358933, 0.0247166, 0.0246569, 0.00849704, 0.033499, 0.425635, 0.029273, 0.486336, 0.0689665, 0.173239, 0.766312, 0.459276, -0.449257, 0.247144, -0.856188, -0.453721, -0.593031, 0.236661, -0.769614, -4.12706e-05, -0.000732487, 0.000705315, -9.05566e-05, -0.00062357, -0.0012423, 0.3503, 0.440574, -0.344705, -1.8999, 0.375755, 1.63425, -0.581374, 0.000646109, -0.00166037, -0.00221753, -0.000791293, 1.31332e-05, -0.000548145, -0.000217792
284639, 10.2859, -0.0128789, 0.0341714, 0.078636, 0.332088, 0.517299, 0.358932, 0.0247234, 0.0197166, 0.00857911, 0.033439, 0.425638, 0.029408, 0.486339, 0.0689644, 0.173247, 0.766323, 0.459272, -0.449243, 0.247146, -0.856188, -0.453719, -0.593017, 0.236667, -0.769623, -3.4409e-05, -0.00126258, 0.000162335, -0.000166658, -0.000367541, -0.00273779, 0.3503, 0.440557, -0.344711, -1.8999, 0.375755, 1.63425, -0.581373, -0.00178266, -0.00103964, -0.000717064, -0.00119278, -2.58405e-05, 0.000509916, 0.000109759
294827, 10.2959, -0.0128794, 0.0341753, 0.0786361, 0.332088, 0.517299, 0.35894, 0.0205331, 0.0172172, 0.000868916, 0.033411, 0.42544, 0.029274, 0.486339, 0.0689683, 0.173247, 0.766319, 0.45928, -0.449241, 0.247153, -0.856184, -0.453722, -0.593019, 0.236664, -0.769623, 2.66649e-05, 0.000506748, 0.00063658, 0.00173925, -0.00118444, 0.00150049, 0.3503, 0.440556, -0.344703, -1.8999, 0.375754, 1.63425, -0.581374, -0.000687488, -0.00162255, 0.00154127, -0.000280019, -6.07298e-05, -7.61099e-05, -0.0010178
304976, 10.3059, -0.012883, 0.0341765, 0.0786353, 0.332089, 0.517304, 0.35894, 0.020514, 0.0221576, 0.000788135, 0.033472, 0.425437, 0.029139, 0.486335, 0.0689695, 0.173246, 0.766315, 0.459281, -0.449245, 0.247152, -0.856184, -0.453724, -0.593023, 0.236664, -0.769619, -0.00157976, 0.00307837, -0.000628404, 3.93199e-05, 0.0027914, 0.00597895, 0.350306, 0.440552, -0.344706, -1.89991, 0.375755, 1.63425, -0.581374, 0.00610519, -0.000326141, 0.000487898, -0.00275513, -5.09002e-05, -0.000233195, 0.000306165
315155, 10.3159, -0.0128868, 0.0341769, 0.0786339, 0.332089, 0.517309, 0.35894, 0.0205151, 0.0221581, 0.000787183, 0.033472, 0.425437, 0.029139, 0.486331, 0.0689699, 0.173245, 0.766311, 0.459283, -0.44925, 0.24715, -0.856183, -0.453726, -0.593029, 0.236663, -0.769615, 3.72158e-05, 0.000284867, 5.00311e-05, 0.000583771, -0.00081157, 0.00184488, 0.350308, 0.440549, -0.344706, -1.89992, 0.375754, 1.63425, -0.581375, 0.0011485, -0.000114404, -0.000497023, -1.73453e-05, -8.38836e-05, 0.000316003, -0.00147336
325364, 10.3269, -0.0128937, 0.0341715, 0.07863, 0.332091, 0.517322, 0.358922, 0.0247988, 0.0246879, -0.00673482, 0.03372, 0.42551, 0.029276, 0.486324, 0.0689645, 0.173241, 0.766311, 0.459268, -0.449266, 0.247129, -0.85619, -0.453725, -0.593039, 0.236668, -0.769606, -0.00122245, -0.00143227, -0.00115719, -0.00119067, 0.00345882, -0.00316199, 0.350306, 0.440546, -0.344713, -1.89994, 0.375754, 1.63425, -0.581369, -0.000373104, 0.000539001, -0.00210759, -0.00348135, 0.000225675, 0.000234172, 0.000257465
335530, 10.3369, -0.0128925, 0.0341626, 0.0786327, 0.332093, 0.517311, 0.358909, 0.0163269, 0.0246468, -0.00668307, 0.033728, 0.425612, 0.029274, 0.486325, 0.0689556, 0.173244, 0.766325, 0.459253, -0.449258, 0.247119, -0.856195, -0.45372, -0.593025, 0.236677, -0.769614, -0.000549346, -0.0021043, -0.000600054, -0.000795978, 0.00123345, -0.00400204, 0.350297, 0.440534, -0.344721, -1.89995, 0.375753, 1.63426, -0.581369, -0.0021733, -0.000254262, -0.00172238, -0.00263349, -6.8751e-05, 0.000858378, -0.000228915
345678, 10.3469, -0.0128902, 0.0341408, 0.0786364, 0.332094, 0.517292, 0.358876, 0.0121044, 0.0320034, -0.00661959, 0.033822, 0.425657, 0.029271, 0.486328, 0.0689338, 0.173247, 0.766354, 0.459215, -0.449247, 0.247091, -0.856211, -0.453705, -0.592998, 0.236694, -0.769629, -0.00205396, -0.00152586, -0.00104399, -0.000537894, 0.00399251, -0.00206932, 0.350281, 0.440514, -0.344746, -1.89997, 0.37575, 1.63428, -0.581367, -0.00128648, -0.00155756, -0.000868002, -0.00627632, -0.000902146, 0.00059112, -0.000492003
355847, 10.3569, -0.0128828, 0.0341015, 0.0786452, 0.3321, 0.517266, 0.358817, 0.0121512, 0.031909, -0.00662516, 0.0336, 0.425278, 0.029271, 0.486335, 0.0688945, 0.173256, 0.766401, 0.459151, -0.449233, 0.247039, -0.856237, -0.453685, -0.59296, 0.236727, -0.769649, -0.000239787, -0.00136319, 0.000386749, -0.00114372, 0.000186233, -0.00301406, 0.350252, 0.440493, -0.344796, -1.89998, 0.375749, 1.63429, -0.581369, -0.000515593, -0.00154272, -0.00206127, -0.00157054, -0.000393635, -0.000147668, 0.0008988
365978, 10.3669, -0.0128798, 0.0340569, 0.0786572, 0.332115, 0.51724, 0.358747, 0.0163181, 0.0246356, -0.0066713, 0.033728, 0.425612, 0.029274, 0.486338, 0.0688499, 0.173268, 0.766453, 0.459077, -0.449219, 0.246974, -0.856264, -0.45367, -0.592919, 0.236772, -0.769666, 0.000449223, -0.00444335, 0.00156508, -0.000242583, -0.00634482, -0.0095422, 0.350215, 0.440454, -0.344849, -1.90001, 0.375749, 1.6343, -0.58137, -0.00454166, -0.00688073, -0.00420488, -0.00574358, 0.000104432, 0.00498898, -0.000470044
376268, 10.3769, -0.0128736, 0.0340038, 0.0786687, 0.332125, 0.517206, 0.358661, 0.0163444, 0.0295195, -0.0220256, 0.033565, 0.425487, 0.029139, 0.486347, 0.06879, 0.173285, 0.766529, 0.458978, -0.449191, 0.246893, -0.856301, -0.453644, -0.592855, 0.23683, -0.769698, 0.00317218, -0.00734996, 0.00141537, -0.00552499, -0.0122676, -0.0147316, 0.350168, 0.440405, -0.344923, -1.90004, 0.375749, 1.63432, -0.581372, -0.00286849, -0.0034942, -0.0114265, -0.000835115, -6.0366e-05, 0.00851807, 0.00041452
386463, 10.3869, -0.0128599, 0.0339406, 0.0786897, 0.332134, 0.517152, 0.358572, 0.0206264, 0.0320019, -0.0142664, 0.033813, 0.425303, 0.029275, 0.486358, 0.0687336, 0.173301, 0.766601, 0.458881, -0.449167, 0.246819, -0.85634, -0.453609, -0.592793, 0.236874, -0.769732, 0.0016935, -0.0040437, 0.00403471, 0.000159076, -0.00890082, -0.00850726, 0.35013, 0.440365, -0.344997, -1.90006, 0.375744, 1.63434, -0.581368, -0.00314786, -0.00893214, -0.00557621, -0.00146753, -0.000317729, 0.00125631, 0.000195921
396663, 10.3979, -0.012835, 0.033854, 0.078723, 0.332141, 0.517054, 0.358442, 0.020581, 0.0319682, -0.0219094, 0.033591, 0.425433, 0.029275, 0.486383, 0.068647, 0.173334, 0.766733, 0.458727, -0.449099, 0.246717, -0.856402, -0.453549, -0.592664, 0.236951, -0.769807, 0.000828811, -0.00649789, 0.00229817, -0.00413783, -0.00566534, -0.0137052, 0.350079, 0.440283, -0.345121, -1.90009, 0.375743, 1.63439, -0.581361, -0.000913034, -0.0065781, -0.0120099, -0.00436545, -0.000123115, 0.00246107, 0.00137062
406936, 10.4079, -0.0127984, 0.033761, 0.0787499, 0.332131, 0.516909, 0.358316, 0.020486, 0.0319785, -0.0142532, 0.033592, 0.425685, 0.029273, 0.48642, 0.068554, 0.173361, 0.766898, 0.458559, -0.448988, 0.246635, -0.856472, -0.453462, -0.592485, 0.237023, -0.769924, 0.00510363, -0.00913132, 0.00261716, -0.00553371, -0.0230327, -0.0178436, 0.350038, 0.440201, -0.345262, -1.90013, 0.375745, 1.63451, -0.581365, -0.00386085, -0.00771021, -0.0137554, -0.00242812, 0.000143825, 0.0163703, -0.0013969
417137, 10.4189, -0.012748, 0.0336469, 0.0787841, 0.332104, 0.516697, 0.358157, 0.0204488, 0.0368886, -0.0142939, 0.033652, 0.425682, 0.029138, 0.48647, 0.0684399, 0.173395, 0.767128, 0.458336, -0.448823, 0.246544, -0.856568, -0.453329, -0.592225, 0.237107, -0.770098, 0.0047735, -0.0116736, 0.00270493, -0.00882851, -0.0226411, -0.0234958, 0.349995, 0.440079, -0.345437, -1.9002, 0.375745, 1.63471, -0.581356, -0.00234212, -0.00889636, -0.0200175, -0.00498935, 4.78434e-06, 0.0168681, 0.000113705
427306, 10.4289, -0.012678, 0.0335301, 0.0788186, 0.332058, 0.516424, 0.358011, 0.0161984, 0.0393419, -0.0217129, 0.033908, 0.425857, 0.029272, 0.48654, 0.0683231, 0.17343, 0.767397, 0.458105, -0.4486, 0.246489, -0.85667, -0.453166, -0.5919, 0.237183, -0.770324, 0.00663251, -0.0101781, 0.00238298, -0.00871473, -0.0321316, -0.0217376, 0.349957, 0.439954, -0.345618, -1.90026, 0.375745, 1.63498, -0.581354, -0.00374451, -0.00992999, -0.015024, -0.00502044, -7.65852e-05, 0.0265085, 0.000282941
437469, 10.4389, -0.0125998, 0.0333914, 0.0788567, 0.331998, 0.516102, 0.357837, 0.0204197, 0.0368472, -0.0294225, 0.033873, 0.425557, 0.029141, 0.486618, 0.0681844, 0.173468, 0.767713, 0.45783, -0.44834, 0.246423, -0.856794, -0.452968, -0.591517, 0.237269, -0.770591, 0.00873933, -0.0158708, 0.00413318, -0.00987557, -0.0439707, -0.0331029, 0.349924, 0.4398, -0.345842, -1.90035, 0.375743, 1.63531, -0.581352, -0.00918624, -0.0164507, -0.0207138, -0.00893425, 6.02662e-05, 0.035219, -0.0010603
447625, 10.4489, -0.0125026, 0.0332471, 0.0788979, 0.331913, 0.515707, 0.357659, 0.0202664, 0.0367525, -0.0141077, 0.033652, 0.425682, 0.029138, 0.486715, 0.0680401, 0.173509, 0.768085, 0.457524, -0.448015, 0.246379, -0.856934, -0.452726, -0.591052, 0.23735, -0.770923, 0.010079, -0.0123696, 0.0053123, -0.0111314, -0.0531078, -0.0339992, 0.349903, 0.439624, -0.346083, -1.90045, 0.375742, 1.63573, -0.58134, -0.000390629, -0.0204355, -0.0233667, -0.0106507, 0.00388258, 0.042963, 0.00341499
457787, 10.4589, -0.0123946, 0.0330895, 0.0789362, 0.331807, 0.515245, 0.357473, 0.0159998, 0.0341886, -0.00614992, 0.033849, 0.425603, 0.029407, 0.486823, 0.0678825, 0.173547, 0.768509, 0.457187, -0.447631, 0.246352, -0.857092, -0.452442, -0.590512, 0.237431, -0.771312, 0.0134563, -0.0168563, 0.00634426, -0.0157386, -0.069956, -0.0357503, 0.349899, 0.439421, -0.346358, -1.90059, 0.375742, 1.63625, -0.581336, 0.000522806, -0.0240542, -0.0310417, -0.0113037, 0.000155253, 0.0555343, -0.0011719
467945, 10.4689, -0.0122965, 0.0329262, 0.0789833, 0.33171, 0.514775, 0.357271, 0.00739179, 0.0291852, -0.00624172, 0.033796, 0.42571, 0.029136, 0.486921, 0.0677192, 0.173594, 0.768945, 0.456836, -0.447241, 0.246309, -0.857252, -0.452162, -0.589962, 0.237528, -0.771703, 0.011465, -0.0168731, 0.00604264, -0.0185548, -0.0649611, -0.0417275, 0.349896, 0.43917, -0.346644, -1.90078, 0.375742, 1.63678, -0.581326, -0.00114033, -0.0270415, -0.0290219, -0.0171369, -0.000162732, 0.0555212, 0.00597127
478131, 10.4799, -0.012199, 0.0327388, 0.0790357, 0.331608, 0.514261, 0.357033, 0.0073063, 0.0241759, -0.00606581, 0.033735, 0.425714, 0.029271, 0.487019, 0.0675318, 0.173647, 0.769429, 0.456435, -0.446818, 0.246243, -0.857433, -0.451854, -0.589359, 0.237644, -0.772128, 0.00883073, -0.0173254, 0.00606498, -0.0137527, -0.0570121, -0.0379196, 0.349899, 0.43887, -0.346978, -1.90103, 0.375743, 1.63737, -0.581317, -0.000682924, -0.0278168, -0.0307781, -0.0203066, 0.000119544, 0.0480471, 7.0118e-06
488292, 10.4899, -0.0121322, 0.0325769, 0.0790875, 0.331536, 0.513833, 0.356806, 0.0114474, 0.0167489, -0.00604685, 0.033641, 0.425669, 0.029274, 0.487086, 0.0673699, 0.173699, 0.769844, 0.456077, -0.446468, 0.246156, -0.857591, -0.451602, -0.588852, 0.237762, -0.772478, 0.00817581, -0.0174358, 0.00658341, -0.0120793, -0.0605813, -0.0392195, 0.349896, 0.438566, -0.347261, -1.9013, 0.375744, 1.63787, -0.581292, -0.0010569, -0.0329953, -0.0304149, -0.0263028, 0.000741748, 0.052648, -0.000824512
498462, 10.4999, -0.0120657, 0.0324273, 0.0791599, 0.331475, 0.513385, 0.356594, 0.0155728, 0.0142743, -0.0061061, 0.033607, 0.425621, 0.029141, 0.487152, 0.0672203, 0.173771, 0.770266, 0.455732, -0.446093, 0.246085, -0.857739, -0.45136, -0.588331, 0.23789, -0.772836, 0.00748218, -0.015226, 0.00755306, -0.0091151, -0.0572588, -0.0341675, 0.349901, 0.438214, -0.347533, -1.90158, 0.375748, 1.63836, -0.581256, -0.000266013, -0.0335746, -0.0274327, -0.0245727, 0.000644023, 0.0471758, -0.00150596
508668, 10.5099, -0.0120051, 0.0322794, 0.0792283, 0.331404, 0.512928, 0.356378, 0.0197769, 0.0118071, -0.0134631, 0.033795, 0.425697, 0.029413, 0.487213, 0.0670724, 0.173839, 0.770695, 0.455379, -0.445712, 0.246015, -0.857893, -0.451106, -0.587798, 0.238013, -0.773204, 0.00834565, -0.0119408, 0.00808492, -0.0118644, -0.066219, -0.034556, 0.349896, 0.437839, -0.347783, -1.9019, 0.375741, 1.63889, -0.581205, -0.000561764, -0.0392549, -0.0195144, -0.0286505, -0.000441487, 0.0582613, 0.00616605
518834, 10.5199, -0.0119398, 0.0321456, 0.0793038, 0.331331, 0.512424, 0.356168, 0.0196205, 0.016677, 0.00943745, 0.033856, 0.425689, 0.029275, 0.487278, 0.0669386, 0.173915, 0.771154, 0.455019, -0.445285, 0.245963, -0.858047, -0.45084, -0.587216, 0.238143, -0.773605, 0.00646306, -0.0148872, 0.00476921, -0.0177552, -0.0624787, -0.0431707, 0.349893, 0.437422, -0.348006, -1.90225, 0.375741, 1.63948, -0.58113, -0.000491927, -0.0376396, -0.0238654, -0.0369529, -0.000370529, 0.0646441, 0.00958249
528994, 10.5299, -0.0118902, 0.0320213, 0.0793584, 0.331257, 0.511934, 0.355949, 0.0237375, 0.014197, 0.00938587, 0.033822, 0.425641, 0.029142, 0.487328, 0.0668143, 0.173969, 0.771607, 0.454654, -0.444873, 0.2459, -0.858205, -0.450574, -0.586648, 0.238272, -0.773997, 0.00601582, -0.0111776, 0.00379518, -0.0125046, -0.0671027, -0.0334135, 0.34989, 0.437005, -0.348202, -1.90266, 0.375747, 1.64012, -0.581043, -2.80502e-05, -0.0392754, -0.0163095, -0.0405938, -0.000108347, 0.0713934, 0.00434602
539145, 10.5409, -0.0118577, 0.0318919, 0.0794139, 0.331187, 0.511399, 0.355736, 0.0236445, 0.00919599, 0.00955052, 0.033762, 0.425644, 0.029277, 0.48736, 0.0666849, 0.174025, 0.772087, 0.454286, -0.444416, 0.245852, -0.858361, -0.450304, -0.586036, 0.238413, -0.774416, 0.00578798, -0.0125887, 0.00742006, -0.00955459, -0.073898, -0.0365302, 0.349895, 0.436504, -0.348403, -1.90319, 0.375748, 1.64085, -0.580973, -0.000246443, -0.0504706, -0.0193224, -0.0468973, 1.37788e-05, 0.0731994, 0.00296404
549303, 10.5509, -0.0118461, 0.0317927, 0.0794576, 0.331141, 0.510935, 0.355582, 0.0235427, 0.0140888, 0.00956061, 0.033822, 0.425641, 0.029142, 0.487372, 0.0665857, 0.174069, 0.772487, 0.454004, -0.44401, 0.245835, -0.858475, -0.450094, -0.585516, 0.238539, -0.774771, 0.0016619, -0.0111377, 0.0054786, -0.00963644, -0.0581688, -0.0368056, 0.349898, 0.436037, -0.348545, -1.90371, 0.375749, 1.64151, -0.580933, -0.000735445, -0.04842, -0.0159369, -0.0514572, 0.000108128, 0.0651146, 0.00709406
559454, 10.5609, -0.0118418, 0.0317056, 0.0795021, 0.331098, 0.510458, 0.355445, 0.0192371, 0.0115229, 0.009852, 0.033796, 0.425692, 0.02941, 0.487376, 0.0664986, 0.174113, 0.772888, 0.453736, -0.443586, 0.245837, -0.858582, -0.449891, -0.584986, 0.238666, -0.775132, 0.00122663, -0.0104213, 0.00399784, -0.00945097, -0.0636783, -0.0350156, 0.349906, 0.435539, -0.348665, -1.90427, 0.375751, 1.6422, -0.580891, 0.000352256, -0.0507076, -0.0142947, -0.058167, 0.000115268, 0.0752208, 0.00511718
569605, 10.5709, -0.0118564, 0.0316244, 0.0795285, 0.331052, 0.509988, 0.355305, 0.0191133, 0.0163964, 0.00220262, 0.033634, 0.425819, 0.029274, 0.487362, 0.0664174, 0.174139, 0.773284, 0.453466, -0.44317, 0.245835, -0.85869, -0.449685, -0.584463, 0.238788, -0.775489, 0.0001099, -0.00822314, 0.00436796, -0.00581006, -0.0678606, -0.0292953, 0.349918, 0.435022, -0.348765, -1.90491, 0.375751, 1.64295, -0.580844, 0.00219017, -0.0563689, -0.011126, -0.0648225, -5.14607e-05, 0.0805334, 0.00180966
579768, 10.5809, -0.0118772, 0.031551, 0.0795684, 0.331013, 0.509512, 0.355147, 0.0148487, 0.0138701, 0.00222347, 0.033829, 0.425491, 0.029141, 0.487341, 0.066344, 0.174179, 0.773692, 0.453179, -0.442751, 0.245814, -0.858803, -0.44948, -0.583931, 0.238925, -0.775848, -0.00295154, -0.00735903, 0.00150375, -0.00858885, -0.0584166, -0.0316121, 0.349921, 0.434457, -0.348843, -1.90558, 0.375751, 1.6437, -0.580759, 0.0023628, -0.0544695, -0.00866296, -0.0712548, -6.73586e-05, 0.0807712, 0.00667453
589936, 10.5909, -0.0119139, 0.031484, 0.0796163, 0.330997, 0.509046, 0.355013, 0.019014, 0.0114014, -0.0127901, 0.033795, 0.425697, 0.029413, 0.487304, 0.066277, 0.174227, 0.77408, 0.452927, -0.442331, 0.245807, -0.858895, -0.449308, -0.58342, 0.239072, -0.776186, -0.00227383, -0.00819085, 0.00514682, -0.00838618, -0.058562, -0.0363448, 0.349922, 0.433853, -0.348907, -1.90629, 0.375749, 1.64443, -0.580696, 0.000837936, -0.0593673, -0.0101886, -0.0683557, -0.000142259, 0.0739985, 0.010782
600115, 10.6019, -0.0119556, 0.0314208, 0.0796917, 0.331001, 0.508543, 0.35487, 0.0232006, 0.00898451, -0.0280899, 0.033981, 0.425525, 0.029283, 0.487262, 0.0662138, 0.174303, 0.774496, 0.452663, -0.441873, 0.245793, -0.858985, -0.449145, -0.582873, 0.239251, -0.776542, -0.00463937, -0.00675501, 0.00541437, -0.00624634, -0.0523337, -0.036427, 0.349916, 0.43316, -0.348962, -1.90705, 0.375751, 1.64517, -0.580611, -0.000790012, -0.0624889, -0.00602431, -0.0728213, 0.000104843, 0.0703123, 0.0132442
610252, 10.6119, -0.0119817, 0.0313809, 0.0797876, 0.330998, 0.508021, 0.354761, 0.0315017, 0.00901779, -0.0204367, 0.033974, 0.425675, 0.029284, 0.487236, 0.0661739, 0.174399, 0.774909, 0.452428, -0.44139, 0.24582, -0.859062, -0.448982, -0.582314, 0.239418, -0.77691, -0.00341004, -0.00408857, 0.00837174, -2.17119e-05, -0.059566, -0.0313515, 0.349919, 0.432461, -0.348988, -1.90775, 0.375751, 1.64588, -0.580505, 0.000706233, -0.0678378, -0.00369384, -0.0712612, 0.00211108, 0.0703721, 0.00989638
620410, 10.6219, -0.0119948, 0.03135, 0.0798809, 0.330974, 0.507449, 0.354645, 0.0314431, 0.00895305, -0.0279636, 0.033973, 0.425423, 0.029285, 0.487223, 0.066143, 0.174492, 0.77536, 0.452168, -0.440865, 0.245859, -0.859155, -0.448784, -0.581696, 0.239578, -0.777323, 0.00120897, -0.00219603, 0.0109772, -0.00345089, -0.0805021, -0.0316469, 0.349919, 0.431749, -0.348988, -1.90846, 0.375753, 1.64667, -0.580364, 0.000404642, -0.0744258, 0.00132882, -0.0691175, 0.00027581, 0.0856266, 0.0151115
630560, 10.6319, -0.0120014, 0.0313268, 0.0799922, 0.330941, 0.506822, 0.354528, 0.0312531, 0.00892312, -0.0202411, 0.033974, 0.425675, 0.029284, 0.487217, 0.0661198, 0.174603, 0.775849, 0.45189, -0.440288, 0.245913, -0.859255, -0.448562, -0.581021, 0.239744, -0.777777, -0.000452136, -0.000853973, 0.0107679, -0.00246601, -0.082138, -0.0280151, 0.349935, 0.430976, -0.348988, -1.9092, 0.375756, 1.64751, -0.580194, 0.00409748, -0.079009, 0.00127465, -0.076611, -0.000211927, 0.0901458, 0.0133815
640705, 10.6419, -0.0120219, 0.0313093, 0.0800889, 0.330893, 0.50618, 0.354385, 0.0269018, 0.016237, -0.0200645, 0.034069, 0.425719, 0.029281, 0.487196, 0.0661023, 0.1747, 0.77636, 0.451578, -0.439707, 0.245952, -0.859373, -0.448314, -0.580321, 0.239906, -0.77825, -0.00119681, -0.0012513, 0.0092791, -0.00818888, -0.0832566, -0.035489, 0.349967, 0.430168, -0.34898, -1.91003, 0.375761, 1.64844, -0.57999, 0.00461185, -0.0808362, 0.00114239, -0.083277, -0.000201373, 0.0981999, 0.0208639
650868, 10.6519, -0.0120059, 0.031297, 0.0801974, 0.330804, 0.505372, 0.354284, 0.0352943, 0.0309658, -0.027529, 0.034241, 0.425354, 0.029282, 0.487212, 0.06609, 0.174808, 0.776967, 0.451256, -0.438964, 0.246084, -0.8595, -0.447998, -0.579452, 0.240058, -0.77885, 0.00151196, -0.00165543, 0.0113961, -0.0120541, -0.103023, -0.0414209, 0.350015, 0.429294, -0.348965, -1.91089, 0.375764, 1.64956, -0.57979, 0.00632343, -0.0911768, -0.000150447, -0.0897649, -0.00057388, 0.116171, 0.0251862
661025, 10.6619, -0.0119775, 0.0312891, 0.0802978, 0.33067, 0.504461, 0.354215, 0.0435448, 0.0309112, -0.0350837, 0.034011, 0.425382, 0.029284, 0.48724, 0.0660821, 0.174909, 0.77763, 0.45093, -0.438124, 0.246289, -0.859637, -0.447623, -0.578475, 0.24018, -0.779539, 0.00390208, -0.000726554, 0.0120683, -0.0107344, -0.122876, -0.0380242, 0.350109, 0.428376, -0.348967, -1.91182, 0.375761, 1.65085, -0.579602, 0.00949229, -0.0983, -0.000154334, -0.0956961, -0.000226725, 0.134639, 0.020293
671232, 10.6729, -0.0119215, 0.031268, 0.0803991, 0.330495, 0.503333, 0.354143, 0.0390799, 0.0431055, -0.0349113, 0.034166, 0.425423, 0.029147, 0.487297, 0.066061, 0.17501, 0.778443, 0.450538, -0.437083, 0.246557, -0.859804, -0.447155, -0.577266, 0.240319, -0.780392, 0.00628836, -0.00208966, 0.00639281, -0.0125788, -0.139676, -0.0340283, 0.350203, 0.427336, -0.34897, -1.91289, 0.375762, 1.65245, -0.57941, 0.0106626, -0.0928716, -0.000830101, -0.101389, 7.25121e-05, 0.160494, 0.0100911
681398, 10.6829, -0.0118238, 0.0312396, 0.0804658, 0.330266, 0.502133, 0.354076, 0.0472818, 0.052904, -0.026973, 0.03428, 0.425564, 0.02928, 0.487394, 0.0660326, 0.175077, 0.779303, 0.450118, -0.435983, 0.246864, -0.859995, -0.446616, -0.575974, 0.24042, -0.781315, 0.0102739, -0.00334486, 0.00602284, -0.0206905, -0.155305, -0.0442372, 0.350286, 0.426394, -0.348964, -1.91389, 0.375765, 1.65418, -0.579225, 0.00872238, -0.0939795, -0.000159013, -0.101101, -5.90345e-05, 0.177554, 0.0186428
691601, 10.6929, -0.0117209, 0.0311983, 0.0805274, 0.330014, 0.500823, 0.354005, 0.0512608, 0.0601809, -0.0267362, 0.034367, 0.425507, 0.02928, 0.487497, 0.0659913, 0.175138, 0.780237, 0.44966, -0.434783, 0.247201, -0.860205, -0.446027, -0.574563, 0.240528, -0.78232, 0.0107283, -0.00446581, 0.00564536, -0.0219182, -0.168372, -0.0483931, 0.350375, 0.425377, -0.34897, -1.915, 0.375765, 1.65609, -0.579048, 0.00969912, -0.10129, -0.00184322, -0.111757, 0.00055732, 0.194412, 0.0178284
701790, 10.7029, -0.0115801, 0.031158, 0.0805972, 0.329717, 0.499371, 0.353921, 0.0383515, 0.0526296, -0.0340241, 0.034731, 0.425411, 0.029282, 0.487638, 0.065951, 0.175208, 0.781271, 0.449145, -0.433456, 0.247574, -0.860445, -0.445356, -0.572994, 0.240631, -0.783437, 0.0111163, -0.0025007, 0.00628521, -0.02646, -0.177796, -0.0507937, 0.350463, 0.424317, -0.348964, -1.91612, 0.375768, 1.65817, -0.578827, 0.0148236, -0.108086, -0.00177344, -0.118662, 0.00017438, 0.206353, 0.0244814
712020, 10.7129, -0.0114304, 0.0311064, 0.0806507, 0.329389, 0.497833, 0.353801, 0.0380567, 0.062244, -0.0259863, 0.03463, 0.425275, 0.029413, 0.487788, 0.0658994, 0.175262, 0.782377, 0.448564, -0.432061, 0.247942, -0.860718, -0.444622, -0.571324, 0.240736, -0.784624, 0.0156659, -0.00621043, 0.00542279, -0.0295559, -0.200837, -0.0602895, 0.350544, 0.423224, -0.348955, -1.91732, 0.375772, 1.66042, -0.57858, 0.00656542, -0.111641, 0.000911595, -0.12255, 0.000152739, 0.231073, 0.0241527
722230, 10.7229, -0.0112531, 0.0310394, 0.0806839, 0.328993, 0.496146, 0.353618, 0.0461253, 0.0768807, -0.0256995, 0.034583, 0.425543, 0.029411, 0.487965, 0.0658324, 0.175295, 0.783611, 0.447865, -0.430548, 0.248305, -0.861056, -0.443765, -0.569472, 0.240832, -0.78594, 0.0197343, -0.00792963, 0.00592922, -0.0369829, -0.22241, -0.0710981, 0.350627, 0.42209, -0.348952, -1.91861, 0.375778, 1.66294, -0.578269, 0.00412456, -0.117521, -0.000553894, -0.126845, -0.00026171, 0.254704, 0.0274983
732464, 10.7339, -0.011027, 0.0309415, 0.0807279, 0.328506, 0.494104, 0.353353, 0.0500144, 0.0742122, -0.0254507, 0.034769, 0.425113, 0.02928, 0.488191, 0.0657345, 0.175339, 0.785116, 0.446974, -0.428727, 0.248702, -0.861485, -0.442708, -0.567221, 0.240952, -0.78753, 0.02046, -0.0108972, 0.00323705, -0.03888, -0.235457, -0.0957382, 0.3507, 0.420739, -0.348956, -1.92013, 0.375779, 1.66597, -0.577867, -0.000428496, -0.123589, -0.000252083, -0.142501, 0.00916236, 0.278735, 0.0392703
742691, 10.7439, -0.0108098, 0.0308441, 0.0807723, 0.328034, 0.492116, 0.353083, 0.0495945, 0.0642102, -0.0328635, 0.03487, 0.425249, 0.029148, 0.488408, 0.0656371, 0.175383, 0.78658, 0.446097, -0.426954, 0.249074, -0.861906, -0.44168, -0.565026, 0.241073, -0.789068, 0.0238679, -0.00846955, 0.00593012, -0.0486528, -0.259062, -0.0884339, 0.350762, 0.419416, -0.348954, -1.92162, 0.375779, 1.66892, -0.577468, 0.00889124, -0.133788, -0.000452971, -0.146018, 0.00110357, 0.29873, 0.0442497
752873, 10.7539, -0.0105912, 0.030737, 0.0807912, 0.327524, 0.490015, 0.352746, 0.0406748, 0.0687693, -0.016987, 0.034718, 0.42547, 0.029411, 0.488627, 0.06553, 0.175402, 0.78814, 0.445118, -0.425094, 0.249417, -0.862375, -0.440568, -0.562695, 0.241203, -0.790693, 0.0243908, -0.00927239, 0.00257241, -0.0543284, -0.277269, -0.0959262, 0.350814, 0.418029, -0.348935, -1.92326, 0.375787, 1.67212, -0.577014, 0.00655683, -0.140773, 0.00406025, -0.163094, 0.000548429, 0.329952, 0.0478974
763024, 10.7639, -0.0103619, 0.0306253, 0.0807819, 0.326946, 0.487741, 0.352413, 0.0317599, 0.0684047, -0.00127072, 0.034726, 0.425314, 0.029408, 0.488856, 0.0654183, 0.175393, 0.789805, 0.444086, -0.423078, 0.249824, -0.862878, -0.439351, -0.560174, 0.241307, -0.792449, 0.0212918, -0.0126726, -0.0029855, -0.0604141, -0.287671, -0.103019, 0.3509, 0.416564, -0.348919, -1.92507, 0.37579, 1.67565, -0.576559, 0.00928563, -0.147651, -0.000482918, -0.189264, -0.000252867, 0.359808, 0.0458205
773171, 10.7749, -0.0101319, 0.0304943, 0.0807553, 0.326304, 0.485165, 0.352037, 0.0312336, 0.0730375, -0.000906283, 0.034787, 0.425311, 0.029272, 0.489086, 0.0652873, 0.175366, 0.791677, 0.442926, -0.42079, 0.250277, -0.863439, -0.437989, -0.557323, 0.241432, -0.794419, 0.0200633, -0.00988829, -0.00184904, -0.0582624, -0.301201, -0.0992467, 0.351004, 0.414863, -0.348903, -1.92724, 0.375796, 1.67971, -0.576077, 0.0152397, -0.160867, 0.000788607, -0.204628, 4.01444e-05, 0.376512, 0.0440518
783334, 10.7849, -0.00994708, 0.0303719, 0.0807114, 0.325701, 0.482804, 0.351653, 0.0350127, 0.0654107, 0.00708995, 0.034914, 0.425136, 0.029275, 0.489271, 0.0651649, 0.175322, 0.793398, 0.441823, -0.418703, 0.250654, -0.863973, -0.436718, -0.5547, 0.241542, -0.796219, 0.0207878, -0.0117283, -0.00313661, -0.0580718, -0.311141, -0.102987, 0.351106, 0.413264, -0.348881, -1.92935, 0.375796, 1.68352, -0.575606, 0.00983564, -0.164067, 0.00404327, -0.211799, 3.35961e-05, 0.391027, 0.041819
793544, 10.7949, -0.00977568, 0.0302501, 0.0806516, 0.32508, 0.480412, 0.351244, 0.0430066, 0.0651671, 0.00745, 0.034906, 0.425035, 0.029277, 0.489442, 0.0650431, 0.175263, 0.795139, 0.440686, -0.416593, 0.251015, -0.864525, -0.435417, -0.552037, 0.241646, -0.798037, 0.0175933, -0.00920358, -0.00786864, -0.0663463, -0.304686, -0.107524, 0.351216, 0.411628, -0.348849, -1.93156, 0.375795, 1.68744, -0.575113, 0.0137976, -0.161848, 0.00753825, -0.222614, -0.000210739, 0.400974, 0.0529831
803748, 10.8049, -0.00964733, 0.0301255, 0.0805584, 0.324452, 0.478077, 0.350768, 0.0552761, 0.0625108, -0.0152293, 0.034863, 0.42489, 0.029149, 0.489571, 0.0649185, 0.175169, 0.796863, 0.439494, -0.414552, 0.251297, -0.865103, -0.434104, -0.549416, 0.241746, -0.799813, 0.0125579, -0.0140423, -0.00849936, -0.0625558, -0.294237, -0.112697, 0.351329, 0.409972, -0.348806, -1.93391, 0.37579, 1.69142, -0.574574, 0.00995425, -0.167431, 0.00223802, -0.236068, -0.000331043, 0.396361, 0.0470562
