timestamp, robot_time[1], robot_ee_pos_error[3], robot_ee_ori_error[3], sensed_forces_moments[6], robot_ee_position[3], robot_ee_orientation[9], robot_ee_linear_velocity[3], robot_ee_angular_velocity[3], joint_angles[7], joint_velocities[7], 
10425, 14.0539, 0.0133004, -0.0670266, 0.111904, -0.236622, -0.372463, 0.724145, 0.0275932, 0.42282, 0.172886, 0.032977, 0.414748, 0.012146, 0.512518, -0.0322336, 0.206515, 0.568263, 0.780919, 0.259311, 0.673966, -0.622524, 0.397787, 0.472067, -0.051281, -0.88007, -0.000468534, 0.00360638, -0.00268675, 0.00218525, 0.00570666, 0.00344237, -0.0911245, 0.0115335, -0.018544, -2.6384, -0.275029, 3.14484, -0.719254, 0.00723621, 0.00503202, -0.000111869, 0.00018984, 0.000548869, -0.00110969, 0.00347207
20746, 14.0639, 0.0133182, -0.0670239, 0.111914, -0.236612, -0.372501, 0.724092, 0.0402459, 0.435322, 0.172783, 0.033338, 0.414965, 0.012013, 0.512536, -0.0322309, 0.206525, 0.568309, 0.780867, 0.259366, 0.673912, -0.622589, 0.397776, 0.472089, -0.0512701, -0.880059, 0.00239649, 0.000190427, 0.00183427, 0.00523239, -0.00469885, -0.00794028, -0.0910756, 0.0115504, -0.0185634, -2.63836, -0.274906, 3.14484, -0.719266, 0.0034677, 0.00102288, -0.00059599, 0.0052797, 0.011829, -0.000167238, 0.000413577
31449, 14.0749, 0.0133536, -0.0670188, 0.111935, -0.236609, -0.372567, 0.724028, 0.0403009, 0.43035, 0.165227, 0.033277, 0.414716, 0.01215, 0.512572, -0.0322258, 0.206546, 0.568349, 0.780812, 0.259446, 0.673841, -0.62266, 0.397785, 0.472142, -0.0512555, -0.880031, 0.00356618, -0.000717618, 0.00275869, 0.00570498, -0.00720369, -0.0103646, -0.0910282, 0.011582, -0.0185715, -2.63828, -0.274769, 3.14485, -0.719275, 0.00159697, 0.00169874, 5.66295e-05, 0.00806966, 0.0138015, 0.000168888, -0.000141612
41645, 14.0849, 0.0133979, -0.0670015, 0.111963, -0.236612, -0.37264, 0.723992, 0.0402835, 0.430344, 0.165219, 0.033277, 0.414716, 0.01215, 0.512616, -0.0322085, 0.206574, 0.568348, 0.780787, 0.259523, 0.673793, -0.622693, 0.397814, 0.472211, -0.0512321, -0.879995, 0.00416892, 0.000740587, 0.000298523, 0.00253898, -0.00272795, -0.00197416, -0.0909727, 0.011616, -0.0185661, -2.63818, -0.274655, 3.14486, -0.71929, 0.00279729, 0.0093301, 0.000771208, 0.0117004, 0.00729676, 6.25635e-05, -0.00099867
51840, 14.0949, 0.0134645, -0.0669873, 0.112014, -0.236636, -0.372751, 0.723936, 0.0401681, 0.435229, 0.180365, 0.033117, 0.414838, 0.012012, 0.512683, -0.0321943, 0.206625, 0.568343, 0.780755, 0.259631, 0.673716, -0.622735, 0.397879, 0.472327, -0.0512141, -0.879934, 0.0080191, 0.000133282, 0.00506096, 0.00207291, -0.0133106, -0.00333532, -0.090912, 0.011647, -0.0185663, -2.63803, -0.274537, 3.14487, -0.719294, 0.00314607, 0.00673944, 0.000293365, 0.0197166, 0.00871726, 2.4709e-05, -0.00102448
62038, 14.1049, 0.013534, -0.0669696, 0.112067, -0.236661, -0.372858, 0.723893, 0.0402367, 0.430313, 0.165191, 0.033277, 0.414716, 0.01215, 0.512752, -0.0321766, 0.206678, 0.568324, 0.780736, 0.25973, 0.673651, -0.622761, 0.397949, 0.472443, -0.051196, -0.879873, 0.00725471, 0.00150195, 0.00617781, 0.00394054, -0.0145835, -0.00400713, -0.0908484, 0.0116789, -0.0185638, -2.63787, -0.274435, 3.14487, -0.719299, 0.0068536, 0.00165278, -0.000120652, 0.0163825, 0.0132247, -0.000693269, -0.00113777
72233, 14.1159, 0.0136256, -0.0669424, 0.11214, -0.236702, -0.372996, 0.723857, 0.0401367, 0.435259, 0.172722, 0.033338, 0.414965, 0.012013, 0.512844, -0.0321494, 0.206751, 0.568271, 0.780734, 0.25985, 0.673585, -0.622764, 0.398055, 0.4726, -0.0511725, -0.87979, 0.0084584, 0.00263793, 0.00694185, 0.00302299, -0.0166089, -0.0007425, -0.0907669, 0.0117134, -0.0185583, -2.63766, -0.274346, 3.14487, -0.719298, 0.00796928, 0.00255959, 0.000672767, 0.0193009, 0.0100142, -0.000585074, 0.000555018
82425, 14.1259, 0.0137201, -0.0669243, 0.112216, -0.236757, -0.37313, 0.723831, 0.0359118, 0.432712, 0.172923, 0.033313, 0.415016, 0.012282, 0.512938, -0.0321313, 0.206827, 0.568207, 0.780746, 0.259956, 0.673524, -0.622751, 0.398178, 0.472764, -0.051161, -0.879703, 0.0100646, 0.00113898, 0.00813366, -0.000420999, -0.0195339, 0.00143209, -0.0906959, 0.0117502, -0.0185661, -2.63744, -0.274299, 3.14487, -0.719297, 0.00664516, 0.00382029, -0.00160373, 0.0237163, 0.00379773, -0.000451093, 0.000238956
92626, 14.1359, 0.0138212, -0.0669089, 0.112304, -0.236831, -0.373279, 0.723817, 0.0358592, 0.432647, 0.16524, 0.03309, 0.415146, 0.012281, 0.513039, -0.0321159, 0.206915, 0.568115, 0.780777, 0.260065, 0.673468, -0.622713, 0.398334, 0.472955, -0.0511543, -0.8796, 0.0114028, -0.000303133, 0.00934959, -0.000606645, -0.0226731, -0.000959893, -0.0906452, 0.0117742, -0.0185636, -2.63721, -0.274281, 3.14488, -0.719306, 0.00306713, 0.0042825, -0.000375879, 0.0269081, 0.005049, -2.47984e-05, -0.000903605
102916, 14.1459, 0.0139329, -0.0668934, 0.112398, -0.236912, -0.373433, 0.723806, 0.0358537, 0.437579, 0.172795, 0.033373, 0.415013, 0.012146, 0.513151, -0.0321004, 0.207009, 0.568013, 0.780814, 0.260173, 0.673412, -0.622666, 0.398502, 0.473157, -0.0511509, -0.879492, 0.0114542, 0.00040726, 0.00864503, -0.00285211, -0.0212156, 0.00401359, -0.0905963, 0.0118067, -0.0185583, -2.63695, -0.274279, 3.14488, -0.719308, 0.00276591, 0.00616256, 0.000545437, 0.0276797, 0.000352835, -0.000123553, -0.00116308
113250, 14.1569, 0.0140539, -0.0668842, 0.112505, -0.237005, -0.373608, 0.723777, 0.0358713, 0.437447, 0.172748, 0.03315, 0.414634, 0.012146, 0.513272, -0.0320912, 0.207116, 0.56792, 0.78084, 0.260299, 0.673332, -0.622633, 0.398687, 0.473381, -0.0511546, -0.879371, 0.0111184, 0.000851528, 0.0103474, -0.0018799, -0.0243752, 0.00260739, -0.0905518, 0.0118326, -0.0185583, -2.63667, -0.274273, 3.14488, -0.719303, 0.00367301, 0.000954372, 0.000361741, 0.0253152, 0.000241024, 7.79261e-05, 0.0013994
123615, 14.1669, 0.0141705, -0.0668813, 0.112609, -0.237101, -0.373775, 0.723751, 0.035872, 0.432525, 0.165191, 0.033312, 0.414764, 0.012283, 0.513389, -0.0320883, 0.20722, 0.567829, 0.780867, 0.260416, 0.673256, -0.622598, 0.398872, 0.4736, -0.0511643, -0.879252, 0.0109413, 0.000814717, 0.00996039, -0.00295951, -0.023415, 0.00463311, -0.0905214, 0.0118539, -0.0185583, -2.6364, -0.274272, 3.14488, -0.719309, 0.00323764, 0.00151505, 0.000699678, 0.0251064, 0.000261518, 6.00616e-06, -0.00104621
133847, 14.1769, 0.0142968, -0.0668821, 0.112726, -0.237208, -0.373962, 0.723711, 0.0315818, 0.430009, 0.165071, 0.033285, 0.414818, 0.012148, 0.513515, -0.0320891, 0.207337, 0.567739, 0.780888, 0.26055, 0.67316, -0.622571, 0.399075, 0.473843, -0.0511788, -0.879121, 0.0108435, -0.000212822, 0.00988554, -0.00340624, -0.0223688, 0.00290788, -0.0904924, 0.0118672, -0.0185615, -2.63611, -0.274269, 3.14488, -0.719309, 0.00248342, 0.00149087, -0.000451664, 0.025492, -8.5879e-05, -0.00144983, -0.00111613
144050, 14.1869, 0.0144191, -0.0668845, 0.112842, -0.237315, -0.374145, 0.723671, 0.0358123, 0.432434, 0.165132, 0.033312, 0.414764, 0.012283, 0.513637, -0.0320915, 0.207453, 0.567653, 0.780907, 0.26068, 0.673065, -0.622546, 0.399275, 0.474082, -0.0511947, -0.878991, 0.0117357, -0.000383561, 0.0113055, -0.00248343, -0.0268088, 0.00126444, -0.090471, 0.0118757, -0.0185615, -2.63583, -0.274268, 3.14488, -0.719308, 0.00166082, 0.000345769, 3.62449e-06, 0.0265323, 5.04972e-05, 0.000762069, 0.000522644
154324, 14.1979, 0.0145641, -0.0669012, 0.112985, -0.237453, -0.37437, 0.723606, 0.0356951, 0.432339, 0.180326, 0.033091, 0.414889, 0.01228, 0.513782, -0.0321082, 0.207596, 0.567568, 0.780916, 0.260841, 0.672931, -0.622532, 0.399521, 0.474374, -0.0512271, -0.878832, 0.0127978, -0.00165563, 0.0127149, -0.00338725, -0.0295516, -0.000140976, -0.0904703, 0.0118715, -0.0185633, -2.6355, -0.274265, 3.14488, -0.719311, 0.000309525, -0.00045479, -0.000858274, 0.0290786, -0.000165927, 0.000219224, -0.000258323
164689, 14.2079, 0.0146952, -0.0669129, 0.113112, -0.237574, -0.374569, 0.723552, 0.0356631, 0.432289, 0.180294, 0.033091, 0.414889, 0.01228, 0.513913, -0.0321199, 0.207723, 0.567486, 0.780927, 0.260983, 0.672817, -0.622516, 0.39974, 0.474633, -0.0512531, -0.87869, 0.0122733, -0.00123015, 0.0115045, -0.00341367, -0.0269493, 0.00104658, -0.0904622, 0.0118746, -0.0185661, -2.6352, -0.274263, 3.14488, -0.719313, 0.00139723, 0.00126253, -0.00116959, 0.0283658, 6.7794e-05, 5.85059e-05, -0.000984129
175236, 14.2189, 0.0148448, -0.0669281, 0.11326, -0.237714, -0.374803, 0.723484, 0.0399251, 0.424912, 0.164967, 0.033217, 0.41472, 0.012285, 0.514063, -0.0321351, 0.207871, 0.567399, 0.780935, 0.261151, 0.672678, -0.622504, 0.399992, 0.474935, -0.0512847, -0.878525, 0.0127232, -0.000979372, 0.0123751, -0.00282158, -0.0286831, 0.000144786, -0.0904621, 0.011869, -0.0185636, -2.63486, -0.274261, 3.14488, -0.719309, 0.00116079, 0.000117849, -0.000330613, 0.0291052, 0.000100293, -0.000173691, 0.00066155
185555, 14.2289, 0.0149803, -0.066943, 0.113393, -0.237841, -0.375011, 0.723423, 0.0355675, 0.422411, 0.172464, 0.033192, 0.415025, 0.012149, 0.514198, -0.03215, 0.208004, 0.56732, 0.780942, 0.2613, 0.672553, -0.622492, 0.400219, 0.475205, -0.0513142, -0.878377, 0.0135806, 0.00130463, 0.0133535, -0.00303456, -0.0310144, 0.00478827, -0.0904646, 0.01187, -0.018561, -2.63455, -0.274259, 3.14488, -0.719308, 0.00425936, -0.000541807, 0.00104441, 0.0304629, -0.000354307, 0.000162867, 0.000973248
195859, 14.2389, 0.015116, -0.0669657, 0.113524, -0.237972, -0.375221, 0.723355, 0.0313704, 0.424689, 0.17256, 0.033003, 0.414694, 0.012282, 0.514334, -0.0321727, 0.208135, 0.567249, 0.780943, 0.261451, 0.67242, -0.622488, 0.400449, 0.475478, -0.0513489, -0.878228, 0.0141023, -0.00301164, 0.0135529, -0.00461546, -0.0315768, -0.000735543, -0.09047, 0.0118768, -0.018571, -2.63424, -0.274254, 3.14489, -0.719314, -0.00104933, 0.000923188, -0.00181229, 0.0326867, -9.79604e-05, 0.000130727, -0.00229519
206114, 14.2499, 0.0152515, -0.0669789, 0.11366, -0.238099, -0.37543, 0.723292, 0.0355365, 0.417388, 0.180137, 0.033354, 0.414898, 0.012284, 0.51447, -0.0321859, 0.208271, 0.567172, 0.780948, 0.261602, 0.672294, -0.622479, 0.400676, 0.475748, -0.0513788, -0.87808, 0.0114059, -0.00165309, 0.0115658, -0.0017771, -0.0265643, -0.00263945, -0.0904699, 0.0118672, -0.0185664, -2.63393, -0.27425, 3.14488, -0.719309, -0.00143463, -0.00095201, 0.000953713, 0.0258919, 0.001714, -0.000252919, 0.000710547
216410, 14.2599, 0.0153761, -0.0669926, 0.113785, -0.238219, -0.37563, 0.723236, 0.0355041, 0.417339, 0.180105, 0.033354, 0.414898, 0.012284, 0.514594, -0.0321996, 0.208396, 0.567094, 0.780957, 0.261745, 0.672177, -0.622465, 0.400892, 0.476007, -0.0514046, -0.877938, 0.0130167, 0.000106341, 0.0135176, -0.00183519, -0.0310875, 0.000715426, -0.0904624, 0.0118609, -0.0185746, -2.63365, -0.274247, 3.14489, -0.719313, 0.000800553, -0.00214854, 0.00256815, 0.0288054, 0.00272853, 0.000155039, 0.000318753
226693, 14.2699, 0.0154837, -0.0670039, 0.113889, -0.238317, -0.37579, 0.723186, 0.0354611, 0.41724, 0.187679, 0.033132, 0.414771, 0.012283, 0.514702, -0.0322109, 0.2085, 0.567037, 0.78096, 0.26186, 0.672078, -0.62246, 0.401066, 0.476214, -0.0514288, -0.877824, 0.0107334, -0.00118092, 0.0106294, -0.00214734, -0.0246919, -0.00101329, -0.0904677, 0.0118637, -0.0185668, -2.6334, -0.274244, 3.14488, -0.719307, -0.00130206, -0.000221764, 0.00122418, 0.0244984, -0.000305789, 6.24672e-05, 0.00138716
236987, 14.2799, 0.0155876, -0.0670137, 0.113988, -0.238412, -0.375945, 0.723144, 0.0354363, 0.417201, 0.187654, 0.033132, 0.414771, 0.012283, 0.514806, -0.0322207, 0.208599, 0.566973, 0.780969, 0.26197, 0.671989, -0.622446, 0.401237, 0.476416, -0.0514496, -0.877713, 0.00756243, -0.000644894, 0.00701917, -0.00169294, -0.0164701, 0.000115664, -0.0904621, 0.0118719, -0.0185693, -2.63316, -0.274243, 3.14488, -0.71931, -0.000292927, 0.00100786, 0.000634784, 0.0175814, -7.51815e-05, -1.74154e-05, 0.000334819
247369, 14.2909, 0.0156967, -0.0670279, 0.114095, -0.238515, -0.376114, 0.723091, 0.0354639, 0.42207, 0.179927, 0.033191, 0.414516, 0.012149, 0.514915, -0.0322349, 0.208706, 0.566914, 0.780971, 0.262092, 0.671884, -0.622442, 0.40142, 0.476634, -0.0514752, -0.877593, 0.00909746, -0.000806561, 0.00886804, -0.00189267, -0.0204733, -0.000383942, -0.090462, 0.0118722, -0.018573, -2.63291, -0.274239, 3.14488, -0.719309, 0.000403678, 0.000128498, -1.84277e-05, 0.0209167, -1.60907e-05, -0.000238855, 0.000862665
257742, 14.3009, 0.0157963, -0.0670353, 0.114189, -0.238605, -0.376263, 0.723051, 0.0353648, 0.422104, 0.172263, 0.033192, 0.415025, 0.012149, 0.515014, -0.0322423, 0.2088, 0.566852, 0.780981, 0.262198, 0.671799, -0.622429, 0.401582, 0.476828, -0.0514931, -0.877487, 0.00835427, 0.000134238, 0.0076686, -0.00123966, -0.0183234, 0.000787162, -0.0904613, 0.0118806, -0.0185668, -2.63268, -0.274238, 3.14488, -0.719308, 0.00131236, 0.00126121, 0.0006611, 0.019218, -2.8752e-05, 0.000408987, 0.00144579
268046, 14.3109, 0.0158878, -0.0670494, 0.11428, -0.238693, -0.376403, 0.723007, 0.0396122, 0.424499, 0.1876, 0.033219, 0.414714, 0.012283, 0.515106, -0.0322564, 0.208891, 0.566802, 0.780983, 0.262298, 0.671711, -0.622424, 0.401738, 0.477011, -0.0515172, -0.877386, 0.0101344, -0.000924779, 0.0104049, -0.00241268, -0.0240165, 2.39444e-05, -0.0904643, 0.01188, -0.0185721, -2.63247, -0.27424, 3.14488, -0.719308, 0.000202167, -0.00111096, 5.36727e-05, 0.0228305, -0.000415136, 0.000203314, 0.000715875
278314, 14.3219, 0.0159885, -0.0670581, 0.114379, -0.238788, -0.376559, 0.722966, 0.0395603, 0.42444, 0.179915, 0.032996, 0.414845, 0.012282, 0.515207, -0.0322651, 0.20899, 0.566738, 0.780993, 0.262409, 0.671622, -0.62241, 0.401908, 0.477213, -0.051537, -0.877275, 0.00968836, -0.000702245, 0.00974277, -0.00201481, -0.0225009, -8.1627e-05, -0.0904624, 0.0118784, -0.0185693, -2.63224, -0.274239, 3.14488, -0.71931, -3.24982e-06, -0.000583205, 0.000680153, 0.0219762, -1.2632e-05, 2.90821e-05, 0.000887059
288694, 14.3319, 0.0160807, -0.0670692, 0.114472, -0.238877, -0.376702, 0.722925, 0.0395374, 0.424404, 0.179892, 0.032996, 0.414845, 0.012282, 0.515299, -0.0322762, 0.209083, 0.56668, 0.781, 0.26251, 0.671537, -0.622399, 0.402067, 0.477401, -0.0515584, -0.877172, 0.00869207, -0.000324298, 0.00924352, -0.00198271, -0.0213287, 0.000843378, -0.0904617, 0.0118733, -0.0185721, -2.63203, -0.274239, 3.14488, -0.719314, 0.000309284, -0.0017894, 0.000830808, 0.0191864, -3.01118e-05, 0.000460014, 0.000441095
299097, 14.3419, 0.0161676, -0.0670804, 0.114557, -0.238958, -0.376836, 0.722882, 0.0395786, 0.424342, 0.17225, 0.032996, 0.414593, 0.012284, 0.515386, -0.0322874, 0.209168, 0.566635, 0.781001, 0.262607, 0.671453, -0.622396, 0.402211, 0.477573, -0.0515787, -0.877077, 0.00733908, -0.00101826, 0.00764275, -0.00264019, -0.0207902, -0.00184857, -0.0904695, 0.0118747, -0.0185728, -2.63182, -0.274239, 3.14489, -0.719317, -0.00266627, -0.00151039, -0.000194343, 0.0189347, -0.000278971, 0.000528449, -0.000791611
309489, 14.3529, 0.016254, -0.0670888, 0.114639, -0.239037, -0.376965, 0.722846, 0.0394948, 0.42434, 0.179849, 0.032996, 0.414845, 0.012282, 0.515472, -0.0322958, 0.20925, 0.566583, 0.781008, 0.262699, 0.671377, -0.622387, 0.402353, 0.477741, -0.0515962, -0.876984, 0.00637156, 4.4831e-05, 0.00558956, -0.00110148, -0.0133863, 0.000795107, -0.0904617, 0.0118832, -0.0185729, -2.63163, -0.274236, 3.14488, -0.719311, 0.00104322, 0.00164188, 0.000369007, 0.0149199, -2.88044e-05, 0.000154729, 0.000759127
319903, 14.3629, 0.0163326, -0.0671016, 0.114718, -0.239114, -0.377087, 0.722806, 0.0394751, 0.42431, 0.17983, 0.032996, 0.414845, 0.012282, 0.515551, -0.0323086, 0.209329, 0.566541, 0.781008, 0.262786, 0.671299, -0.622384, 0.402487, 0.4779, -0.0516172, -0.876897, 0.00708647, -0.00116321, 0.00728563, -0.00139334, -0.0167287, -0.00155815, -0.0904698, 0.0118807, -0.0185725, -2.63145, -0.274234, 3.14488, -0.719313, -0.00165485, -0.000706621, 0.00087654, 0.016132, -0.000180151, -5.87147e-05, 0.00106509
330231, 14.3729, 0.0164109, -0.0671088, 0.114794, -0.239186, -0.377205, 0.722775, 0.0395169, 0.424247, 0.172188, 0.032996, 0.414593, 0.012284, 0.515637, -0.0323148, 0.209412, 0.566488, 0.781016, 0.262881, 0.671224, -0.622373, 0.402629, 0.47807, -0.0516329, -0.876803, 0.00873532, -0.00228535, 0.00826881, -0.00192505, -0.0191004, -0.00310543, -0.0904636, 0.011886, -0.0185724, -2.63125, -0.274234, 3.14488, -0.71931, -0.00328425, 0.00103161, 0.000745745, 0.020661, -0.000156882, -0.000449187, 0.000742441
340570, 14.3839, 0.016493, -0.0671184, 0.114873, -0.239262, -0.37733, 0.722737, 0.039436, 0.424249, 0.17979, 0.032996, 0.414845, 0.012282, 0.515711, -0.0323254, 0.209484, 0.566446, 0.781019, 0.26296, 0.671155, -0.622368, 0.402753, 0.478215, -0.0516512, -0.876722, 0.008288, -0.00141829, 0.00767396, -0.00142622, -0.0181582, -0.00199052, -0.0904692, 0.0118884, -0.0185717, -2.63108, -0.274234, 3.14488, -0.719312, -0.001573, 0.00136096, 0.000550074, 0.0194324, -0.000148785, 0.000140139, 0.00127827
350942, 14.3939, 0.0165628, -0.0671241, 0.114941, -0.239327, -0.377437, 0.722707, 0.0394456, 0.424243, 0.187433, 0.033219, 0.414714, 0.012283, 0.515781, -0.0323311, 0.209552, 0.566403, 0.781025, 0.263037, 0.671092, -0.62236, 0.40287, 0.478355, -0.0516646, -0.876646, 0.00637673, -0.00192382, 0.00598286, -0.00109726, -0.014025, -0.00303812, -0.0904645, 0.0118888, -0.0185725, -2.63092, -0.274233, 3.14488, -0.719311, -0.00302022, 0.00095411, 0.000813606, 0.0150505, 0.000910184, -3.67977e-05, 3.50222e-05
361309, 14.4049, 0.0166416, -0.0671328, 0.11502, -0.239402, -0.377559, 0.722673, 0.0436582, 0.426663, 0.179843, 0.033023, 0.414791, 0.012418, 0.51586, -0.0323398, 0.209631, 0.566353, 0.781032, 0.263123, 0.671021, -0.622349, 0.403005, 0.478514, -0.0516821, -0.876558, 0.00795526, -0.000338877, 0.00774507, 0.00233723, -0.0185233, -0.00676123, -0.0904621, 0.0118863, -0.0185752, -2.63074, -0.274233, 3.14488, -0.719314, 0.0015995, 0.000204783, -0.000562604, 0.0181629, 0.000222786, 0.000214737, 0.00870955
371627, 14.4149, 0.016711, -0.0671437, 0.115089, -0.239469, -0.377666, 0.722639, 0.0394821, 0.419216, 0.179846, 0.033158, 0.414466, 0.012419, 0.515929, -0.0323507, 0.2097, 0.566316, 0.781033, 0.263199, 0.670953, -0.622346, 0.403122, 0.478652, -0.0517002, -0.876481, 0.00641622, -0.00304997, 0.00601111, -0.00138489, -0.0140525, -0.00480583, -0.0904674, 0.0118868, -0.018576, -2.63058, -0.274232, 3.14488, -0.719316, -0.00470887, 0.00116124, 0.000289782, 0.0154106, 0.000507308, -0.000134984, -8.30808e-05
381928, 14.4249, 0.0167763, -0.0671489, 0.115152, -0.239528, -0.377766, 0.722609, 0.0394564, 0.424142, 0.17975, 0.033218, 0.414463, 0.012284, 0.515994, -0.0323559, 0.209763, 0.566279, 0.781035, 0.263273, 0.670892, -0.622343, 0.403228, 0.478781, -0.0517123, -0.87641, 0.0072039, -9.68743e-05, 0.00672297, -0.000934463, -0.015855, 1.58427e-05, -0.0904645, 0.0118892, -0.0185746, -2.63043, -0.274228, 3.14488, -0.719312, 0.000396388, 0.000887355, 0.00100529, 0.0166279, 0.000519901, 0.000127478, 0.00108346
392222, 14.4359, 0.0168374, -0.0671569, 0.115214, -0.239589, -0.377859, 0.722586, 0.0436381, 0.426618, 0.187454, 0.033245, 0.414661, 0.012418, 0.516055, -0.0323639, 0.209825, 0.566236, 0.781045, 0.263336, 0.67084, -0.622329, 0.403336, 0.478905, -0.0517275, -0.876341, 0.00478616, -0.00109615, 0.00472318, -0.00182762, -0.0107801, -5.32546e-05, -0.090465, 0.0118864, -0.0185775, -2.63029, -0.274234, 3.14488, -0.719318, -0.0005517, 8.76888e-05, -0.00057318, 0.0111526, -0.000245577, -0.000156625, -0.000997199
402515, 14.4459, 0.0168943, -0.0671646, 0.115271, -0.239643, -0.377949, 0.722557, 0.0393455, 0.419156, 0.17977, 0.032936, 0.414848, 0.012418, 0.516112, -0.0323716, 0.209882, 0.566206, 0.781045, 0.263401, 0.670783, -0.622328, 0.403433, 0.479021, -0.0517411, -0.876277, 0.00775066, -0.000945162, 0.00788843, -0.00288913, -0.0177216, 0.00126361, -0.0904671, 0.0118839, -0.0185775, -2.63016, -0.274229, 3.14488, -0.719319, -0.000417532, -0.000614288, 0.000221886, 0.0178093, -0.000355025, -0.000512703, -0.00138121
412753, 14.4559, 0.016938, -0.0671669, 0.115314, -0.239683, -0.378016, 0.722541, 0.0435719, 0.416739, 0.187269, 0.033124, 0.41467, 0.012285, 0.516156, -0.0323739, 0.209925, 0.566175, 0.781051, 0.263448, 0.670747, -0.622319, 0.403507, 0.479108, -0.0517484, -0.876229, 0.00559211, 2.83551e-05, 0.00574989, -0.00186001, -0.0123287, 0.00154211, -0.090467, 0.0118839, -0.0185731, -2.63006, -0.27423, 3.14488, -0.71932, -0.000354106, -0.000796096, 0.00165964, 0.0129531, -0.000374567, -0.00134089, -9.0523e-05
423056, 14.4669, 0.0169812, -0.0671727, 0.115356, -0.239723, -0.378082, 0.722517, 0.0393597, 0.424154, 0.179718, 0.03344, 0.414841, 0.012284, 0.516199, -0.0323797, 0.209967, 0.566155, 0.781049, 0.263497, 0.670703, -0.622321, 0.403576, 0.479193, -0.0517587, -0.876182, 0.00289317, -0.000655979, 0.00276473, -0.00250755, -0.00632423, 0.00270016, -0.0904644, 0.0118864, -0.0185776, -2.62996, -0.27423, 3.14488, -0.719313, -0.000260435, 0.00030446, -0.000378062, 0.00673015, 0.000168398, 0.000136022, -0.00395724
433288, 14.4769, 0.01702, -0.0671783, 0.115393, -0.23976, -0.378141, 0.722499, 0.0393323, 0.424069, 0.187319, 0.033219, 0.414714, 0.012283, 0.516238, -0.0323853, 0.210004, 0.566135, 0.78105, 0.263539, 0.670666, -0.622319, 0.403641, 0.479269, -0.0517683, -0.87614, 0.00414708, -0.00134022, 0.00378855, -0.000761854, -0.00919229, -0.00201617, -0.0904663, 0.0118892, -0.0185783, -2.62987, -0.274229, 3.14488, -0.719314, -0.00129351, 0.000965889, -0.000464196, 0.00980427, -8.134e-05, 0.000397121, 0.00043792
443579, 14.4869, 0.0170506, -0.0671826, 0.115424, -0.23979, -0.378188, 0.722486, 0.0477669, 0.424087, 0.179601, 0.032989, 0.414743, 0.012284, 0.516269, -0.0323896, 0.210035, 0.566115, 0.781053, 0.263572, 0.670638, -0.622315, 0.403694, 0.479331, -0.0517759, -0.876106, 0.00244382, -0.00119737, 0.00244963, -0.000597601, -0.0054089, -0.00196981, -0.0904688, 0.0118874, -0.0185775, -2.6298, -0.274228, 3.14488, -0.719318, -0.000664469, 1.26198e-05, -0.00104463, 0.00587858, 0.000181701, -0.000440866, 5.16984e-05
453819, 14.4969, 0.0170768, -0.0671853, 0.11545, -0.239815, -0.378228, 0.722475, 0.0435556, 0.416747, 0.179625, 0.033346, 0.414797, 0.012287, 0.516295, -0.0323923, 0.210061, 0.566098, 0.781056, 0.2636, 0.670615, -0.62231, 0.403739, 0.479384, -0.0517814, -0.876076, 0.00325395, -0.000223761, 0.00306585, -0.00138073, -0.00694841, 0.00135879, -0.0904646, 0.0118871, -0.0185812, -2.62974, -0.274228, 3.14488, -0.71932, 0.000608319, 0.000333661, -0.000233489, 0.00759085, 0.000584812, -0.000209037, -0.00173807
464093, 14.5069, 0.0170987, -0.0671874, 0.115472, -0.239835, -0.378262, 0.722465, 0.0392949, 0.419079, 0.179719, 0.032936, 0.414848, 0.012418, 0.516317, -0.0323944, 0.210083, 0.566085, 0.781057, 0.263625, 0.670594, -0.622309, 0.403776, 0.479428, -0.0517861, -0.876052, 0.00207566, -0.000675444, 0.0019324, -0.00094467, -0.00448231, -3.79124e-05, -0.0904642, 0.0118864, -0.0185812, -2.62969, -0.274228, 3.14488, -0.719318, -0.000167341, 0.000370884, -0.000662475, 0.00493017, 0.000179093, -1.86122e-06, -0.00108233
474429, 14.5179, 0.0171122, -0.0671867, 0.115486, -0.239846, -0.378285, 0.722457, 0.0392908, 0.419074, 0.179716, 0.032936, 0.414848, 0.012418, 0.51633, -0.0323937, 0.210097, 0.566078, 0.781056, 0.263643, 0.67058, -0.62231, 0.403797, 0.479456, -0.0517867, -0.876037, 0.00122522, -0.00156547, 0.00101622, -0.000252433, 0.000701137, -0.00459488, -0.0904621, 0.0118846, -0.0185784, -2.62966, -0.274224, 3.14488, -0.719315, 0.000720894, 0.000148662, -0.00278861, 0.00471297, 0.000537239, -0.00543678, 0.00154089
484797, 14.5279, 0.0171164, -0.0671869, 0.11549, -0.239851, -0.37829, 0.72246, 0.0393185, 0.419092, 0.187375, 0.033159, 0.414718, 0.012418, 0.516334, -0.0323939, 0.210101, 0.56607, 0.781061, 0.263644, 0.670581, -0.622304, 0.403806, 0.479464, -0.0517877, -0.876032, 0.00053442, -0.000365816, 0.000755074, -0.000335803, -0.00119243, -0.000509487, -0.0904622, 0.0118849, -0.0185784, -2.62965, -0.274228, 3.14488, -0.719319, 0.000225233, -0.000601462, -0.000702738, 0.001317, 0.000218597, -0.000723937, -0.000289557
495187, 14.5389, 0.0171203, -0.0671868, 0.115492, -0.239852, -0.378295, 0.722456, 0.0393074, 0.424031, 0.187294, 0.033219, 0.414714, 0.012283, 0.516338, -0.0323938, 0.210103, 0.566072, 0.781058, 0.26365, 0.670576, -0.622307, 0.403809, 0.479469, -0.0517876, -0.876029, -6.3515e-06, 0.000335414, -0.000391919, 0.000753828, 0.000719425, -0.000589987, -0.0904663, 0.0118893, -0.0185731, -2.62964, -0.274226, 3.14488, -0.719315, -0.000406867, 0.000906908, 0.00110564, 0.000215705, 0.000255399, -0.000109192, 0.00119905
505428, 14.5489, 0.0171196, -0.0671876, 0.115489, -0.23985, -0.378293, 0.722453, 0.0435395, 0.426482, 0.179724, 0.033023, 0.414791, 0.012418, 0.516338, -0.0323946, 0.2101, 0.566077, 0.781054, 0.263649, 0.670575, -0.622312, 0.403804, 0.479465, -0.0517879, -0.876032, -0.000203963, 0.000790651, -0.000194692, 0.00101665, 0.000355766, -0.000233989, -0.090465, 0.0118945, -0.0185757, -2.62964, -0.274224, 3.14488, -0.719312, 0.000367715, -0.000134501, 0.00111663, -0.000630222, 8.32128e-05, 3.42805e-05, 0.00188298
515736, 14.5589, 0.0171194, -0.0671858, 0.115488, -0.239848, -0.37829, 0.722458, 0.0435311, 0.431423, 0.179645, 0.033083, 0.414788, 0.012282, 0.516337, -0.0323928, 0.210099, 0.566073, 0.781058, 0.263646, 0.67058, -0.622308, 0.403802, 0.479462, -0.0517859, -0.876033, -0.000658822, -2.26614e-05, -0.00116667, 0.000343917, 0.00340525, -0.000895547, -0.0904615, 0.0118977, -0.0185757, -2.62964, -0.274224, 3.14488, -0.719315, -0.000218097, 0.0011405, 0.000245098, -0.000670225, 0.000141568, -0.00167403, 0.00066257
525960, 14.5689, 0.0171194, -0.0671849, 0.115487, -0.239848, -0.37829, 0.722458, 0.0435481, 0.431493, 0.172035, 0.033305, 0.414914, 0.012284, 0.516337, -0.0323919, 0.210098, 0.566073, 0.781058, 0.263646, 0.67058, -0.622307, 0.403802, 0.479462, -0.0517851, -0.876034, -4.88508e-05, 0.000853776, -0.00124605, 0.00045343, 0.00227986, 0.00122026, -0.0904624, 0.0118981, -0.0185731, -2.62964, -0.274224, 3.14488, -0.719314, 0.000645874, 0.00288963, 0.00101769, 0.000572, 0.00013302, 2.00214e-06, 0.000373142
536155, 14.5799, 0.0171188, -0.0671869, 0.115486, -0.239848, -0.378286, 0.72246, 0.0435321, 0.431423, 0.179645, 0.033083, 0.414788, 0.012282, 0.516337, -0.0323939, 0.210097, 0.566073, 0.78106, 0.263642, 0.670583, -0.622305, 0.403801, 0.479459, -0.0517871, -0.876035, -0.000101786, 0.000206892, -6.11039e-05, 0.000178753, 0.000125546, 0.000137013, -0.0904671, 0.0119012, -0.0185731, -2.62964, -0.274228, 3.14488, -0.719317, -0.000553217, -0.00012646, 0.000937899, -0.000315865, 9.90884e-05, 4.72618e-05, 0.000190316
546400, 14.5899, 0.017119, -0.06719, 0.115487, -0.23985, -0.378288, 0.722455, 0.0435685, 0.426513, 0.187385, 0.033245, 0.414661, 0.012418, 0.516337, -0.032397, 0.210098, 0.566078, 0.781055, 0.263644, 0.670577, -0.622311, 0.403802, 0.479461, -0.0517899, -0.876034, -0.000180325, -0.00173819, -0.000373705, 0.000128322, 0.000613452, -0.00353135, -0.090467, 0.0118988, -0.0185785, -2.62964, -0.274225, 3.14488, -0.719317, -0.000424442, 0.00078248, -0.00298771, 1.94734e-05, -0.000162475, 0.00014408, 0.000320458
556613, 14.5999, 0.0171189, -0.0671855, 0.115486, -0.239847, -0.378287, 0.722459, 0.0435315, 0.431423, 0.179645, 0.033083, 0.414788, 0.012282, 0.516337, -0.0323925, 0.210097, 0.566074, 0.781058, 0.263644, 0.670581, -0.622308, 0.4038, 0.479459, -0.0517856, -0.876035, -0.0003965, 0.000750873, -0.000463848, 0.00034907, 0.00112826, 0.000856152, -0.0904614, 0.0119012, -0.0185756, -2.62964, -0.274226, 3.14488, -0.719313, 0.000249503, 5.62285e-05, 0.00108976, -0.000933411, -0.000230145, -0.000175674, 0.000755615
566806, 14.6099, 0.0171192, -0.0671856, 0.115487, -0.239849, -0.378288, 0.722461, 0.0435597, 0.431453, 0.187305, 0.033305, 0.414657, 0.012282, 0.516337, -0.0323926, 0.210098, 0.56607, 0.781061, 0.263644, 0.670583, -0.622304, 0.403803, 0.479461, -0.0517859, -0.876034, 0.000432349, 0.000854253, 0.000716243, 0.000276865, -0.00161062, 0.00103152, -0.0904616, 0.0118984, -0.0185757, -2.62964, -0.274227, 3.14488, -0.719317, 0.00109162, -0.000854322, 0.000633636, 0.000576015, 7.6288e-05, 0.000146872, 0.000737383
577021, 14.6199, 0.0171183, -0.0671888, 0.115484, -0.239847, -0.378285, 0.722456, 0.04356, 0.431454, 0.187306, 0.033305, 0.414657, 0.012282, 0.516336, -0.0323958, 0.210095, 0.566079, 0.781055, 0.263642, 0.670579, -0.622311, 0.403798, 0.479456, -0.0517884, -0.876037, -5.82454e-05, -0.000994676, -0.000381505, 0.000100849, 0.000558098, -0.00199409, -0.0904649, 0.0119045, -0.0185784, -2.62964, -0.274225, 3.14488, -0.719315, -0.00100592, 0.000996887, -0.000976215, 0.000237724, -0.000253618, 0.000200781, 0.000297649
587257, 14.6309, 0.0171188, -0.0671871, 0.115485, -0.239848, -0.378285, 0.722461, 0.0435322, 0.431423, 0.179645, 0.033083, 0.414788, 0.012282, 0.516337, -0.0323941, 0.210096, 0.566072, 0.781061, 0.263641, 0.670584, -0.622304, 0.403801, 0.479458, -0.0517869, -0.876035, -1.72887e-06, -5.83323e-05, 0.000247681, -0.000659069, -0.00027411, 0.000947547, -0.0904614, 0.011902, -0.0185784, -2.62964, -0.274224, 3.14488, -0.719322, 0.000626695, -0.000639697, -0.000717648, -0.000119132, 1.49986e-05, -0.000184154, -0.00122779
597511, 14.6409, 0.0171179, -0.067186, 0.115482, -0.239845, -0.378281, 0.722464, 0.0435971, 0.431404, 0.172026, 0.033082, 0.414536, 0.012284, 0.516336, -0.032393, 0.210093, 0.566072, 0.781062, 0.263638, 0.670588, -0.622303, 0.403796, 0.479452, -0.0517854, -0.876039, -0.0001385, 0.0011055, -0.00072134, -0.000512939, 0.00150978, 0.00336924, -0.0904646, 0.0119094, -0.0185734, -2.62964, -0.274225, 3.14488, -0.719321, 0.000602884, 0.00129628, 0.00157339, -0.000117389, 0.000447504, -3.3815e-05, -0.00181523
607739, 14.6509, 0.0171198, -0.0671867, 0.115486, -0.239849, -0.378292, 0.722458, 0.0435587, 0.431452, 0.187305, 0.033305, 0.414657, 0.012282, 0.516338, -0.0323937, 0.210097, 0.566072, 0.781058, 0.263648, 0.670579, -0.622307, 0.403804, 0.479464, -0.051785, -0.876032, 0.0013509, 0.000586036, 0.00173602, 0.00151143, -0.00964234, 0.00119925, -0.0904643, 0.0119046, -0.0185757, -2.62964, -0.274224, 3.14489, -0.719318, -0.00051882, -0.000129244, 0.000898048, -1.72579e-05, 0.000113605, 0.0096707, 0.000385743
618052, 14.6609, 0.0171179, -0.0671889, 0.115482, -0.239846, -0.378282, 0.722459, 0.0477426, 0.429004, 0.179506, 0.033049, 0.41474, 0.012149, 0.516336, -0.0323959, 0.210093, 0.566078, 0.781057, 0.26364, 0.670582, -0.622309, 0.403796, 0.479453, -0.0517882, -0.876038, -0.000400344, -0.000833393, -0.000490086, -0.000280068, 0.000676111, -0.000720046, -0.0904644, 0.0119077, -0.0185791, -2.62964, -0.274224, 3.14488, -0.719319, -0.000969154, 0.000446917, -0.000767988, -0.000899271, 0.000152271, 0.000730782, -0.00120523
628452, 14.6719, 0.0171177, -0.0671914, 0.115482, -0.239847, -0.378283, 0.722452, 0.0435321, 0.431425, 0.179646, 0.033083, 0.414788, 0.012282, 0.516336, -0.0323984, 0.210093, 0.566086, 0.78105, 0.263642, 0.670576, -0.622317, 0.403794, 0.479452, -0.0517904, -0.876039, -6.54878e-06, -0.000615522, -0.000413342, 0.000601681, 0.00057521, -0.0021214, -0.090467, 0.0119084, -0.0185812, -2.62964, -0.274224, 3.14488, -0.719313, -5.8481e-05, 0.00113878, -0.00112304, 0.000337148, 8.64874e-05, 0.000170994, 0.0010118
638852, 14.6819, 0.0171178, -0.0671871, 0.115481, -0.239845, -0.378281, 0.722462, 0.0435609, 0.431454, 0.187306, 0.033305, 0.414657, 0.012282, 0.516336, -0.0323941, 0.210092, 0.566075, 0.781059, 0.263638, 0.670586, -0.622306, 0.403795, 0.479451, -0.0517863, -0.876039, -0.00105034, 0.000473498, -0.00147523, 0.000486483, 0.00339943, 0.000277797, -0.0904614, 0.0119098, -0.0185785, -2.62964, -0.274224, 3.14488, -0.71932, 0.000482539, 0.00100798, 0.000241019, -0.00206334, -6.5511e-05, -0.000374615, 0.000518308
649132, 14.6929, 0.0171184, -0.0671871, 0.115484, -0.239846, -0.378285, 0.722458, 0.043532, 0.431424, 0.179646, 0.033083, 0.414788, 0.012282, 0.516336, -0.0323941, 0.210095, 0.566077, 0.781057, 0.263642, 0.670581, -0.622309, 0.403797, 0.479456, -0.0517868, -0.876037, -0.000939074, 2.08811e-05, -0.000659204, 0.000644146, 0.00139296, -0.000884094, -0.0904644, 0.0119048, -0.0185757, -2.62964, -0.274225, 3.14488, -0.719315, -0.000598803, -0.000628753, 0.000372703, -0.00242548, -0.000160793, 0.00035615, 0.000964406
659421, 14.7029, 0.017118, -0.0671867, 0.115482, -0.239845, -0.378282, 0.722461, 0.0435326, 0.431424, 0.179646, 0.033083, 0.414788, 0.012282, 0.516336, -0.0323937, 0.210093, 0.566076, 0.781058, 0.26364, 0.670584, -0.622307, 0.403795, 0.479453, -0.0517861, -0.876039, -0.00114189, -0.00244861, -0.00106275, -0.00110708, 0.0064959, -0.00469951, -0.0904605, 0.0119084, -0.0185787, -2.62964, -0.274224, 3.14488, -0.719318, -0.00442708, -0.000461637, 0.000209248, -0.000313131, 2.9213e-05, -0.0067375, -0.00047974
669679, 14.7129, 0.0171179, -0.0671885, 0.115482, -0.239847, -0.37828, 0.722463, 0.0435333, 0.431424, 0.179646, 0.033083, 0.414788, 0.012282, 0.516336, -0.0323955, 0.210093, 0.566073, 0.781061, 0.263637, 0.670586, -0.622303, 0.403798, 0.479453, -0.051788, -0.876038, 0.000722125, 0.000806305, 0.000964499, -0.00453327, -0.0048551, 0.00979201, -0.0904645, 0.0119081, -0.0185787, -2.62964, -0.274227, 3.14488, -0.719323, 7.16186e-05, -0.000122321, -0.000428344, 0.000284192, -0.00912362, 0.00510449, -0.00168744
679892, 14.7229, 0.0171179, -0.0671886, 0.115482, -0.239846, -0.378281, 0.72246, 0.0435328, 0.431424, 0.179646, 0.033083, 0.414788, 0.012282, 0.516336, -0.0323956, 0.210093, 0.566077, 0.781058, 0.263639, 0.670583, -0.622308, 0.403796, 0.479452, -0.0517879, -0.876039, 3.70399e-05, -0.000452816, -0.000108439, 0.00124052, -0.00158978, -0.00161244, -0.0904642, 0.0119084, -0.0185788, -2.62964, -0.274225, 3.14488, -0.719319, -0.000755124, 0.000695273, 9.54212e-05, -0.000678019, 0.00313437, 0.00292622, -0.00161803
690044, 14.7339, 0.0171175, -0.0671906, 0.115481, -0.239845, -0.378281, 0.722453, 0.0477702, 0.429025, 0.187166, 0.033271, 0.414609, 0.012149, 0.516336, -0.0323976, 0.210092, 0.566087, 0.78105, 0.263641, 0.670577, -0.622317, 0.403792, 0.47945, -0.0517892, -0.87604, -6.04805e-05, -0.000645178, -0.000312287, 0.000808771, 0.000367829, -0.00255596, -0.0904642, 0.0119109, -0.0185819, -2.62964, -0.27422, 3.14488, -0.719315, -0.000259435, 0.000758747, -0.000984815, 9.32096e-05, 0.000165637, 0.000220697, 0.00136426
700191, 14.7439, 0.0171183, -0.0671869, 0.115483, -0.239846, -0.378285, 0.722457, 0.0477419, 0.429004, 0.179506, 0.033049, 0.41474, 0.012149, 0.516336, -0.0323939, 0.210094, 0.566078, 0.781056, 0.263643, 0.670581, -0.62231, 0.403796, 0.479455, -0.0517864, -0.876037, -0.000126358, 0.000172942, -1.30697e-05, 0.000390183, 0.000299284, -0.000504617, -0.0904692, 0.0119056, -0.0185704, -2.62964, -0.274224, 3.14488, -0.719314, -0.00201542, -0.000348696, 0.00233512, -0.000272801, -0.000151904, -0.000430643, 0.00102894
710339, 14.7539, 0.0171179, -0.0671875, 0.115482, -0.239846, -0.378282, 0.722461, 0.0435328, 0.431424, 0.179646, 0.033083, 0.414788, 0.012282, 0.516336, -0.0323945, 0.210093, 0.566076, 0.781059, 0.263639, 0.670585, -0.622306, 0.403796, 0.479452, -0.0517868, -0.876039, -0.00102257, 0.0011474, -0.00142314, 2.31652e-07, 0.0030245, 0.00266812, -0.0904649, 0.0119084, -0.0185759, -2.62964, -0.274224, 3.14488, -0.71932, 0.00126071, 0.000900115, 0.000707964, -0.00230825, -1.70557e-05, 0.000209098, -0.000750934
720486, 14.7639, 0.0171177, -0.0671869, 0.115481, -0.239844, -0.37828, 0.722462, 0.043533, 0.431425, 0.179646, 0.033083, 0.414788, 0.012282, 0.516336, -0.0323939, 0.210092, 0.566075, 0.781059, 0.263638, 0.670586, -0.622306, 0.403794, 0.479451, -0.0517861, -0.87604, -6.80238e-05, 0.000134459, -0.000163558, -0.000368592, 0.00034205, 0.00101105, -0.090461, 0.0119105, -0.0185785, -2.62964, -0.274223, 3.14488, -0.719321, 0.0011002, 0.000227635, -0.000832993, -0.00013722, 0.000162077, 6.64811e-05, -0.00100155
730751, 14.7739, 0.0171224, -0.0671861, 0.115486, -0.239848, -0.378289, 0.72246, 0.0435595, 0.431453, 0.187305, 0.033305, 0.414657, 0.012282, 0.51634, -0.0323931, 0.210097, 0.566072, 0.78106, 0.263645, 0.670582, -0.622306, 0.403802, 0.479461, -0.0517858, -0.876034, 0.00021521, 0.00146156, 0.000560639, -0.000731851, -0.00106059, 0.00401983, -0.0904636, 0.0119087, -0.0185731, -2.62963, -0.274221, 3.14488, -0.71932, 0.00146304, -0.00109633, 0.00133191, -4.06546e-05, -0.000268599, 8.10487e-05, -0.00111723
740985, 14.7839, 0.0171221, -0.0671906, 0.115486, -0.239851, -0.378288, 0.722456, 0.0435316, 0.431423, 0.179645, 0.033083, 0.414788, 0.012282, 0.51634, -0.0323976, 0.210097, 0.566078, 0.781056, 0.263644, 0.670577, -0.62231, 0.403803, 0.479461, -0.0517901, -0.876034, 0.00019862, -0.00360286, 0.000709742, -0.000145031, -0.00170502, -0.00672084, -0.0904699, 0.0119088, -0.0185757, -2.62963, -0.274223, 3.14488, -0.71932, -0.00702163, -0.000703483, 0.000138856, 0.000643308, 0.000302913, 0.000377809, -0.00043205
751294, 14.7949, 0.0171172, -0.0671885, 0.115479, -0.239843, -0.378279, 0.722457, 0.0435499, 0.431495, 0.172037, 0.033305, 0.414914, 0.012284, 0.516335, -0.0323955, 0.21009, 0.566083, 0.781054, 0.263638, 0.670582, -0.622313, 0.40379, 0.479447, -0.0517873, -0.876041, -0.000133101, -0.000997703, -0.000244692, 0.000535319, 0.00036965, -0.00279809, -0.0904642, 0.0119141, -0.0185784, -2.62964, -0.274223, 3.14488, -0.719315, -0.000886575, 0.000450386, -0.00103608, -7.26912e-05, 0.000185222, 0.000101392, 0.000828887
761569, 14.8049, 0.0171221, -0.0671862, 0.115485, -0.239847, -0.378287, 0.722459, 0.0435316, 0.431423, 0.179645, 0.033083, 0.414788, 0.012282, 0.51634, -0.0323932, 0.210096, 0.566074, 0.781059, 0.263644, 0.670582, -0.622307, 0.4038, 0.479459, -0.0517858, -0.876035, 0.000181763, 0.00106108, 0.000237469, -0.00103847, 0.0017397, 0.00269411, -0.0904614, 0.0119112, -0.0185757, -2.62963, -0.274222, 3.14488, -0.719318, 0.00238803, -0.000687363, 9.49718e-05, 0.00117945, 9.08971e-05, -0.00361898, -0.000869007
771796, 14.8149, 0.017118, -0.0671872, 0.115482, -0.239846, -0.378281, 0.722463, 0.0435331, 0.431424, 0.179646, 0.033083, 0.414788, 0.012282, 0.516336, -0.0323942, 0.210093, 0.566073, 0.781061, 0.263638, 0.670587, -0.622303, 0.403797, 0.479452, -0.0517864, -0.876039, 0.000425818, 0.00152277, 0.00109624, -0.000951117, -0.00203109, 0.00437284, -0.0904635, 0.0119085, -0.0185764, -2.62964, -0.274223, 3.14488, -0.719324, 0.00252206, -0.00195327, 0.000489839, 0.00022297, -1.77096e-05, -5.64433e-05, -0.00154414
782007, 14.8249, 0.0171176, -0.0671885, 0.115481, -0.239844, -0.378281, 0.722458, 0.0435497, 0.431495, 0.172036, 0.033305, 0.414914, 0.012284, 0.516336, -0.0323955, 0.210092, 0.56608, 0.781055, 0.263639, 0.670582, -0.622311, 0.403793, 0.47945, -0.0517874, -0.87604, 0.000196047, -0.000198089, 0.00054369, -0.000434557, -0.00112432, 0.000228348, -0.0904667, 0.0119109, -0.0185757, -2.62964, -0.274222, 3.14488, -0.719318, -0.000513143, -0.000838628, 8.65108e-05, 0.000224436, -0.000432434, 0.000105865, -0.00029871
792223, 14.8359, 0.0171173, -0.0671873, 0.115479, -0.239842, -0.378279, 0.722459, 0.0435969, 0.431405, 0.172027, 0.033082, 0.414536, 0.012284, 0.516335, -0.0323943, 0.21009, 0.56608, 0.781055, 0.263639, 0.670584, -0.622311, 0.40379, 0.479448, -0.051786, -0.876041, -0.000783975, -0.000169614, -0.00107989, -0.000504818, 0.00568254, -0.00105595, -0.0904642, 0.011914, -0.0185757, -2.62964, -0.274221, 3.14488, -0.719317, 6.65622e-05, 0.000235539, -2.30966e-06, 3.88329e-05, -0.000321471, -0.00560622, 0.000768499
802445, 14.8459, 0.0171168, -0.0671896, 0.115478, -0.239843, -0.378276, 0.722459, 0.0436066, 0.426456, 0.172107, 0.033022, 0.414539, 0.012419, 0.516335, -0.0323966, 0.210089, 0.566082, 0.781056, 0.263635, 0.670584, -0.62231, 0.40379, 0.479445, -0.0517883, -0.876042, -0.000537438, -0.000885197, -0.00077625, 1.01857e-05, 0.00183196, -0.00168212, -0.0904667, 0.0119163, -0.0185785, -2.62964, -0.274225, 3.14488, -0.719318, -0.00112748, 0.000735275, -0.000686085, -0.000788971, -0.000221346, -0.000309747, 2.55584e-05
