timestamp, robot_time[1], robot_ee_pos_error[3], robot_ee_ori_error[3], sensed_forces_moments[6], robot_ee_position[3], robot_ee_orientation[9], robot_ee_linear_velocity[3], robot_ee_angular_velocity[3], joint_angles[7], joint_velocities[7], 
10220, 10.931, 0.0126671, -0.0673989, 0.110847, -0.235808, -0.36509, 0.72803, -0.544716, 0.360265, -0.0883185, 0.034061, 0.420381, 0.020248, 0.511885, -0.0326059, 0.205458, 0.568172, 0.783464, 0.251725, 0.67907, -0.619164, 0.394336, 0.464807, -0.0531111, -0.883818, 0.000253557, 0.00187055, 0.00060808, -9.99881e-05, -0.00272813, 0.00422725, -0.088168, 0.01174, -0.0212919, -2.63666, -0.275186, 3.13498, -0.723543, -0.00102238, -0.000946611, 0.00404693, -0.000677124, -0.00221987, 0.00254845, 0.00122269
20497, 10.941, 0.0126829, -0.0674086, 0.110853, -0.235801, -0.36512, 0.727966, -0.536359, 0.365268, -0.0884801, 0.033892, 0.420658, 0.020113, 0.511901, -0.0326156, 0.205464, 0.568237, 0.783401, 0.251774, 0.679006, -0.619243, 0.394321, 0.46482, -0.0531112, -0.883811, 0.00128209, -0.00363413, 0.000759929, 0.00265309, -0.00213667, -0.0110803, -0.0881414, 0.0117646, -0.0213157, -2.63662, -0.275075, 3.13498, -0.723549, -0.00052649, 0.00166848, -0.00496547, 0.00365625, 0.00765006, -0.000160384, -0.00132314
30825, 10.951, 0.0127035, -0.0674201, 0.110864, -0.235799, -0.365161, 0.727894, -0.536327, 0.36536, -0.088433, 0.034336, 0.420654, 0.020115, 0.511922, -0.0326271, 0.205475, 0.568307, 0.783331, 0.251833, 0.678931, -0.619331, 0.394312, 0.464845, -0.0531129, -0.883798, 0.00359903, -0.000738875, 0.000693659, 0.00294745, -0.00302079, -0.00588354, -0.0881179, 0.0117864, -0.0213373, -2.63657, -0.274955, 3.13498, -0.723553, 0.00325703, 0.0070823, -0.00256088, 0.0100742, 0.00788839, -0.000326498, -0.000461388
41124, 10.961, 0.0127373, -0.0674258, 0.110881, -0.235797, -0.365224, 0.727813, -0.527856, 0.36529, -0.0961583, 0.033884, 0.420304, 0.020117, 0.511955, -0.0326328, 0.205492, 0.568373, 0.783257, 0.251914, 0.678844, -0.619426, 0.394313, 0.46489, -0.0531067, -0.883774, 0.00250758, 0.000450737, 0.00111959, 0.00667961, -0.00327211, -0.0100031, -0.0880991, 0.0118258, -0.0213384, -2.63649, -0.274816, 3.13499, -0.723553, 0.00333484, 0.00301102, 0.000226265, 0.00619846, 0.0126698, -0.000699434, 0.00262102
51298, 10.972, 0.0127827, -0.067421, 0.110905, -0.235795, -0.365294, 0.727742, -0.527867, 0.360348, -0.0960948, 0.033824, 0.420308, 0.020252, 0.512001, -0.032628, 0.205516, 0.568421, 0.783195, 0.252, 0.678766, -0.619505, 0.394323, 0.464947, -0.0530925, -0.883745, 0.00494074, -0.00147803, 0.00337336, 0.00571467, -0.00875214, -0.0120039, -0.0880551, 0.011874, -0.0213392, -2.63638, -0.274669, 3.13499, -0.723557, 0.0021275, 0.00354843, -0.00145299, 0.0119151, 0.0149645, -0.000305492, -0.000608596
61498, 10.982, 0.0128357, -0.0674103, 0.110933, -0.235799, -0.365368, 0.727688, -0.527958, 0.365313, -0.0885525, 0.033885, 0.420556, 0.020115, 0.512054, -0.0326173, 0.205544, 0.568443, 0.783152, 0.252082, 0.678701, -0.619561, 0.394346, 0.465013, -0.0530752, -0.883711, 0.00418146, 0.00371486, 0.00206604, 0.0029806, -0.00603128, 0.00255821, -0.0880045, 0.0119313, -0.0213371, -2.63625, -0.274544, 3.13499, -0.723561, 0.0091804, 0.00436181, 0.00014468, 0.00980158, 0.00759581, 0.000236188, 0.000124423
71663, 10.992, 0.0128905, -0.0673985, 0.110965, -0.235812, -0.365448, 0.727648, -0.532172, 0.362803, -0.0962719, 0.033857, 0.420358, 0.019981, 0.512109, -0.0326055, 0.205576, 0.568442, 0.783127, 0.252161, 0.678646, -0.619594, 0.394389, 0.465095, -0.0530593, -0.88367, 0.00746683, 0.000954546, 0.00326495, 0.00191111, -0.00969317, -0.00118248, -0.0879516, 0.0119813, -0.021342, -2.63612, -0.274456, 3.135, -0.72356, 0.00580337, 0.00980227, -0.00106533, 0.0192733, 0.00763431, -4.83495e-05, -0.000909957
81816, 11.002, 0.0129602, -0.0673791, 0.111007, -0.235835, -0.365535, 0.727625, -0.5364, 0.365208, -0.0961433, 0.033891, 0.420406, 0.020114, 0.512178, -0.0325861, 0.205618, 0.568411, 0.783125, 0.252239, 0.678605, -0.619598, 0.394453, 0.465193, -0.053041, -0.883619, 0.0066241, 0.0024056, 0.00280576, 0.000166099, -0.00856806, 0.00437646, -0.0878908, 0.0120431, -0.0213396, -2.63595, -0.274391, 3.135, -0.723558, 0.00590995, 0.00877796, 0.000624639, 0.0169213, 0.0028347, 0.000367481, -0.000324377
91959, 11.012, 0.0130295, -0.0673637, 0.11105, -0.235869, -0.365615, 0.727624, -0.532217, 0.36769, -0.0884453, 0.033919, 0.420604, 0.020248, 0.512248, -0.0325707, 0.205661, 0.568354, 0.783148, 0.252297, 0.678583, -0.619571, 0.394534, 0.465294, -0.0530307, -0.883566, 0.00709278, 0.000791988, 0.00369631, 0.00084473, -0.0103976, -0.000253305, -0.0878404, 0.0121002, -0.0213424, -2.63578, -0.274374, 3.135, -0.723562, 0.00406172, 0.00787199, -0.000391444, 0.0179959, 0.00369995, 0.000119888, 0.000775929
102100, 11.023, 0.0131071, -0.0673445, 0.1111, -0.23591, -0.365704, 0.72763, -0.536427, 0.365169, -0.0961689, 0.033891, 0.420406, 0.020114, 0.512325, -0.0325515, 0.205711, 0.568281, 0.78318, 0.252359, 0.678564, -0.619531, 0.39463, 0.465411, -0.0530187, -0.883506, 0.00515186, 0.000777957, 0.00190853, -0.00183291, -0.00583999, 0.00452757, -0.0877921, 0.012161, -0.0213361, -2.63559, -0.274371, 3.135, -0.723561, 0.00157923, 0.00769949, 0.00103516, 0.0137713, -0.000183308, -6.68716e-05, -0.00198854
112251, 11.033, 0.0131866, -0.0673203, 0.111156, -0.235953, -0.365802, 0.727638, -0.532288, 0.357805, -0.0886238, 0.033798, 0.420613, 0.020115, 0.512405, -0.0325273, 0.205767, 0.568199, 0.783217, 0.252429, 0.678546, -0.619485, 0.394733, 0.465538, -0.0530029, -0.883439, 0.00962093, 0.00152476, 0.00741606, -0.00152293, -0.0183124, 0.00409583, -0.0877271, 0.01221, -0.0213361, -2.6354, -0.274365, 3.135, -0.723561, 0.00453866, 0.00451967, 0.000540666, 0.0227584, 0.000490198, 0.000133356, 0.000650812
122393, 11.043, 0.0132656, -0.0673001, 0.111211, -0.235999, -0.365897, 0.727646, -0.536521, 0.365152, -0.0885786, 0.033892, 0.420658, 0.020113, 0.512484, -0.0325071, 0.205822, 0.56812, 0.783254, 0.252494, 0.678526, -0.619439, 0.394838, 0.465663, -0.0529912, -0.883374, 0.00882499, 0.00076655, 0.00564779, -0.0022353, -0.0143838, 0.00418567, -0.087665, 0.0122606, -0.0213421, -2.63521, -0.274365, 3.135, -0.723562, 0.00404321, 0.00717342, -0.000634575, 0.0219865, -8.83843e-05, -0.000282127, -0.000826092
132535, 11.053, 0.0133363, -0.0672781, 0.111259, -0.236036, -0.365981, 0.727656, -0.532316, 0.357761, -0.0886516, 0.033798, 0.420613, 0.020115, 0.512554, -0.0324851, 0.20587, 0.568044, 0.78329, 0.252553, 0.678513, -0.619395, 0.394929, 0.465774, -0.0529765, -0.883316, 0.00908739, 0.00169275, 0.00598188, -0.00269097, -0.0136888, 0.0060526, -0.087606, 0.0123075, -0.0213424, -2.63504, -0.274359, 3.135, -0.723566, 0.00571541, 0.00659324, -0.000146042, 0.0229822, 0.000306374, -0.00258461, -0.00122235
142674, 11.063, 0.0134296, -0.0672539, 0.111331, -0.236094, -0.366102, 0.727663, -0.532334, 0.357731, -0.0886702, 0.033798, 0.420613, 0.020115, 0.512648, -0.0324609, 0.205942, 0.567947, 0.783333, 0.252636, 0.678486, -0.619341, 0.395061, 0.465932, -0.0529631, -0.883234, 0.00627345, 0.00181185, 0.00383255, -0.00162912, -0.00975262, 0.00554479, -0.0875392, 0.0123512, -0.0213424, -2.63482, -0.27436, 3.135, -0.723566, 0.00489543, 0.00535889, 9.61462e-06, 0.0155703, 1.8617e-05, -0.000352327, -0.000789618
152823, 11.073, 0.0135161, -0.0672269, 0.111401, -0.236148, -0.366219, 0.727672, -0.536499, 0.360103, -0.0961683, 0.033831, 0.420409, 0.02025, 0.512734, -0.0324339, 0.206012, 0.567849, 0.783378, 0.252718, 0.678463, -0.619286, 0.395187, 0.466086, -0.0529469, -0.883154, 0.00800923, 0.00176256, 0.00519708, 0.00177012, -0.0134837, -0.00122529, -0.0874708, 0.0123806, -0.0213399, -2.63462, -0.274359, 3.135, -0.723566, 0.00444678, 0.00615379, 0.000831844, 0.0197172, 0.000630924, -0.000380728, 0.00668591
162963, 11.083, 0.0135934, -0.0672089, 0.111464, -0.236199, -0.366324, 0.72767, -0.536516, 0.360078, -0.0961844, 0.033831, 0.420409, 0.02025, 0.512811, -0.0324159, 0.206075, 0.567774, 0.783408, 0.252793, 0.678431, -0.619249, 0.395299, 0.466222, -0.0529379, -0.883082, 0.00812939, 0.0019476, 0.00685054, -0.00201734, -0.016255, 0.00577265, -0.0874143, 0.0124082, -0.0213446, -2.63444, -0.274356, 3.135, -0.723563, 0.00635433, 0.00222006, -0.00081199, 0.018801, 0.000112779, -0.000210844, -0.000398268
173175, 11.094, 0.0136767, -0.0671812, 0.111535, -0.236253, -0.36644, 0.727683, -0.536534, 0.360049, -0.0962025, 0.033831, 0.420409, 0.02025, 0.512895, -0.0323882, 0.206146, 0.567673, 0.783456, 0.252873, 0.678411, -0.61919, 0.395427, 0.466376, -0.0529213, -0.883002, 0.00704736, 0.00241272, 0.00495756, -0.00173997, -0.0125977, 0.00686199, -0.0873451, 0.0124274, -0.0213424, -2.63425, -0.274355, 3.135, -0.723568, 0.00703423, 0.00438162, -0.000882096, 0.0167312, 6.42977e-05, 0.000377015, -0.000807833
183315, 11.104, 0.013744, -0.0671572, 0.111597, -0.236299, -0.366541, 0.72769, -0.540836, 0.352664, -0.0809579, 0.033968, 0.420588, 0.020249, 0.512962, -0.0323642, 0.206208, 0.56759, 0.783493, 0.252944, 0.67839, -0.619144, 0.395535, 0.466507, -0.052907, -0.882934, 0.00675818, 0.00119659, 0.00651519, -0.00144257, -0.0149581, 0.00314749, -0.0872872, 0.0124318, -0.0213397, -2.6341, -0.274355, 3.135, -0.723566, 0.0067471, -0.000190474, -0.00298258, 0.0151747, -0.000139284, -0.000354392, 0.000790711
193455, 11.114, 0.0138115, -0.0671383, 0.11166, -0.236347, -0.366644, 0.727688, -0.540826, 0.35752, -0.0963237, 0.033805, 0.420463, 0.020115, 0.51303, -0.0323453, 0.206271, 0.567516, 0.783522, 0.253018, 0.67836, -0.619108, 0.395643, 0.46664, -0.052897, -0.882864, 0.00548601, 0.00160272, 0.00499638, 0.00327674, -0.0121009, -0.0037091, -0.0872325, 0.0124329, -0.0213424, -2.63395, -0.274348, 3.135, -0.723566, 0.00605196, 0.000469452, -0.00115035, 0.0121843, 0.00389154, -5.55122e-05, 0.00587047
203598, 11.124, 0.0138662, -0.0671164, 0.111713, -0.236385, -0.366728, 0.727696, -0.540802, 0.35259, -0.0886066, 0.033967, 0.420336, 0.02025, 0.513084, -0.0323234, 0.206324, 0.567444, 0.783555, 0.253077, 0.678344, -0.619067, 0.395733, 0.46675, -0.0528836, -0.882806, 0.00559167, 0.00332053, 0.00542639, -0.000724821, -0.0124859, 0.00637545, -0.0871817, 0.0124308, -0.0213396, -2.63383, -0.27435, 3.135, -0.723563, 0.0077774, -0.000593061, -0.000144108, 0.0120543, 8.44044e-05, -0.000165188, 0.0013202
213747, 11.134, 0.0139204, -0.0670978, 0.111764, -0.236423, -0.36681, 0.727702, -0.540815, 0.352569, -0.0886194, 0.033967, 0.420336, 0.02025, 0.513138, -0.0323048, 0.206375, 0.567375, 0.783587, 0.253133, 0.678328, -0.619028, 0.395823, 0.466858, -0.0528727, -0.88275, 0.0066892, 0.00189876, 0.00603823, -0.000870915, -0.014389, 0.00394542, -0.0871394, 0.0124307, -0.0213343, -2.63371, -0.274349, 3.135, -0.723566, 0.00387992, 0.000810176, 0.00124765, 0.0150204, 0.000410056, 0.000193855, 0.000963243
223887, 11.144, 0.0139652, -0.0670827, 0.111805, -0.236453, -0.366878, 0.727703, -0.536567, 0.355024, -0.0885397, 0.033993, 0.420282, 0.020385, 0.513183, -0.0322897, 0.206416, 0.567325, 0.783608, 0.253183, 0.67831, -0.619003, 0.395893, 0.466946, -0.0528638, -0.882704, 0.00429291, 0.00318384, 0.00358442, -0.000412378, -0.00831153, 0.00600743, -0.0870978, 0.0124336, -0.0213368, -2.63361, -0.274346, 3.135, -0.723562, 0.000508594, 0.000906729, 0.00657561, 0.00967217, -0.000107134, -0.000476927, 0.00125922
234026, 11.154, 0.0140031, -0.0670704, 0.111843, -0.236482, -0.366942, 0.727705, -0.536605, 0.354988, -0.0962095, 0.033771, 0.420413, 0.020385, 0.513221, -0.0322774, 0.206454, 0.567276, 0.783629, 0.253229, 0.678294, -0.618977, 0.395961, 0.467029, -0.0528554, -0.882661, 0.00322959, 0.000717377, 0.00361697, 7.54438e-05, -0.00849737, 0.00048842, -0.087061, 0.0124308, -0.0213425, -2.63353, -0.274344, 3.13501, -0.723565, 0.00313838, -0.00133452, -0.00107358, 0.0066735, 0.000310128, 0.000444793, 0.00154402
244166, 11.164, 0.0140372, -0.0670569, 0.111872, -0.236503, -0.366986, 0.727713, -0.536592, 0.359937, -0.0886364, 0.034054, 0.420279, 0.02025, 0.513255, -0.0322639, 0.206483, 0.567232, 0.783651, 0.253257, 0.67829, -0.61895, 0.396011, 0.467087, -0.0528486, -0.88263, 0.00373013, 0.0026496, 0.00353152, -0.00317902, -0.00795066, 0.00921583, -0.08703, 0.0124361, -0.0213396, -2.63345, -0.274346, 3.135, -0.723565, 0.00483121, -0.000170123, 0.000244684, 0.00828342, -0.0052773, -0.000213442, 0.000540163
254326, 11.174, 0.0140643, -0.0670448, 0.111896, -0.23652, -0.367025, 0.72772, -0.540913, 0.352548, -0.0810324, 0.033968, 0.420588, 0.020249, 0.513282, -0.0322518, 0.206507, 0.567194, 0.783669, 0.253284, 0.678286, -0.618927, 0.396053, 0.467139, -0.0528399, -0.882604, 0.00158306, 0.00322587, 0.00122532, -0.00119653, -0.00271329, 0.00837507, -0.0870053, 0.012439, -0.0213342, -2.63339, -0.27434, 3.135, -0.723571, 0.00562216, 0.000257712, 0.00110741, 0.00319904, 0.00089041, -0.000113192, -0.00276745
264515, 11.185, 0.0140869, -0.0670391, 0.111919, -0.236538, -0.36706, 0.727721, -0.540918, 0.352539, -0.081038, 0.033968, 0.420588, 0.020249, 0.513305, -0.0322461, 0.20653, 0.567167, 0.783682, 0.253308, 0.678277, -0.618911, 0.396093, 0.467186, -0.0528379, -0.882579, 0.00100325, 0.000295258, 0.000938579, -0.000833543, -0.00188197, 0.00169456, -0.086982, 0.0124368, -0.0213424, -2.63334, -0.274345, 3.135, -0.72357, 0.00239405, -4.3759e-06, -0.00159016, 0.00236608, -0.0001796, -0.000423848, -0.000891342
274768, 11.195, 0.014105, -0.0670336, 0.111936, -0.236551, -0.367088, 0.727721, -0.536609, 0.359912, -0.0886522, 0.034054, 0.420279, 0.02025, 0.513323, -0.0322406, 0.206547, 0.567147, 0.78369, 0.253328, 0.678269, -0.618902, 0.396122, 0.467221, -0.0528347, -0.88256, 0.00124153, -0.000827223, 0.001137, -0.000893413, -0.00256414, -0.000291805, -0.0869677, 0.0124368, -0.0213417, -2.6333, -0.274341, 3.135, -0.723571, 0.000409042, 0.000278712, -0.00172603, 0.00304555, 1.77258e-05, -0.000123891, -0.00119633
284945, 11.205, 0.0141188, -0.067025, 0.111949, -0.236558, -0.367109, 0.727726, -0.536704, 0.359907, -0.0886854, 0.033832, 0.420661, 0.020248, 0.513337, -0.032232, 0.20656, 0.567125, 0.783701, 0.253343, 0.678268, -0.618888, 0.396144, 0.467249, -0.0528284, -0.882546, 0.000571137, 0.00183404, 0.000602565, -0.000988765, -0.00115605, 0.00526109, -0.0869531, 0.0124368, -0.0213368, -2.63327, -0.274341, 3.135, -0.72357, 0.00322334, -0.00042366, 0.000462391, 0.000942907, 5.37649e-05, -0.000110611, -0.00185454
295124, 11.216, 0.0141276, -0.0670248, 0.111957, -0.236565, -0.367124, 0.727718, -0.536606, 0.354964, -0.0885775, 0.033993, 0.420282, 0.020385, 0.513346, -0.0322318, 0.206568, 0.567124, 0.783697, 0.253356, 0.678257, -0.618892, 0.396156, 0.467266, -0.0528291, -0.882537, 0.00112336, -0.0039592, 0.00206511, 0.000135416, -0.00449098, -0.00857968, -0.086945, 0.0124371, -0.0213424, -2.63325, -0.27434, 3.135, -0.723562, -0.000364874, -0.00189029, -0.00697905, 0.00254319, 0.000438817, 1.35935e-05, 0.000966277
305354, 11.226, 0.0141313, -0.0670192, 0.111957, -0.236564, -0.367124, 0.72773, -0.536642, 0.359883, -0.0963077, 0.033831, 0.420409, 0.02025, 0.513349, -0.0322262, 0.206568, 0.567108, 0.783709, 0.253353, 0.678269, -0.618877, 0.39616, 0.467269, -0.0528241, -0.882536, 0.000543495, -0.000273367, 0.000322632, -0.0002408, -0.000859469, -0.000191174, -0.0869364, 0.0124452, -0.0213396, -2.63324, -0.274341, 3.135, -0.72357, 0.000353087, 0.000563787, -0.000784717, 0.00143145, -0.000126665, 1.3275e-05, -0.000143783
315620, 11.236, 0.0141375, -0.0670168, 0.111964, -0.236569, -0.367141, 0.727726, -0.536709, 0.3599, -0.0886899, 0.033832, 0.420661, 0.020248, 0.513356, -0.0322238, 0.206575, 0.567101, 0.78371, 0.253367, 0.678261, -0.618877, 0.396173, 0.467288, -0.052821, -0.882526, 0.000130696, 0.000241266, 0.000267669, 0.000109406, -0.000722522, 0.000277474, -0.086934, 0.0124434, -0.0213368, -2.63323, -0.274339, 3.13501, -0.723567, -0.00030833, -0.000369578, 0.000749749, 7.59504e-05, -0.000117173, 0.000270693, 0.000342119
325867, 11.246, 0.014132, -0.0670138, 0.111958, -0.236563, -0.367125, 0.727739, -0.536642, 0.359883, -0.0963079, 0.033831, 0.420409, 0.02025, 0.51335, -0.0322208, 0.206569, 0.567097, 0.783718, 0.253352, 0.678277, -0.618867, 0.396162, 0.467271, -0.0528191, -0.882535, -0.000245843, 0.00256262, 0.000170326, -0.00010566, -0.000439883, 0.0054578, -0.0869261, 0.0124432, -0.0213389, -2.63324, -0.274339, 3.135, -0.723576, 0.000108318, -0.00138013, 0.00472847, -0.0015075, 0.000106443, 0.000601617, -0.000722562
336125, 11.256, 0.0141353, -0.0670144, 0.111958, -0.236562, -0.367128, 0.727731, -0.536643, 0.359883, -0.0963081, 0.033831, 0.420409, 0.02025, 0.513353, -0.0322214, 0.206569, 0.567104, 0.783711, 0.253358, 0.678269, -0.618876, 0.39616, 0.467272, -0.0528194, -0.882534, -0.000118462, -0.000805128, -0.000438167, -0.00270785, 0.00351429, 0.00222159, -0.0869226, 0.0124516, -0.0213424, -2.63323, -0.274336, 3.135, -0.723567, -0.00101358, -0.000559484, 0.000357977, -7.93566e-05, -9.77561e-05, -0.00332043, -0.00300855
346406, 11.267, 0.0141349, -0.0670144, 0.111957, -0.236561, -0.367125, 0.727734, -0.536643, 0.359884, -0.0963077, 0.033831, 0.420409, 0.02025, 0.513353, -0.0322214, 0.206568, 0.567102, 0.783713, 0.253355, 0.678273, -0.618873, 0.396159, 0.467269, -0.0528192, -0.882536, 7.22752e-05, -0.000610655, -0.000543849, -0.000373475, 0.0009813, -0.000341394, -0.0869219, 0.0124548, -0.0213431, -2.63323, -0.274336, 3.135, -0.723571, -0.000337742, 0.00166141, -0.000815506, 0.000725517, 1.39333e-05, 2.05727e-06, -0.000933205
356638, 11.277, 0.0141345, -0.0670085, 0.111954, -0.236556, -0.367122, 0.727741, -0.532418, 0.362405, -0.0809371, 0.034081, 0.420477, 0.020384, 0.513352, -0.0322155, 0.206565, 0.567096, 0.783719, 0.253352, 0.678282, -0.618867, 0.396154, 0.467265, -0.0528136, -0.882539, -3.8248e-06, 0.000882808, -0.000225839, -0.00077227, 0.000478279, 0.00324398, -0.0869144, 0.0124609, -0.0213397, -2.63323, -0.274339, 3.135, -0.723567, 0.00126509, 0.00044075, 0.00040498, -2.59853e-05, -0.000181205, 8.09888e-05, -0.00159099
366847, 11.287, 0.0141339, -0.0670085, 0.111951, -0.236554, -0.367118, 0.727742, -0.532381, 0.362356, -0.0962165, 0.033858, 0.420356, 0.020385, 0.513352, -0.0322155, 0.206562, 0.567098, 0.783718, 0.25335, 0.678283, -0.618867, 0.39615, 0.46726, -0.0528132, -0.882541, -0.000467003, 0.00108556, -0.000740592, -0.000646486, 0.00190182, 0.00333847, -0.0869115, 0.0124659, -0.0213424, -2.63323, -0.274337, 3.135, -0.723568, 0.0033662, 0.00053652, -0.00135634, -0.000936872, -0.000238033, -0.000358631, -0.00132086
377070, 11.297, 0.0141297, -0.0670075, 0.111948, -0.23655, -0.367114, 0.727742, -0.532431, 0.357457, -0.0964556, 0.033797, 0.420361, 0.020117, 0.513348, -0.0322145, 0.206559, 0.567102, 0.783716, 0.253347, 0.678285, -0.61887, 0.396143, 0.467253, -0.0528117, -0.882545, -0.000425026, 0.000357556, -0.000779441, 0.000382995, 0.00174383, 0.000130674, -0.086913, 0.0124644, -0.0213396, -2.63324, -0.274335, 3.135, -0.723566, 0.000472582, 0.000861664, 0.000175918, -0.000701165, 0.000108756, -0.000221538, 0.000445707
387295, 11.308, 0.0141298, -0.067006, 0.111947, -0.23655, -0.367112, 0.727748, -0.528206, 0.359987, -0.0810856, 0.034047, 0.420429, 0.020251, 0.513348, -0.032213, 0.206558, 0.567095, 0.783722, 0.253344, 0.678291, -0.618863, 0.396145, 0.467253, -0.0528104, -0.882545, -0.00101489, -0.000181118, -0.000731005, -0.00109042, 0.00548491, -0.000216665, -0.0869075, 0.0124649, -0.0213424, -2.63324, -0.274336, 3.135, -0.723572, 0.000982477, -0.00120328, -0.000903009, -0.000744162, -7.67454e-05, -0.00601838, -0.00046889
397480, 11.318, 0.0141331, -0.0670062, 0.111947, -0.23655, -0.367114, 0.727744, -0.532381, 0.362357, -0.0962158, 0.033858, 0.420356, 0.020385, 0.513351, -0.0322132, 0.206558, 0.567098, 0.783719, 0.253347, 0.678287, -0.618866, 0.396145, 0.467254, -0.0528106, -0.882544, 0.000235189, 0.000199165, -0.000324956, 0.000216607, 0.000710172, -0.000181387, -0.0869073, 0.0124732, -0.0213424, -2.63323, -0.274337, 3.135, -0.723566, 0.00140013, 0.00134031, -0.000976872, 0.00104649, -0.000438245, -0.000455232, 0.00105565
407650, 11.328, 0.014133, -0.0670063, 0.111947, -0.236549, -0.367114, 0.727744, -0.528143, 0.359957, -0.0887057, 0.034046, 0.420177, 0.020252, 0.513351, -0.0322133, 0.206558, 0.567098, 0.783718, 0.253347, 0.678287, -0.618867, 0.396144, 0.467253, -0.0528104, -0.882545, 0.000294389, 0.000206305, 2.16464e-05, 0.000241093, -0.000272303, 1.59147e-05, -0.0869098, 0.012474, -0.0213397, -2.63323, -0.274335, 3.135, -0.723567, 0.000657348, 0.000648986, -0.000176396, 0.000779918, 0.000178475, 0.000117138, 0.000366453
417803, 11.338, 0.0141327, -0.0670051, 0.111945, -0.236547, -0.367112, 0.727745, -0.536641, 0.359888, -0.0963053, 0.033831, 0.420409, 0.02025, 0.513351, -0.0322121, 0.206556, 0.567099, 0.783718, 0.253346, 0.678289, -0.618867, 0.396141, 0.467251, -0.0528091, -0.882546, 0.000213403, 0.000374123, 7.47705e-06, -0.00388051, -0.000672343, 0.0086743, -0.0869075, 0.0124772, -0.0213396, -2.63323, -0.274334, 3.135, -0.723566, 0.00018424, 0.000618002, 0.00041029, 7.09375e-05, 7.31876e-05, 0.00171706, -0.00897674
427963, 11.348, 0.014128, -0.0670045, 0.11194, -0.236542, -0.367103, 0.727747, -0.536703, 0.35991, -0.088684, 0.033832, 0.420661, 0.020248, 0.513346, -0.0322115, 0.206551, 0.567102, 0.783718, 0.25334, 0.678294, -0.618868, 0.396131, 0.467239, -0.0528078, -0.882552, -0.00161203, -0.000276549, -0.00261865, -3.76602e-06, 0.00753144, -0.00103301, -0.0869044, 0.01248, -0.0213424, -2.63324, -0.274333, 3.135, -0.723566, 0.000173113, 0.00242484, -0.000713169, -0.00187504, -0.000271984, -0.00331243, 0.000344372
438123, 11.359, 0.0141328, -0.0670031, 0.111945, -0.236546, -0.367111, 0.727749, -0.53238, 0.362358, -0.0962153, 0.033858, 0.420356, 0.020385, 0.513351, -0.0322101, 0.206556, 0.567094, 0.783722, 0.253345, 0.678293, -0.618863, 0.396141, 0.467251, -0.0528072, -0.882547, 0.000640044, 0.000162546, 0.000833819, 0.00192172, -0.00187339, -0.00373067, -0.0869034, 0.0124776, -0.0213397, -2.63323, -0.274334, 3.135, -0.723568, -0.000259741, -0.000601028, 0.00066279, 0.0013804, -0.000485897, -0.000349602, 0.0051173
448272, 11.369, 0.014132, -0.0670028, 0.111942, -0.236544, -0.367107, 0.727752, -0.532379, 0.362358, -0.0962147, 0.033858, 0.420356, 0.020385, 0.51335, -0.0322098, 0.206553, 0.567094, 0.783724, 0.253341, 0.678297, -0.618861, 0.396138, 0.467245, -0.0528066, -0.882549, -0.000143363, 2.9065e-05, -0.000153634, -0.00128986, 0.000494461, 0.00249179, -0.0869002, 0.0124836, -0.0213427, -2.63323, -0.274335, 3.135, -0.72357, 0.000978535, 3.5278e-05, -0.000969709, -0.000314634, -0.000123828, 2.99907e-06, -0.00268956
458421, 11.379, 0.0141277, -0.0670022, 0.111938, -0.23654, -0.367101, 0.727752, -0.536639, 0.35989, -0.0963037, 0.033831, 0.420409, 0.02025, 0.513346, -0.0322092, 0.206549, 0.567098, 0.783722, 0.253338, 0.678299, -0.618863, 0.39613, 0.467237, -0.0528056, -0.882554, -0.000761979, 4.83395e-05, -0.000561697, 0.000266343, 0.000679485, 0.000118683, -0.086903, 0.012483, -0.0213396, -2.63324, -0.274335, 3.135, -0.723567, -0.000286095, -0.000335236, 6.03655e-05, -0.00219417, -0.000161329, 0.0011998, -5.45522e-05
468591, 11.389, 0.014132, -0.067004, 0.111942, -0.236544, -0.367108, 0.727745, -0.53238, 0.362359, -0.0962147, 0.033858, 0.420356, 0.020385, 0.51335, -0.032211, 0.206553, 0.567101, 0.783717, 0.253345, 0.678291, -0.618869, 0.396135, 0.467245, -0.0528074, -0.882549, -7.58185e-05, -0.000714143, 0.000878083, 0.000184108, -0.00165814, -0.00201389, -0.0869028, 0.0124836, -0.0213417, -2.63323, -0.274331, 3.135, -0.723565, -0.000953527, -0.00230949, -0.00049566, -0.000744271, -0.000209423, 6.44452e-05, 0.000857811
478733, 11.399, 0.0141314, -0.0670028, 0.111939, -0.236541, -0.367104, 0.72775, -0.532379, 0.36236, -0.0962141, 0.033858, 0.420356, 0.020385, 0.513349, -0.0322098, 0.20655, 0.567098, 0.783721, 0.25334, 0.678296, -0.618864, 0.396132, 0.46724, -0.0528061, -0.882552, -0.00128375, -0.000747627, -0.00168291, -0.000196634, 0.00759549, -0.00288655, -0.0869002, 0.0124892, -0.0213424, -2.63323, -0.274332, 3.135, -0.723568, -0.000226759, 0.000589719, -0.000724684, -0.000588899, 0.000225572, -0.00660063, 0.00100177
488883, 11.409, 0.0141317, -0.0670015, 0.11194, -0.236541, -0.367105, 0.72775, -0.53664, 0.359889, -0.0963043, 0.033831, 0.420409, 0.02025, 0.51335, -0.0322085, 0.206551, 0.567097, 0.783722, 0.253342, 0.678297, -0.618864, 0.396133, 0.467242, -0.0528051, -0.882551, 0.000146282, 0.000270475, 0.000276601, 0.00127857, -0.00289198, -0.000643307, -0.0868977, 0.0124872, -0.0213425, -2.63323, -0.274334, 3.135, -0.723565, 0.000297604, -2.24691e-05, -0.00012016, -0.000880212, 0.000195129, 0.00373169, 0.00128136
499023, 11.419, 0.0141316, -0.0670026, 0.11194, -0.236542, -0.367106, 0.727748, -0.536676, 0.35994, -0.0810243, 0.034054, 0.420531, 0.020249, 0.51335, -0.0322096, 0.206551, 0.567099, 0.783719, 0.253342, 0.678294, -0.618866, 0.396133, 0.467242, -0.0528059, -0.882551, -0.000618029, -0.000780807, -0.000412097, 0.000794173, 0.000712151, -0.00276085, -0.0868995, 0.0124874, -0.0213425, -2.63323, -0.274331, 3.135, -0.723566, -0.000968899, -0.000314183, -0.000693702, -0.00151349, 0.000142563, 0.000418703, 0.0011632
509192, 11.43, 0.0141308, -0.0670039, 0.111937, -0.23654, -0.367101, 0.727749, -0.536611, 0.35991, -0.0886537, 0.034054, 0.420279, 0.02025, 0.513349, -0.0322109, 0.206548, 0.567102, 0.783719, 0.253339, 0.678296, -0.618867, 0.396129, 0.467237, -0.0528068, -0.882554, 0.000571666, -0.000369783, 0.000640391, 0.00114781, -0.00293143, -0.00234765, -0.0869023, 0.0124931, -0.0213425, -2.63323, -0.274332, 3.135, -0.723567, -0.000617802, 6.01329e-05, -0.000278892, 0.000677035, -0.000342968, 0.00225301, 0.00231578
519334, 11.44, 0.0141314, -0.0669998, 0.111939, -0.23654, -0.367103, 0.727755, -0.528141, 0.35996, -0.0887039, 0.034046, 0.420177, 0.020252, 0.513349, -0.0322068, 0.20655, 0.567092, 0.783726, 0.253339, 0.678302, -0.618858, 0.396132, 0.46724, -0.0528031, -0.882553, 1.09316e-05, 7.22331e-05, 0.000158791, -0.000666805, -0.000393467, 0.00115498, -0.0868963, 0.0124904, -0.0213403, -2.63323, -0.274331, 3.135, -0.723572, -0.00021206, -0.000348212, 8.12564e-05, -9.52481e-05, -0.00152103, 0.00021869, 9.09308e-05
529485, 11.45, 0.0141304, -0.0669985, 0.111934, -0.236536, -0.367097, 0.727758, -0.532378, 0.362361, -0.096213, 0.033858, 0.420356, 0.020385, 0.513348, -0.0322055, 0.206545, 0.567093, 0.783727, 0.253335, 0.678307, -0.618858, 0.396126, 0.467232, -0.0528013, -0.882557, 1.98278e-05, 0.00012633, -0.000531285, -0.00054104, 0.0011222, 0.00134591, -0.0868945, 0.0124989, -0.0213396, -2.63323, -0.274331, 3.135, -0.723571, 0.000484223, 0.00137046, -0.000220112, 0.000473221, -6.28541e-05, -0.000164049, -0.00118696
539717, 11.46, 0.0141304, -0.0669998, 0.111934, -0.236537, -0.367096, 0.727759, -0.532442, 0.362391, -0.0885931, 0.033859, 0.420607, 0.020383, 0.513348, -0.0322068, 0.206545, 0.567092, 0.783728, 0.253333, 0.678307, -0.618856, 0.396127, 0.467232, -0.0528026, -0.882556, 0.000325362, 0.000482995, 0.000706881, -0.000339498, -0.00346658, 0.00259807, -0.0868944, 0.0124985, -0.0213424, -2.63323, -0.274331, 3.135, -0.723575, 0.0010658, -0.00072966, -0.000449251, -0.000636867, 1.3282e-05, 0.0035257, -0.00174265
549891, 11.47, 0.0141301, -0.0670021, 0.111934, -0.236537, -0.367097, 0.727752, -0.536638, 0.359891, -0.096303, 0.033831, 0.420409, 0.02025, 0.513348, -0.0322091, 0.206545, 0.567101, 0.78372, 0.253336, 0.6783, -0.618865, 0.396124, 0.467231, -0.0528044, -0.882557, -0.000250339, -0.00124129, -0.000397363, 0.0041328, 0.00137848, -0.0106064, -0.0868984, 0.0124996, -0.0213425, -2.63323, -0.274329, 3.135, -0.723569, -0.0013208, 0.00040963, -0.000830528, 0.00023829, 0.000672129, -0.00172819, 0.00865758
560050, 11.48, 0.0141296, -0.067, 0.111931, -0.236535, -0.367093, 0.727758, -0.532377, 0.362362, -0.0962125, 0.033858, 0.420356, 0.020385, 0.513348, -0.032207, 0.206542, 0.567095, 0.783726, 0.253331, 0.678308, -0.618858, 0.396122, 0.467227, -0.0528025, -0.882559, -0.000150674, -0.000345888, -0.000603906, -0.000149476, 0.00106628, -0.000103673, -0.0868948, 0.0125042, -0.0213426, -2.63323, -0.274332, 3.135, -0.723572, 3.75205e-05, 0.00124113, -0.000703824, -1.76785e-05, 0.000311606, 0.000224634, -0.000915117
570202, 11.491, 0.0141297, -0.0669978, 0.111931, -0.236532, -0.367094, 0.727757, -0.528168, 0.359942, -0.0963624, 0.033824, 0.420308, 0.020252, 0.513348, -0.0322048, 0.206542, 0.567097, 0.783724, 0.253334, 0.678307, -0.618861, 0.39612, 0.467227, -0.0528003, -0.88256, -0.00040615, 0.000481999, -0.000566566, 0.00352458, 0.000992316, -0.00550144, -0.086894, 0.0125053, -0.021339, -2.63323, -0.274331, 3.135, -0.723566, -3.64551e-05, 0.000342105, 0.00100371, -0.000853527, 0.000616333, -0.000192271, 0.00668675
580361, 11.501, 0.0141292, -0.0670006, 0.11193, -0.236533, -0.367092, 0.727755, -0.528139, 0.359963, -0.0887021, 0.034046, 0.420177, 0.020252, 0.513347, -0.0322076, 0.206541, 0.5671, 0.783722, 0.253332, 0.678306, -0.618863, 0.396119, 0.467225, -0.0528027, -0.882561, -0.00126013, -0.000632202, -0.00190553, -9.21532e-05, 0.0069834, -0.00221679, -0.0868931, 0.0125074, -0.0213453, -2.63323, -0.274331, 3.135, -0.723568, -0.000282942, 0.00136738, -0.000633618, -0.000856658, 0.000162137, -0.00489341, 0.00059538
590510, 11.511, 0.0141296, -0.0669978, 0.111931, -0.236533, -0.367092, 0.72776, -0.532349, 0.362392, -0.0885623, 0.03408, 0.420225, 0.020385, 0.513348, -0.0322048, 0.206542, 0.567094, 0.783727, 0.253331, 0.67831, -0.618857, 0.39612, 0.467226, -0.0528003, -0.88256, 5.14846e-05, -0.000116102, 5.72256e-05, -0.00116491, 0.00015764, 0.00182823, -0.0868963, 0.0125059, -0.0213369, -2.63323, -0.274332, 3.135, -0.72357, -0.00137197, -2.51439e-05, 0.00113759, 0.000226987, -0.000299799, -0.000289255, -0.00208066
600668, 11.521, 0.01413, -0.0669967, 0.111932, -0.236533, -0.367095, 0.727759, -0.52814, 0.359962, -0.0887026, 0.034046, 0.420177, 0.020252, 0.513348, -0.0322037, 0.206543, 0.567094, 0.783726, 0.253334, 0.678308, -0.618858, 0.396121, 0.467228, -0.0527994, -0.882559, 0.00141228, -0.0003382, 0.00234997, -0.000172671, -0.0102777, 0.00207961, -0.0868881, 0.0125034, -0.0213426, -2.63323, -0.27433, 3.135, -0.723568, 0.000377289, -0.00157303, -0.00174526, 2.81417e-06, -0.000132395, 0.00900218, -0.00245691
610817, 11.531, 0.0141334, -0.0670001, 0.111933, -0.236536, -0.367097, 0.727756, -0.53661, 0.359911, -0.088653, 0.034054, 0.420279, 0.02025, 0.513351, -0.0322071, 0.206544, 0.567096, 0.783724, 0.253335, 0.678304, -0.618861, 0.396125, 0.467232, -0.0528026, -0.882557, 0.000617811, -0.000293752, 0.000194113, -0.000501671, -0.00110476, 0.000663312, -0.0868941, 0.0125095, -0.0213424, -2.63322, -0.27433, 3.135, -0.72357, 0.00036239, 0.00115447, -0.000835888, 0.00149772, 0.000302439, 0.000843202, -0.00146558
620959, 11.541, 0.0141353, -0.0669989, 0.111936, -0.236538, -0.367107, 0.727753, -0.536612, 0.35991, -0.0886543, 0.034054, 0.420279, 0.02025, 0.513353, -0.0322059, 0.206547, 0.567092, 0.783724, 0.253344, 0.678299, -0.618861, 0.396132, 0.467243, -0.0528002, -0.882551, 0.0027324, 0.00048639, 0.00320909, 0.00132677, -0.013032, 0.000990239, -0.086898, 0.0125064, -0.0213368, -2.63322, -0.27433, 3.13501, -0.723567, -0.00130041, -0.000572404, 0.00177667, 0.00294648, 0.000167233, 0.00965411, 0.000664455
631111, 11.552, 0.0141293, -0.0669974, 0.111929, -0.23653, -0.367092, 0.727756, -0.532425, 0.362453, -0.0962019, 0.03408, 0.420734, 0.020385, 0.513347, -0.0322044, 0.20654, 0.5671, 0.783722, 0.253334, 0.678307, -0.618864, 0.396116, 0.467223, -0.0527993, -0.882561, -1.70385e-05, -0.00040338, -7.61058e-05, 0.000436429, 3.9584e-05, -0.00157801, -0.0868883, 0.0125092, -0.0213432, -2.63323, -0.274326, 3.135, -0.723566, 9.78075e-05, 0.000222096, -0.000885352, 5.77e-05, 8.11626e-06, 7.87417e-05, 0.000899179
641254, 11.562, 0.0141336, -0.0669974, 0.111933, -0.236534, -0.367098, 0.727756, -0.532443, 0.362392, -0.0885929, 0.033859, 0.420607, 0.020383, 0.513352, -0.0322044, 0.206544, 0.567095, 0.783724, 0.253337, 0.678305, -0.618861, 0.396123, 0.467232, -0.0527996, -0.882557, -0.000123272, -0.00051703, -0.000248079, -0.000111781, 0.000732995, -0.000837215, -0.0868906, 0.0125099, -0.0213397, -2.63322, -0.274325, 3.135, -0.723569, -0.000361831, 0.000370496, -0.000593778, 8.81598e-06, 0.000163827, -0.000368308, -0.00035126
651394, 11.572, 0.014133, -0.0669961, 0.11193, -0.236531, -0.367094, 0.72776, -0.532428, 0.357462, -0.0964524, 0.033797, 0.420361, 0.020117, 0.513351, -0.0322031, 0.206541, 0.567093, 0.783727, 0.253334, 0.67831, -0.618858, 0.39612, 0.467227, -0.0527982, -0.882559, 0.000426288, 0.000668743, 5.56977e-05, -0.000556451, 4.90505e-05, 0.002226, -0.0868906, 0.0125149, -0.0213376, -2.63322, -0.274326, 3.135, -0.723571, 0.00023829, 0.000759152, 0.00121438, 0.00123153, 0.000104144, -0.000476626, -0.00104951
661534, 11.582, 0.0141286, -0.0669962, 0.111926, -0.236529, -0.367086, 0.727765, -0.528166, 0.359944, -0.0963613, 0.033824, 0.420308, 0.020252, 0.513347, -0.0322032, 0.206537, 0.567091, 0.783731, 0.253326, 0.678317, -0.618853, 0.396115, 0.467218, -0.0527981, -0.882564, -0.000411453, -0.000141999, -0.0011156, -0.000314552, 0.0026964, 0.000396732, -0.0868899, 0.0125149, -0.0213399, -2.63323, -0.27433, 3.135, -0.723575, -0.000261205, 0.00178391, -6.32301e-08, -0.000184431, 8.34529e-05, -0.000703166, -0.000931676
671719, 11.592, 0.0141288, -0.0669979, 0.111927, -0.236529, -0.36709, 0.727755, -0.536638, 0.359894, -0.0963016, 0.033831, 0.420409, 0.02025, 0.513347, -0.0322049, 0.206538, 0.567102, 0.78372, 0.253332, 0.678307, -0.618865, 0.396113, 0.46722, -0.0527995, -0.882563, -0.00015329, -0.000899014, -0.00041179, 0.000457801, 0.000752688, -0.00248932, -0.0868899, 0.0125124, -0.0213425, -2.63323, -0.274326, 3.135, -0.723565, -0.000592637, 0.000809978, -0.00114217, 3.93104e-06, 0.000184184, 6.66917e-06, 0.000672427
681870, 11.602, 0.0141325, -0.0669943, 0.111928, -0.236529, -0.36709, 0.727765, -0.532441, 0.362393, -0.0885919, 0.033859, 0.420607, 0.020383, 0.51335, -0.0322013, 0.206539, 0.567089, 0.783731, 0.253329, 0.678316, -0.618852, 0.396118, 0.467223, -0.0527965, -0.882562, -0.000192246, 0.00102374, -0.00105312, 0.000279371, 0.00205119, 0.00180482, -0.0868856, 0.0125198, -0.0213397, -2.63322, -0.27433, 3.135, -0.723572, 0.000878633, 0.00205034, 0.00110261, 9.44128e-06, 0.000186148, -2.98183e-05, 9.92613e-06
692010, 11.612, 0.0141285, -0.0669973, 0.111926, -0.236529, -0.367086, 0.727762, -0.532426, 0.357464, -0.0964514, 0.033797, 0.420361, 0.020117, 0.513347, -0.0322043, 0.206537, 0.567096, 0.783727, 0.253327, 0.678314, -0.618857, 0.396114, 0.467218, -0.0527992, -0.882564, -7.83648e-05, -0.000148195, -0.000246531, -7.06693e-06, 0.000478573, -0.000229731, -0.0868874, 0.0125148, -0.0213446, -2.63323, -0.27433, 3.135, -0.723571, 0.000431385, 0.000460509, -0.000741051, -2.53152e-05, -6.10434e-05, 1.09942e-05, -2.80685e-05
702163, 11.622, 0.0141285, -0.0669966, 0.111926, -0.236527, -0.367088, 0.727757, -0.532427, 0.357465, -0.0964513, 0.033797, 0.420361, 0.020117, 0.513347, -0.0322036, 0.206537, 0.567101, 0.783722, 0.253331, 0.67831, -0.618864, 0.396111, 0.467218, -0.052798, -0.882564, -0.000498537, -0.000843894, -0.000452456, -0.000378056, -0.000372428, -0.000336731, -0.0868874, 0.0125103, -0.0213445, -2.63323, -0.274325, 3.135, -0.723571, -0.000633919, -0.00174155, -0.000478523, -0.00147012, 0.000189166, 0.000147517, -0.00104627
712380, 11.633, 0.0141333, -0.0669952, 0.111931, -0.236532, -0.367096, 0.72776, -0.532428, 0.357462, -0.0964526, 0.033797, 0.420361, 0.020117, 0.513351, -0.0322022, 0.206542, 0.567092, 0.783727, 0.253335, 0.678309, -0.618857, 0.396121, 0.467229, -0.0527977, -0.882558, 0.000157057, 0.000595223, 0.000189833, 0.00428973, -0.000772524, -0.00712974, -0.0868849, 0.0125128, -0.0213417, -2.63322, -0.274328, 3.135, -0.723568, 0.000944863, -0.000206494, 0.000207188, 0.000294327, -0.000341096, -0.000223958, 0.00969108
722553, 11.643, 0.0141331, -0.0669935, 0.11193, -0.23653, -0.367094, 0.727761, -0.536702, 0.359913, -0.0886823, 0.033832, 0.420661, 0.020248, 0.513351, -0.0322005, 0.206541, 0.567091, 0.783728, 0.253334, 0.678311, -0.618857, 0.396119, 0.467227, -0.0527959, -0.88256, 0.000277905, 0.00300801, 2.62616e-05, 4.88795e-05, -3.73874e-05, 0.0057345, -0.0868842, 0.0125156, -0.0213391, -2.63322, -0.274327, 3.135, -0.723567, 0.00448251, 0.000144342, 0.00138803, 0.000280808, -9.98898e-05, -0.000108767, 0.000237744
732718, 11.653, 0.0141335, -0.0669931, 0.111931, -0.23653, -0.367096, 0.72776, -0.53661, 0.359912, -0.0886526, 0.034054, 0.420279, 0.02025, 0.513351, -0.0322001, 0.206542, 0.567091, 0.783728, 0.253336, 0.67831, -0.618857, 0.396121, 0.467229, -0.0527957, -0.882558, -0.000246385, 0.000748831, -3.42015e-05, 0.000754208, -0.000135778, 0.000197042, -0.0868817, 0.0125128, -0.0213407, -2.63322, -0.274327, 3.135, -0.723566, 0.000935236, -0.000592904, 0.000406207, -0.000972288, -1.55003e-05, 0.000447102, 0.00137723
742867, 11.663, 0.0141291, -0.0669918, 0.111927, -0.236526, -0.367089, 0.727765, -0.52815, 0.360004, -0.103962, 0.034045, 0.420435, 0.020253, 0.513347, -0.0321988, 0.206538, 0.56709, 0.78373, 0.25333, 0.678317, -0.618853, 0.396114, 0.467221, -0.0527943, -0.882563, -0.000185684, 0.000595298, 7.50689e-05, 0.000550397, -0.000169109, 0.000123457, -0.0868818, 0.0125128, -0.0213396, -2.63323, -0.274331, 3.135, -0.723566, 0.000860004, -0.000727638, 0.00021478, -0.000750818, -0.000116599, 0.00013469, 0.00121358
753014, 11.673, 0.0141277, -0.0669943, 0.111922, -0.236523, -0.367083, 0.727761, -0.532376, 0.362366, -0.0962105, 0.033858, 0.420356, 0.020385, 0.513346, -0.0322013, 0.206533, 0.5671, 0.783724, 0.253327, 0.678315, -0.618861, 0.396105, 0.467212, -0.0527955, -0.882568, -0.000435611, -0.000260491, -0.00142388, 0.00080547, 0.00251821, -0.00150022, -0.0868867, 0.012523, -0.021339, -2.63323, -0.274326, 3.135, -0.723565, -0.0010247, 0.00263556, 0.000404108, -0.000306363, 1.22146e-05, 0.000362414, 0.0010374
763174, 11.684, 0.0141335, -0.0669912, 0.111931, -0.23653, -0.367095, 0.727766, -0.536674, 0.359942, -0.0810226, 0.034054, 0.420531, 0.020249, 0.513352, -0.0321982, 0.206542, 0.567084, 0.783733, 0.253334, 0.678316, -0.61885, 0.396122, 0.467229, -0.052794, -0.882559, 0.000933893, 0.000780898, 0.00156784, -0.00197706, -0.00337199, 0.0050612, -0.0868817, 0.0125132, -0.0213371, -2.63322, -0.274328, 3.135, -0.72357, 0.00106764, -0.00177285, 0.000618122, 0.00133332, 0.000266912, 0.000486471, -0.00401907
773333, 11.694, 0.014128, -0.0669936, 0.111923, -0.236524, -0.367083, 0.727765, -0.532462, 0.357525, -0.0811607, 0.03402, 0.420483, 0.020116, 0.513346, -0.0322006, 0.206534, 0.567095, 0.783728, 0.253326, 0.678318, -0.618856, 0.396108, 0.467213, -0.0527949, -0.882567, -0.00208218, 0.000490011, -0.00259796, -2.21762e-05, 0.00595977, 0.0016752, -0.0868846, 0.0125213, -0.0213396, -2.63323, -0.274325, 3.135, -0.723571, 0.000595229, 0.00139035, 6.3658e-08, -0.00433318, 0.000334732, -0.000203793, -0.00158833
783482, 11.704, 0.0141324, -0.0669931, 0.111927, -0.236527, -0.36709, 0.727763, -0.536637, 0.359894, -0.0963017, 0.033831, 0.420409, 0.02025, 0.51335, -0.0322001, 0.206538, 0.567092, 0.783729, 0.253331, 0.678315, -0.618856, 0.396115, 0.467222, -0.0527952, -0.882562, 0.000742515, 0.000516158, 0.000571488, -0.000114851, -0.00166945, 0.00118453, -0.0868819, 0.0125213, -0.0213407, -2.63322, -0.274327, 3.135, -0.723568, 0.000640629, 0.000343908, 0.000412879, 0.00157621, -0.000317039, 0.000456501, 0.000234749
793629, 11.714, 0.0141326, -0.0669943, 0.111928, -0.236528, -0.367092, 0.72776, -0.536684, 0.359983, -0.096292, 0.034054, 0.420788, 0.02025, 0.513351, -0.0322013, 0.206539, 0.567094, 0.783726, 0.253333, 0.678312, -0.618858, 0.396116, 0.467224, -0.0527962, -0.882561, 0.000269371, -0.00326111, 0.000771029, -0.000313074, -0.00156568, -0.00592831, -0.0868842, 0.0125191, -0.0213403, -2.63322, -0.274325, 3.135, -0.723568, -0.00631789, -0.000809268, 0.000122702, 0.000849289, 0.000338801, -6.93685e-05, -0.00064995
