timestamp, robot_time[1], robot_ee_pos_error[3], robot_ee_ori_error[3], sensed_forces_moments[6], robot_ee_position[3], robot_ee_orientation[9], robot_ee_linear_velocity[3], robot_ee_angular_velocity[3], joint_angles[7], joint_velocities[7], 
10267, 10.0118, 0.00418575, 0.0442434, 0.0814829, 0.443841, 0.121811, -0.252905, 8.88386e-05, -0.000111726, 0.00765789, 0.036319, 0.420646, 0.029925, 0.503404, 0.0790364, 0.176094, 0.956988, -0.223823, -0.184603, -0.284239, -0.850846, -0.441892, -0.058163, 0.475357, -0.877869, -0.000462017, 0.000245018, -0.000350927, 0.000734367, 0.00148127, 0.000255896, 0.760231, 0.232898, -0.743159, -2.28151, 0.84795, 2.19581, -0.303342, -0.00233895, -0.000203459, 0.0026932, -0.000660896, -0.000178242, -0.00052793, 0.000287127
20555, 10.0218, 0.00418633, 0.0442409, 0.0814833, 0.443841, 0.121809, -0.25291, -0.00409437, -0.00256171, 0.000267922, 0.036514, 0.420824, 0.030195, 0.503404, 0.0790339, 0.176094, 0.956986, -0.223828, -0.184602, -0.284243, -0.850845, -0.441892, -0.0581595, 0.475357, -0.877869, -1.54816e-05, 0.000912121, -4.68325e-05, 0.000183297, 0.00102524, -0.000195276, 0.760231, 0.232898, -0.743164, -2.28151, 0.847951, 2.19581, -0.303342, -0.000140692, 0.000186267, 0.00185405, 0.00040926, 0.000143002, -3.39383e-05, 0.00207974
30826, 10.0318, 0.00418594, 0.0442417, 0.0814825, 0.44384, 0.12181, -0.252906, -0.00410342, 0.00237806, 0.000188051, 0.036575, 0.42082, 0.03006, 0.503404, 0.0790347, 0.176093, 0.956988, -0.223824, -0.184602, -0.28424, -0.850847, -0.441891, -0.0581617, 0.475355, -0.877869, -0.000289049, 0.000698405, -0.00029212, 2.56463e-05, 0.000324781, 0.00182047, 0.760233, 0.2329, -0.743164, -2.28151, 0.847951, 2.19581, -0.303345, 0.000214844, 0.000223537, 0.00126332, -0.000318434, 1.89582e-05, 0.000118695, -0.000551477
41090, 10.0418, 0.00418612, 0.0442413, 0.0814832, 0.44384, 0.12181, -0.252907, 0.000106515, -4.19232e-05, 4.80564e-05, 0.03654, 0.420773, 0.029927, 0.503405, 0.0790329, 0.176096, 0.956988, -0.223826, -0.184598, -0.28424, -0.850846, -0.441893, -0.0581574, 0.475356, -0.877869, 0.000924026, -0.000760375, 0.000567366, -1.27509e-05, -0.00180843, -0.00151834, 0.760234, 0.232895, -0.743169, -2.28151, 0.847948, 2.19581, -0.303344, -0.00130758, 0.000285371, -0.000421253, 0.00175872, 0.000356309, 7.35694e-05, -0.000254602
51402, 10.0528, 0.00418522, 0.0442433, 0.0814812, 0.443837, 0.121813, -0.252901, -0.00412117, 0.00231744, 0.00779831, 0.036353, 0.420694, 0.030058, 0.503403, 0.0790363, 0.176092, 0.956988, -0.223819, -0.184603, -0.284236, -0.850849, -0.441888, -0.058166, 0.475353, -0.87787, 7.20885e-05, 0.00015217, -0.000339956, -0.000817072, 2.31852e-05, 0.00125218, 0.760237, 0.232903, -0.743164, -2.28151, 0.84795, 2.19581, -0.303346, 0.000526134, 0.00134994, -3.90285e-05, 0.000607005, 5.08027e-05, -4.12514e-05, -0.000789296
61714, 10.0628, 0.00418461, 0.0442464, 0.0814808, 0.443838, 0.121816, -0.252898, -0.00412071, 0.00231748, 0.00779819, 0.036353, 0.420694, 0.030058, 0.503403, 0.0790394, 0.176092, 0.956989, -0.223815, -0.184605, -0.284233, -0.85085, -0.441889, -0.0581696, 0.475353, -0.87787, -0.000224848, 0.00103711, -0.000677991, -0.00129258, 0.000717266, 0.00254361, 0.760237, 0.232903, -0.743158, -2.28151, 0.84795, 2.19581, -0.303344, 0.0012268, 0.00161864, 0.00129094, 0.000238477, -0.000172387, 0.000531562, -9.87666e-05
71935, 10.0728, 0.00418644, 0.0442423, 0.0814844, 0.443844, 0.121809, -0.252909, 0.000115498, -0.00498115, 0.000127669, 0.03648, 0.420776, 0.030062, 0.503404, 0.0790353, 0.176095, 0.956987, -0.223827, -0.184601, -0.284242, -0.850844, -0.441895, -0.0581589, 0.475359, -0.877868, 0.0013002, -0.00511163, 0.000980851, 0.000455188, -0.001405, -0.0107441, 0.76023, 0.232895, -0.743161, -2.28151, 0.847951, 2.19581, -0.303341, -0.00925655, -0.00157354, -0.00121678, 0.000738555, -0.000677944, -8.71167e-05, 0.00110327
82119, 10.0838, 0.00418621, 0.0442432, 0.0814841, 0.443843, 0.121809, -0.252906, 0.000106434, -4.13276e-05, 4.77735e-05, 0.03654, 0.420773, 0.029927, 0.503404, 0.0790362, 0.176095, 0.956988, -0.223824, -0.184601, -0.28424, -0.850845, -0.441894, -0.0581603, 0.475358, -0.877868, -0.00112819, -0.00024588, -0.000683523, 0.000404414, 0.00229243, -0.00109918, 0.760234, 0.232896, -0.743163, -2.28151, 0.847951, 2.19581, -0.303342, -0.000515079, -0.000957269, 0.000305798, -0.00291001, -9.77568e-05, 0.000230063, 0.000475603
92379, 10.0938, 0.00418514, 0.0442451, 0.0814818, 0.443839, 0.121814, -0.252902, 6.2118e-05, -0.000132307, -1.87752e-06, 0.036096, 0.420776, 0.029925, 0.503403, 0.0790381, 0.176093, 0.956988, -0.223819, -0.184604, -0.284236, -0.850849, -0.44189, -0.0581665, 0.475354, -0.87787, -0.000226256, 0.00156478, 0.00011472, 0.00119769, 0.00134927, -0.00108142, 0.760237, 0.232901, -0.743161, -2.28151, 0.84795, 2.19581, -0.303342, 0.00213781, -0.000520017, 0.000643606, -0.000335183, 0.00145354, 1.37868e-05, 0.00305079
102769, 10.1038, 0.00418565, 0.0442438, 0.081483, 0.443841, 0.12181, -0.252899, 0.000106244, -4.16909e-05, 4.79964e-05, 0.03654, 0.420773, 0.029927, 0.503404, 0.0790368, 0.176094, 0.956989, -0.223817, -0.1846, -0.284233, -0.850848, -0.441892, -0.0581636, 0.475356, -0.877869, -0.000119011, 0.000532991, 0.00029745, 0.000734213, -0.000768665, 0.00139292, 0.760234, 0.232898, -0.743161, -2.28151, 0.847949, 2.19581, -0.303347, 7.81072e-05, -0.00126573, 0.000869551, -0.000463709, -0.000222674, 0.000285168, -0.000541834
113000, 10.1138, 0.00418526, 0.0442446, 0.0814819, 0.443839, 0.121812, -0.252897, 0.000106335, -4.20588e-05, 4.81625e-05, 0.03654, 0.420773, 0.029927, 0.503403, 0.0790376, 0.176093, 0.95699, -0.223814, -0.1846, -0.28423, -0.85085, -0.441891, -0.0581658, 0.475354, -0.87787, -0.000116827, 0.00371099, 0.000365399, 0.00029513, -0.0038629, 0.0130887, 0.760238, 0.232901, -0.743163, -2.28151, 0.84795, 2.19581, -0.303349, 0.00691687, 5.37328e-05, 0.000309323, 0.00115702, -0.000291636, -0.000129634, -0.00617405
123218, 10.1238, 0.00418566, 0.0442408, 0.0814813, 0.443837, 0.121811, -0.252906, 8.84646e-05, -0.00501337, -0.00753141, 0.036258, 0.420906, 0.030062, 0.503401, 0.0790347, 0.176089, 0.956985, -0.22383, -0.184605, -0.284247, -0.850848, -0.441885, -0.0581638, 0.475351, -0.877872, -0.000526451, 8.71108e-05, -0.000381913, 0.000410664, 0.00126152, -0.0013795, 0.760234, 0.232901, -0.743161, -2.28152, 0.847952, 2.19582, -0.303341, -0.000185691, -0.000402131, 0.00049501, -0.00151046, 0.000655503, 0.000486594, 0.00086651
133442, 10.1348, 0.00418165, 0.0442422, 0.0814798, 0.44384, 0.121817, -0.252904, 0.00436707, 0.00242781, 0.000137865, 0.036567, 0.420719, 0.030062, 0.5034, 0.0790352, 0.176091, 0.956987, -0.223821, -0.184608, -0.28424, -0.850847, -0.44189, -0.0581691, 0.475356, -0.877868, -0.000425404, -0.000315578, 0.000168212, 0.00113544, -0.000584276, 0.000323485, 0.760237, 0.232898, -0.743166, -2.28152, 0.847951, 2.19581, -0.303348, 0.000353159, -0.00160184, -0.0011134, -0.0016114, 0.000259316, -3.17978e-06, -0.00171113
143665, 10.1448, 0.00418542, 0.0442437, 0.0814818, 0.443839, 0.121813, -0.252905, -0.00410283, 0.00237784, 0.000188035, 0.036575, 0.42082, 0.03006, 0.503403, 0.0790367, 0.176093, 0.956987, -0.223823, -0.184604, -0.28424, -0.850847, -0.44189, -0.0581648, 0.475355, -0.877869, 7.73802e-05, -0.00178297, -0.000259731, -0.000181305, 0.000614171, -0.00379454, 0.760233, 0.232901, -0.74316, -2.28151, 0.847951, 2.19581, -0.303342, -0.00301653, 0.000347456, -0.000417975, -0.000418714, 0.000251083, 2.22163e-05, 0.000120826
153988, 10.1548, 0.00418511, 0.044244, 0.0814809, 0.443838, 0.121815, -0.252907, -0.00409339, -0.0025626, 0.000268164, 0.036514, 0.420824, 0.030195, 0.503403, 0.079037, 0.176092, 0.956987, -0.223824, -0.184606, -0.284241, -0.850848, -0.441888, -0.0581665, 0.475354, -0.87787, -0.00040371, 6.27887e-06, -0.000546747, -0.000312938, 0.00202482, -0.00141115, 0.760234, 0.232903, -0.74316, -2.28151, 0.847951, 2.19581, -0.30334, -8.24374e-05, 0.000703759, 0.000249983, -0.000665277, 0.000239508, -0.000155353, 0.00152884
164318, 10.1658, 0.00418638, 0.0442462, 0.0814817, 0.443835, 0.121806, -0.252896, 8.69469e-05, -0.000112795, 0.00765882, 0.036319, 0.420646, 0.029925, 0.503404, 0.0790392, 0.176093, 0.956991, -0.223815, -0.184594, -0.284228, -0.850853, -0.441887, -0.0581615, 0.475349, -0.877873, -0.000251335, 0.000467595, -7.43277e-05, 0.000482228, -0.00101874, 0.00240489, 0.760239, 0.232901, -0.743158, -2.28151, 0.847949, 2.19582, -0.303346, 0.00033419, -0.000532268, 0.000661806, -0.000746274, 0.000292321, 0.000518145, -0.00222862
174729, 10.1758, 0.00418527, 0.0442417, 0.0814803, 0.443836, 0.121814, -0.252909, 0.00433853, 0.00240706, -0.00752165, 0.036345, 0.420849, 0.030062, 0.503403, 0.0790347, 0.176091, 0.956986, -0.223826, -0.184606, -0.284243, -0.850848, -0.441887, -0.0581655, 0.475352, -0.877871, 9.19277e-05, -0.000919817, -9.64658e-05, -0.000165531, 0.000908956, -0.00285008, 0.760233, 0.232905, -0.743163, -2.28151, 0.847951, 2.19581, -0.303342, -0.00109049, 0.00040583, -0.000764315, 5.36554e-05, 0.000179418, -0.000346634, 0.00115548
184958, 10.1858, 0.00418571, 0.0442427, 0.081482, 0.44384, 0.121812, -0.252907, 0.000106953, -4.20509e-05, 4.80284e-05, 0.03654, 0.420773, 0.029927, 0.503404, 0.0790357, 0.176093, 0.956987, -0.223825, -0.184603, -0.284241, -0.850847, -0.441891, -0.058163, 0.475355, -0.877869, 0.000214808, 0.000922097, 0.000280584, 0.00478188, 0.00010628, -0.00590353, 0.760234, 0.232901, -0.743163, -2.28151, 0.847952, 2.19581, -0.303343, 7.15198e-05, -0.000520858, 0.000520941, -0.000547607, 0.00695732, 2.40229e-05, 0.00122484
195162, 10.1958, 0.00418654, 0.0442393, 0.0814834, 0.443841, 0.121807, -0.252908, -0.00412196, 0.00231833, 0.00779803, 0.036353, 0.420694, 0.030058, 0.503405, 0.0790323, 0.176094, 0.956987, -0.223826, -0.184599, -0.28424, -0.850846, -0.441892, -0.0581583, 0.475356, -0.877869, -0.000562123, 0.000450357, -0.000217795, 0.000877583, 0.000420897, 0.00139865, 0.76023, 0.232898, -0.743166, -2.28151, 0.84795, 2.19581, -0.303347, 7.11696e-05, -0.000663762, 0.000749177, -0.00125029, 0.000298776, -0.000139868, -0.00110568
205339, 10.2068, 0.00418681, 0.0442373, 0.081483, 0.443841, 0.121808, -0.252916, -0.00410343, 0.00237811, 0.000188027, 0.036575, 0.42082, 0.03006, 0.503405, 0.0790303, 0.176094, 0.956985, -0.223834, -0.184601, -0.284249, -0.850844, -0.441891, -0.0581566, 0.475356, -0.877869, 0.000980966, -0.000496034, 0.000957581, 0.000656397, -0.00153626, -0.00240277, 0.760226, 0.232899, -0.743166, -2.28151, 0.847951, 2.19581, -0.303343, -0.00186473, -0.000745453, 0.000405766, 0.00183848, 4.79538e-05, -0.000125662, 0.00140044
215501, 10.2168, 0.00418138, 0.0442433, 0.0814795, 0.44384, 0.121819, -0.252904, 0.000108381, -4.21244e-05, 4.77652e-05, 0.03654, 0.420773, 0.029927, 0.503399, 0.0790363, 0.17609, 0.956987, -0.22382, -0.18461, -0.28424, -0.850847, -0.44189, -0.0581707, 0.475357, -0.877868, -0.000581958, 0.000457211, 0.00018346, 0.00183041, -0.00169094, 0.0042802, 0.760234, 0.232898, -0.743161, -2.28152, 0.847951, 2.19581, -0.303347, 0.00042833, -0.0018392, 0.000182315, -0.00159073, 0.000231603, -0.00030289, -0.00454363
225659, 10.2268, 0.0041852, 0.0442392, 0.0814788, 0.443834, 0.121813, -0.252907, 0.00011619, -0.00498343, 0.000128671, 0.03648, 0.420776, 0.030062, 0.503403, 0.0790322, 0.17609, 0.956987, -0.223825, -0.184604, -0.284241, -0.85085, -0.441885, -0.0581658, 0.47535, -0.877872, -0.000191465, -0.000126659, -0.000690656, -0.000940879, 0.000513765, 0.00154873, 0.760232, 0.232909, -0.743166, -2.28151, 0.847951, 2.19581, -0.303349, 0.000892548, 0.00191601, -0.000888936, 0.000122813, 0.000317959, -0.000386618, -0.00182601
235817, 10.2368, 0.00418389, 0.044244, 0.081477, 0.443832, 0.12182, -0.252902, -0.0041018, 0.00237609, 0.000188704, 0.036575, 0.42082, 0.03006, 0.503402, 0.079037, 0.176088, 0.956988, -0.223818, -0.184609, -0.284237, -0.850852, -0.441882, -0.0581735, 0.475349, -0.877872, 0.000391834, 0.000138559, -0.000180716, -0.000616657, 2.48448e-05, 0.000240635, 0.760234, 0.232912, -0.743158, -2.28151, 0.847951, 2.19581, -0.303346, -0.000349153, 0.00160333, 0.000628979, 0.00142887, 0.000340078, -0.000228643, 7.91628e-05
245971, 10.2468, 0.00418405, 0.0442453, 0.0814784, 0.443833, 0.121818, -0.252898, -0.00403926, 0.00234645, -0.00744138, 0.036574, 0.420569, 0.030061, 0.503402, 0.0790383, 0.176089, 0.956989, -0.223815, -0.184607, -0.284234, -0.850852, -0.441884, -0.0581727, 0.475349, -0.877872, -0.000334739, -0.00117508, -0.000660656, -9.27428e-05, -0.000237278, 2.84323e-05, 0.76024, 0.232906, -0.74316, -2.28151, 0.847951, 2.19582, -0.30335, 0.000712143, -0.000211463, -0.00106739, -0.000554689, 5.46172e-05, 0.000206367, -0.000636578
256128, 10.2578, 0.00418401, 0.0442495, 0.0814802, 0.443838, 0.121818, -0.252894, 0.000128551, 0.0048275, -0.00738187, 0.036379, 0.420897, 0.030195, 0.503402, 0.0790425, 0.176091, 0.95699, -0.22381, -0.184606, -0.284229, -0.850851, -0.441889, -0.058173, 0.475353, -0.87787, -0.000362863, 0.000192941, -0.000144176, -0.00073947, 0.000587011, 0.00255134, 0.76024, 0.232904, -0.743155, -2.28151, 0.847951, 2.19581, -0.303344, -0.000631517, -0.000320037, 0.00122501, -0.000272113, -0.00215927, -0.000365865, -0.000285418
266282, 10.2678, 0.00418455, 0.0442458, 0.0814803, 0.443837, 0.121816, -0.252898, 0.00433836, 0.00240737, -0.00752176, 0.036345, 0.420849, 0.030062, 0.503403, 0.0790388, 0.176091, 0.956989, -0.223815, -0.184605, -0.284233, -0.85085, -0.441888, -0.0581699, 0.475353, -0.87787, 0.000500225, -0.00115711, 0.00033985, -0.000339081, -0.00152078, -0.00148226, 0.760235, 0.232904, -0.743157, -2.28151, 0.84795, 2.19581, -0.303345, -0.0011026, -0.000248439, -0.0011187, 0.000441724, -0.000167777, 0.000494467, -0.000789416
276437, 10.2778, 0.00418467, 0.044244, 0.0814798, 0.443835, 0.121816, -0.252904, -0.00412032, 0.00231678, 0.00779846, 0.036353, 0.420694, 0.030058, 0.503403, 0.079037, 0.176091, 0.956987, -0.223821, -0.184606, -0.284239, -0.85085, -0.441886, -0.0581691, 0.475351, -0.877871, 0.000228861, -0.00157922, -0.000203377, -0.00125001, 4.37753e-05, -0.00300599, 0.760237, 0.232906, -0.743162, -2.28151, 0.84795, 2.19581, -0.303342, -0.000867917, 0.000717315, -0.00187522, -7.44344e-05, -0.000189617, 0.000542923, 0.000282076
286591, 10.2878, 0.00418447, 0.0442451, 0.0814796, 0.443835, 0.121818, -0.252906, 9.0168e-05, -0.000113345, 0.00765842, 0.036319, 0.420646, 0.029925, 0.503402, 0.0790381, 0.176091, 0.956987, -0.223822, -0.184609, -0.284241, -0.850849, -0.441885, -0.0581703, 0.475351, -0.877871, -0.000178367, -0.00137479, -0.000397543, -0.000633603, 0.00299535, -0.00621311, 0.760237, 0.232906, -0.74316, -2.28151, 0.84795, 2.19581, -0.303338, -0.00241916, 0.000283226, -0.000101682, -0.000753763, -0.000237145, -3.19868e-06, 0.00428258
296743, 10.2978, 0.00418386, 0.0442482, 0.0814792, 0.443836, 0.121819, -0.252894, -0.00412027, 0.00231708, 0.0077983, 0.036353, 0.420694, 0.030058, 0.503402, 0.0790412, 0.17609, 0.95699, -0.223811, -0.184607, -0.28423, -0.850852, -0.441887, -0.0581739, 0.475352, -0.87787, 2.76579e-05, 0.000374241, -3.39057e-06, 2.63022e-05, -0.000255604, 0.000979796, 0.760237, 0.232906, -0.743154, -2.28151, 0.84795, 2.19581, -0.303345, -0.000371612, -6.51717e-06, 0.00113147, 0.000197719, -0.000124703, 0.000191705, -0.000221746
306903, 10.3078, 0.00418408, 0.0442471, 0.0814794, 0.443836, 0.121818, -0.252896, 0.000107598, -4.29878e-05, 4.83644e-05, 0.03654, 0.420773, 0.029927, 0.503402, 0.0790401, 0.17609, 0.956989, -0.223813, -0.184606, -0.284231, -0.850852, -0.441887, -0.0581726, 0.475352, -0.877871, 0.000274591, -0.000179032, -1.36369e-05, -0.000569682, -0.000819826, 0.000579479, 0.760238, 0.232906, -0.743157, -2.28151, 0.84795, 2.19581, -0.303345, -0.000160526, 0.000587039, -5.78337e-05, 0.000624608, -8.64426e-05, 0.000302574, -0.000847099
317090, 10.3178, 0.00418445, 0.0442457, 0.0814797, 0.443836, 0.121817, -0.252902, 0.00010778, -4.30495e-05, 4.83574e-05, 0.03654, 0.420773, 0.029927, 0.503402, 0.0790387, 0.176091, 0.956988, -0.223819, -0.184607, -0.284237, -0.85085, -0.441886, -0.0581703, 0.475352, -0.877871, -0.000270446, 0.000196798, 0.000260906, -0.00329601, 0.000337158, 0.00503189, 0.760237, 0.232901, -0.74315, -2.28151, 0.847951, 2.19581, -0.303341, -0.000435136, -0.00130685, 0.00166221, 0.000306688, -0.0067879, 0.00011885, 0.00152373
327322, 10.3288, 0.0041839, 0.0442471, 0.0814788, 0.443836, 0.121818, -0.252894, -0.00413045, 0.00235702, -0.00747163, 0.036352, 0.420951, 0.030059, 0.503402, 0.0790401, 0.17609, 0.95699, -0.22381, -0.184606, -0.284229, -0.850853, -0.441887, -0.0581736, 0.475351, -0.877871, -0.000441998, 0.000271804, -0.00039574, -0.000329962, -4.96121e-05, 0.00227392, 0.760235, 0.232907, -0.743154, -2.28151, 0.84795, 2.19581, -0.303348, -0.000306882, -0.000119586, 0.00117869, -0.000959703, -0.000561506, 0.000560891, -0.00154996
337611, 10.3388, 0.00418397, 0.044247, 0.081479, 0.443835, 0.121818, -0.252895, 8.96204e-05, -0.000113125, 0.00765843, 0.036319, 0.420646, 0.029925, 0.503402, 0.07904, 0.17609, 0.956989, -0.223812, -0.184606, -0.284231, -0.850852, -0.441886, -0.0581732, 0.475351, -0.877871, -0.000162548, -0.000773101, -0.000490604, -0.000861484, 0.000753525, -0.000300295, 0.760238, 0.232907, -0.743157, -2.28151, 0.84795, 2.19581, -0.303346, -0.000742095, 0.00103144, -0.000535136, -0.000204566, -0.000370202, -0.000251328, -0.000705835
347784, 10.3488, 0.00417888, 0.0442499, 0.081475, 0.443834, 0.12183, -0.252896, 9.23924e-05, -0.000113851, 0.00765821, 0.036319, 0.420646, 0.029925, 0.503397, 0.0790429, 0.176086, 0.956987, -0.22381, -0.184618, -0.284235, -0.850853, -0.441883, -0.0581852, 0.475351, -0.87787, -0.00100059, -0.000237093, -0.00106942, -0.000673321, 0.00290975, -0.000466474, 0.760239, 0.232907, -0.743151, -2.28152, 0.84795, 2.19581, -0.303342, -1.04928e-05, 0.000831973, -3.09683e-05, -0.00194407, -0.000216552, -0.000227636, 0.000422666
357954, 10.3588, 0.00418422, 0.0442484, 0.0814803, 0.443838, 0.121817, -0.252895, 6.24651e-05, -0.000132543, -1.8315e-06, 0.036096, 0.420776, 0.029925, 0.503402, 0.0790414, 0.176091, 0.95699, -0.223812, -0.184605, -0.284231, -0.850851, -0.441889, -0.0581718, 0.475353, -0.87787, -0.000304934, 0.000330107, -0.000351959, -0.000849334, 0.00020508, 0.00152038, 0.76024, 0.232904, -0.743157, -2.28151, 0.847951, 2.19581, -0.303344, 0.00278964, 0.000683962, -0.00181428, -0.000519935, 1.78155e-05, 0.000205162, -0.000758695
368127, 10.3698, 0.00418303, 0.0442539, 0.0814795, 0.443837, 0.121822, -0.252886, 0.000116933, -0.00498276, 0.00012818, 0.03648, 0.420776, 0.030062, 0.503401, 0.0790469, 0.17609, 0.956992, -0.223802, -0.184608, -0.284222, -0.850854, -0.441888, -0.0581789, 0.475352, -0.87787, -9.48522e-05, 0.000814887, -0.000105393, -0.000615373, 0.00220022, -0.00222056, 0.760245, 0.232905, -0.743151, -2.28151, 0.84795, 2.19581, -0.303343, 0.00158981, 0.000360784, 0.000132122, 0.000155552, -9.06579e-05, 0.00012859, 0.00453974
378297, 10.3798, 0.00418345, 0.0442555, 0.0814818, 0.44384, 0.121819, -0.252884, 5.24775e-05, -0.00496186, 0.00774782, 0.036481, 0.421028, 0.030061, 0.503401, 0.0790485, 0.176093, 0.956992, -0.2238, -0.184606, -0.28422, -0.850853, -0.441892, -0.0581767, 0.475355, -0.877868, -1.21078e-05, 0.0010563, 0.000420162, 2.5494e-05, -0.000302944, 0.00162399, 0.760245, 0.232899, -0.743149, -2.28151, 0.847949, 2.19581, -0.303341, 0.0022134, -0.000889835, -0.000183695, 0.000177149, -0.000722781, 6.71147e-05, 0.00109997
388468, 10.3898, 0.00418288, 0.0442662, 0.0814803, 0.443837, 0.121819, -0.252864, 0.000115155, -0.00498233, 0.000128337, 0.03648, 0.420776, 0.030062, 0.503401, 0.0790592, 0.176091, 0.956998, -0.223781, -0.1846, -0.2842, -0.850861, -0.441889, -0.0581822, 0.475351, -0.877871, 0.000507789, 0.000520971, 0.000342939, -0.00027417, -0.000537332, 0.000246002, 0.760257, 0.232901, -0.743137, -2.28151, 0.84795, 2.19582, -0.303343, 0.000182114, 0.000311406, 0.00074243, 0.00145555, -0.000216877, 3.74238e-05, 0.00118204
398631, 10.3998, 0.00417901, 0.0442811, 0.0814801, 0.443843, 0.121835, -0.25284, 0.000117554, -0.00498097, 0.000127146, 0.03648, 0.420776, 0.030062, 0.503397, 0.0790741, 0.176091, 0.957003, -0.223753, -0.18461, -0.28418, -0.850864, -0.441896, -0.058203, 0.475358, -0.877865, -5.54042e-06, 0.00193523, 0.000197701, 0.000812692, 4.33339e-05, 0.00273939, 0.760268, 0.232899, -0.743122, -2.28151, 0.847951, 2.19581, -0.303342, 0.000942585, -0.000216805, 0.00259008, 0.000746776, 0.00022786, -0.000199422, 0.000841902
408792, 10.4098, 0.00417646, 0.0442937, 0.0814782, 0.443843, 0.121844, -0.252819, 4.54389e-05, -2.09945e-05, 0.00766697, 0.036541, 0.421024, 0.029925, 0.503394, 0.0790867, 0.176089, 0.957007, -0.223729, -0.184614, -0.284161, -0.850871, -0.441895, -0.0582181, 0.475357, -0.877864, -4.37426e-05, 0.000819801, -0.000258897, -0.000515641, 0.000690308, 0.00108887, 0.760278, 0.232901, -0.743107, -2.28151, 0.847951, 2.19581, -0.303342, 0.00108054, 0.000955619, 0.000643009, 0.000500289, 6.02536e-05, -4.6523e-05, 0.000759209
418957, 10.4198, 0.0041716, 0.0443162, 0.081474, 0.443842, 0.121862, -0.252779, 0.000120217, -0.0049811, 0.000126655, 0.03648, 0.420776, 0.030062, 0.50339, 0.0791092, 0.176085, 0.957016, -0.223684, -0.184622, -0.284126, -0.850883, -0.441895, -0.0582467, 0.475356, -0.877863, -0.000818784, 0.0029561, -0.00125718, -0.000456018, 0.0021031, 0.00627447, 0.760291, 0.232906, -0.743075, -2.28151, 0.847951, 2.19581, -0.303344, 0.000545006, 0.00214559, 0.00564223, 2.90433e-05, 0.000175161, 0.000109162, -0.000465686
429123, 10.4308, 0.00416116, 0.0443485, 0.0814678, 0.443846, 0.121892, -0.252725, -0.00413578, -0.00746047, 2.54947e-05, 0.036454, 0.42083, 0.029927, 0.503379, 0.0791415, 0.176079, 0.957027, -0.223624, -0.18464, -0.28408, -0.850896, -0.441898, -0.0582906, 0.475361, -0.877858, -0.000957252, 0.00360318, -0.00070821, 0.000461303, 0.000929876, 0.00819098, 0.760305, 0.232904, -0.743025, -2.28152, 0.84795, 2.19581, -0.303344, 0.00199966, 0.000353215, 0.00526735, -0.000554439, -0.000190764, 0.000196232, -0.00122916
439298, 10.4408, 0.00416059, 0.0443768, 0.0814694, 0.443854, 0.121902, -0.252677, -0.00835697, -8.82527e-05, 9.44172e-05, 0.036548, 0.420874, 0.029924, 0.503379, 0.0791698, 0.17608, 0.957039, -0.223572, -0.184639, -0.284035, -0.850906, -0.441908, -0.0583122, 0.475367, -0.877853, -0.000104398, 0.00294105, 0.00040927, 0.0012758, -0.000668618, 0.00620855, 0.760309, 0.232901, -0.742976, -2.28151, 0.84795, 2.19581, -0.303342, -0.000691145, -0.0012718, 0.00614701, 0.000911088, -0.00106657, -4.91609e-05, 6.38426e-05
449464, 10.4508, 0.00415331, 0.0444111, 0.0814634, 0.443854, 0.12193, -0.252618, 0.000117931, -3.81219e-05, 4.37418e-05, 0.03654, 0.420773, 0.029927, 0.503371, 0.0792041, 0.176074, 0.957052, -0.223507, -0.184652, -0.283983, -0.850924, -0.441908, -0.058355, 0.475367, -0.87785, -0.00132438, 0.00662478, -0.000755127, 0.00165245, 0.0015683, 0.0127972, 0.760324, 0.232907, -0.742923, -2.28151, 0.84795, 2.19581, -0.303343, 0.0013842, -0.000324695, 0.011653, -0.000281909, -0.000378526, 0.000486097, -8.87878e-06
459620, 10.4608, 0.00414831, 0.0444396, 0.0814618, 0.44386, 0.121947, -0.252568, -0.00409069, 0.0023834, 0.000182687, 0.036575, 0.42082, 0.03006, 0.503366, 0.0792326, 0.176073, 0.957063, -0.223453, -0.184658, -0.283938, -0.850935, -0.441915, -0.0583847, 0.475372, -0.877845, -0.000788664, 0.00261291, -0.000406054, 0.000780982, 0.00121387, 0.00543571, 0.760336, 0.232904, -0.74288, -2.28151, 0.84795, 2.19581, -0.303344, 0.00146478, -9.38923e-05, 0.00360735, -0.000522535, -0.000185212, -0.00041401, -0.000284056
469776, 10.4708, 0.00414386, 0.044464, 0.0814598, 0.443865, 0.121964, -0.252528, 0.000120959, -3.53651e-05, 4.17171e-05, 0.03654, 0.420773, 0.029927, 0.503362, 0.079257, 0.176071, 0.957072, -0.223408, -0.184665, -0.283903, -0.850944, -0.44192, -0.0584111, 0.475377, -0.877841, 0.000288167, 0.00196072, 0.000818683, -0.000217715, -0.00165032, 0.00479735, 0.760341, 0.232902, -0.742838, -2.28151, 0.84795, 2.19581, -0.303343, 0.00300731, -0.00111525, 0.00076247, 0.00129257, -0.00168049, 9.90558e-05, 0.000456274
479928, 10.4808, 0.00413843, 0.0444899, 0.0814559, 0.443866, 0.121984, -0.252483, 0.000113206, 0.00490496, -3.89216e-05, 0.0366, 0.420769, 0.029791, 0.503356, 0.0792829, 0.176067, 0.957082, -0.223359, -0.184675, -0.283864, -0.850956, -0.441922, -0.0584432, 0.475378, -0.877838, 8.34723e-05, 0.000963165, 0.00042199, 0.000613628, -0.000406045, 0.000880079, 0.760347, 0.232904, -0.742793, -2.28151, 0.847948, 2.19581, -0.303342, 0.00135915, -0.000796401, 0.000319955, 0.00028918, 8.62387e-05, 2.62738e-06, 0.000875689
490080, 10.4918, 0.00413068, 0.0445158, 0.0814495, 0.443867, 0.122004, -0.252446, 0.000165588, 0.00980497, 0.000190574, 0.036661, 0.420763, 0.03006, 0.503349, 0.0793088, 0.17606, 0.95709, -0.223317, -0.184686, -0.283831, -0.850967, -0.441922, -0.0584729, 0.475378, -0.877836, -0.000862198, 0.00111155, -0.000878245, -4.08796e-06, 0.00262282, 0.000531213, 0.760356, 0.232904, -0.742748, -2.28152, 0.847951, 2.19582, -0.30334, -0.00018454, 0.000472365, 0.00266586, -0.00141879, 0.000284703, 0.000312436, 0.00150908
500267, 10.5018, 0.00412995, 0.0445348, 0.0814509, 0.443874, 0.122016, -0.252409, 0.000138435, 0.00977687, -0.00747056, 0.036439, 0.420894, 0.030059, 0.503348, 0.0793278, 0.176062, 0.957098, -0.223277, -0.18469, -0.283798, -0.850974, -0.44193, -0.0584932, 0.475385, -0.877831, -0.000181329, 0.00173163, 6.14069e-05, 0.000652162, 0.000104956, 0.00370894, 0.760359, 0.232904, -0.742718, -2.28151, 0.84795, 2.19581, -0.303342, 0.000727846, -0.000164211, 0.00246009, 0.000476562, -0.000254362, -0.000476857, -0.000164041
510440, 10.5118, 0.00412718, 0.0445497, 0.08145, 0.443877, 0.122025, -0.25238, -0.00411996, 0.0073076, -0.00756105, 0.036413, 0.420947, 0.029924, 0.503345, 0.0793427, 0.176061, 0.957105, -0.223246, -0.184692, -0.283772, -0.850981, -0.441933, -0.0585098, 0.475387, -0.877829, -0.000211958, 0.00115169, 0.000145108, 0.00102532, 1.23356e-05, 0.00156195, 0.760363, 0.232902, -0.742693, -2.28151, 0.847948, 2.19581, -0.303344, -0.00015696, -0.000945946, 0.00223494, -0.000300276, 0.000138117, 0.000110764, 0.000299311
520668, 10.5218, 0.0041233, 0.0445565, 0.0814459, 0.443877, 0.122031, -0.252376, 0.000140067, 0.00977749, -0.00747122, 0.036439, 0.420894, 0.030059, 0.503341, 0.0793495, 0.176057, 0.957105, -0.22324, -0.184697, -0.283769, -0.850982, -0.441933, -0.0585164, 0.475388, -0.877828, -0.00193578, -0.00120341, -0.00174809, -0.000458191, 0.00424614, -0.00284849, 0.760361, 0.232901, -0.742675, -2.28152, 0.847953, 2.19582, -0.303343, -0.000948463, -0.000136349, -0.000548908, -0.00510138, 0.000255401, 0.000827692, 8.11739e-05
530870, 10.5318, 0.00411948, 0.0445606, 0.0814456, 0.443884, 0.122037, -0.252376, 0.00437963, 0.00737888, 4.77564e-05, 0.036627, 0.420716, 0.029927, 0.503337, 0.0793536, 0.176057, 0.957104, -0.223239, -0.184704, -0.283772, -0.850978, -0.441939, -0.0585208, 0.475396, -0.877824, 0.000252939, -6.2724e-05, 0.000777076, 0.00101728, 0.00159187, -0.00581712, 0.760364, 0.232893, -0.742671, -2.28153, 0.847958, 2.19582, -0.303341, -0.000509624, -0.00178788, -6.52189e-05, 5.88522e-05, 8.36675e-05, -0.000163039, 0.00597968
541043, 10.5418, 0.00411862, 0.044549, 0.0814435, 0.44388, 0.122029, -0.25239, 0.00861055, 0.00982793, -0.00752154, 0.036431, 0.420792, 0.030061, 0.503341, 0.079343, 0.176059, 0.957102, -0.22326, -0.184691, -0.283785, -0.850974, -0.441939, -0.0584998, 0.475393, -0.877826, 0.000480968, -0.00167055, 0.000690536, -0.00221602, -0.000530144, -0.00091447, 0.760353, 0.232888, -0.742679, -2.28153, 0.847957, 2.19583, -0.303341, -0.00140801, -0.0010387, -0.00154756, 0.000919466, -0.00425896, -0.000202349, 0.0016753
551213, 10.5528, 0.00412935, 0.0445306, 0.0814522, 0.443884, 0.121994, -0.252421, 0.00862256, 0.0147996, 5.88734e-05, 0.036714, 0.420659, 0.029926, 0.503347, 0.0793236, 0.176063, 0.957098, -0.223293, -0.184672, -0.283805, -0.850965, -0.441942, -0.058467, 0.475393, -0.877829, 0.000561826, -0.000807693, 0.000607627, 0.000332437, -0.00443314, 0.00379261, 0.760333, 0.232882, -0.742696, -2.28153, 0.847959, 2.19584, -0.30335, -0.000489411, -0.000734502, -0.00119376, 0.000616656, -0.000237998, 0.000348323, -0.00602995
561376, 10.5628, 0.00413438, 0.0445033, 0.0814541, 0.443884, 0.121978, -0.252472, 0.000152721, 0.0147492, 0.00010928, 0.036722, 0.42076, 0.029924, 0.503352, 0.0792963, 0.176065, 0.957086, -0.223349, -0.184669, -0.283853, -0.85095, -0.44194, -0.058437, 0.475393, -0.87783, 0.000309002, -0.000534165, 0.000250151, 0.000189223, -0.00129281, -8.78822e-05, 0.760306, 0.232882, -0.742723, -2.28153, 0.847961, 2.19584, -0.303347, -0.00113965, -0.000300351, 2.13017e-05, 0.000332491, 2.7949e-05, 0.000217879, -0.00123072
571541, 10.5728, 0.00414067, 0.0444634, 0.0814543, 0.443877, 0.121958, -0.252541, 0.000160779, 0.00980735, 0.00019039, 0.036661, 0.420763, 0.03006, 0.503359, 0.0792564, 0.176065, 0.957069, -0.223423, -0.184664, -0.283916, -0.850933, -0.441932, -0.0583995, 0.475389, -0.877835, -0.000246516, -0.00193076, -0.00051273, -0.000967576, 0.00052544, -0.00191241, 0.760265, 0.232887, -0.742759, -2.28153, 0.84796, 2.19584, -0.303347, -0.000725196, 0.000734237, -0.00274432, -0.00102514, -0.000259433, -0.000184414, -0.00156899
581704, 10.5828, 0.00414348, 0.0444192, 0.0814518, 0.443871, 0.121944, -0.252626, 0.00437222, 0.00737512, 5.12075e-05, 0.036627, 0.420716, 0.029927, 0.503361, 0.0792122, 0.176063, 0.957047, -0.22351, -0.184671, -0.283996, -0.850912, -0.441922, -0.0583643, 0.475387, -0.877839, 0.000964635, -0.00364207, 0.00114105, 0.00100032, -0.00163426, -0.00767701, 0.760216, 0.23289, -0.742795, -2.28154, 0.84796, 2.19584, -0.303342, -0.00428976, -0.0018506, -0.00347451, 0.000391875, -4.62438e-05, -0.000620713, 0.000376561
591869, 10.5928, 0.00415498, 0.0443769, 0.0814574, 0.443869, 0.121912, -0.252695, 0.00434974, 0.00241462, -0.00752781, 0.036345, 0.420849, 0.030062, 0.503373, 0.0791699, 0.176068, 0.957033, -0.223587, -0.184655, -0.284057, -0.850893, -0.44192, -0.0583144, 0.475385, -0.877843, 0.000551845, -0.00359645, 0.000143672, -0.000255648, 6.79318e-05, -0.00768296, 0.760163, 0.23289, -0.742826, -2.28153, 0.847956, 2.19584, -0.303342, -0.00564054, -0.000285551, -0.00144858, -0.000183434, -0.000166123, 9.38691e-05, 0.000793709
602033, 10.6038, 0.00416959, 0.0443287, 0.0814635, 0.443864, 0.121865, -0.252776, -0.00409735, 0.0023837, 0.000183933, 0.036575, 0.42082, 0.03006, 0.503388, 0.0791217, 0.176074, 0.957016, -0.223679, -0.184628, -0.284126, -0.850872, -0.441916, -0.0582476, 0.475379, -0.877851, 0.00136433, -0.0051705, 0.00056662, -0.00115365, -0.00140843, -0.0105016, 0.760121, 0.232893, -0.742877, -2.28152, 0.84796, 2.19585, -0.303345, -0.00509026, 0.000364728, -0.00508666, 0.0010254, 6.62603e-05, 0.000163509, 0.000582694
612202, 10.6138, 0.00417056, 0.0442956, 0.0814655, 0.44387, 0.121856, -0.252835, -0.00414599, -0.00251574, -4.66334e-05, 0.036514, 0.420826, 0.029791, 0.503389, 0.0790886, 0.176077, 0.957001, -0.22374, -0.184634, -0.284182, -0.850851, -0.441919, -0.0582217, 0.475386, -0.877848, -0.000878794, -0.00132866, 0.00029825, 0.00360536, 0.00443265, -0.00122212, 0.76009, 0.232885, -0.742914, -2.28153, 0.84796, 2.19584, -0.303346, 0.000235049, -0.00031472, -0.00485878, -0.000157992, 7.5627e-07, -0.00748356, -0.000629149
622382, 10.6238, 0.00417743, 0.0442633, 0.0814713, 0.443873, 0.121831, -0.252891, -0.00416541, -0.00257514, 0.00756357, 0.036292, 0.420699, 0.02979, 0.503395, 0.0790563, 0.176082, 0.956988, -0.223802, -0.184624, -0.284233, -0.850833, -0.441921, -0.0581811, 0.47539, -0.877849, 0.000357153, -2.83221e-05, 0.000652919, 0.000625271, -0.00142208, 0.000125312, 0.760061, 0.232877, -0.74295, -2.28153, 0.84796, 2.19584, -0.303345, 0.00163687, -0.000738888, -0.00203324, 0.000543252, 0.000319625, -0.000365005, -0.000560737
632566, 10.6338, 0.00418074, 0.0442383, 0.0814696, 0.443864, 0.121822, -0.252938, -0.00412812, -0.00749741, 0.0152947, 0.036454, 0.420573, 0.029925, 0.503399, 0.0790313, 0.176081, 0.956977, -0.223851, -0.184625, -0.284276, -0.850824, -0.441911, -0.0581612, 0.475383, -0.877854, -0.000229315, -0.00248572, -0.000416697, -0.000430683, 0.00178462, -0.0056911, 0.760039, 0.232885, -0.742975, -2.28153, 0.847959, 2.19584, -0.303341, -0.00313285, 4.36649e-05, -0.00157458, -0.00135255, -0.000173871, -0.000145338, 0.00114035
642739, 10.6438, 0.00418052, 0.0442298, 0.0814654, 0.443855, 0.121825, -0.252949, -0.00836917, -0.00509974, 0.00778563, 0.036266, 0.420751, 0.030058, 0.503399, 0.0790228, 0.176076, 0.956973, -0.223862, -0.184629, -0.284288, -0.850826, -0.441901, -0.0581623, 0.475375, -0.877859, -0.00189909, -0.00311047, -0.00270989, -0.00171003, 0.00671667, -0.00660951, 0.760028, 0.232895, -0.742978, -2.28153, 0.847955, 2.19584, -0.303342, -0.00569543, 0.00233907, 0.000671654, -0.00461746, 4.3967e-05, 8.48554e-05, 0.000890805
652920, 10.6538, 0.00417759, 0.0442313, 0.0814612, 0.443853, 0.121839, -0.252947, -0.0126062, -0.00751059, 8.54419e-05, 0.036461, 0.420931, 0.029925, 0.503396, 0.0790243, 0.176072, 0.956972, -0.223857, -0.184642, -0.284289, -0.850827, -0.441897, -0.058177, 0.475375, -0.877858, -0.000364501, -0.000535064, -0.000771965, -0.000485239, 0.00151928, -0.00102025, 0.76003, 0.232905, -0.742978, -2.28153, 0.847957, 2.19583, -0.303344, -0.00144002, 0.00118375, 0.000646173, -0.000676385, 0.000350195, -1.59317e-05, -0.00018024
663132, 10.6648, 0.0041743, 0.0442413, 0.0814554, 0.443846, 0.121853, -0.252932, -0.0041331, -0.00746245, 2.59271e-05, 0.036454, 0.42083, 0.029927, 0.503392, 0.0790343, 0.176066, 0.956974, -0.223839, -0.184652, -0.284277, -0.850835, -0.441889, -0.058196, 0.475369, -0.87786, -0.000547353, 0.00131416, -0.000716358, -0.000867261, 0.00312165, 0.000228935, 0.760041, 0.232917, -0.742967, -2.28153, 0.847958, 2.19583, -0.303342, 0.00200035, 0.00142448, 0.000821589, -0.000149496, -9.55508e-05, -0.000405115, 0.00315419
673306, 10.6748, 0.00417243, 0.0442521, 0.0814547, 0.443848, 0.121858, -0.25291, -0.00413307, -0.00746185, 2.56196e-05, 0.036454, 0.42083, 0.029927, 0.50339, 0.0790451, 0.176066, 0.95698, -0.223816, -0.184652, -0.284256, -0.850841, -0.441892, -0.0582071, 0.47537, -0.877858, -9.93943e-05, 0.00218594, -0.000206899, -6.75848e-05, -0.000242102, 0.005532, 0.76005, 0.232917, -0.742955, -2.28153, 0.847959, 2.19583, -0.303347, 0.00210488, 0.00106737, 0.00216301, 0.00106492, 1.78925e-05, -0.000346521, -0.00118799
683467, 10.6848, 0.00416591, 0.044262, 0.0814494, 0.443846, 0.121875, -0.252896, 0.000120853, -4.24852e-05, 4.53237e-05, 0.03654, 0.420773, 0.029927, 0.503384, 0.079055, 0.17606, 0.956981, -0.223798, -0.184665, -0.284247, -0.850846, -0.441889, -0.0582274, 0.47537, -0.877857, -0.00255178, 0.00173298, -0.00153259, 0.00134994, 0.00264072, 0.00627532, 0.760058, 0.232919, -0.742942, -2.28154, 0.84796, 2.19583, -0.303347, 0.00181427, -0.00141759, 0.00208408, -0.00546375, 0.000132144, 0.000222355, -0.0039514
693629, 10.6948, 0.0041682, 0.0442719, 0.0814513, 0.443844, 0.121875, -0.252879, 0.000119836, -4.26646e-05, 4.56279e-05, 0.03654, 0.420773, 0.029927, 0.503386, 0.0790649, 0.176062, 0.956986, -0.223782, -0.18466, -0.28423, -0.850852, -0.441888, -0.0582321, 0.475367, -0.877859, 0.000306064, 0.000324616, 0.000395104, 0.000184225, -0.000588642, -0.000125593, 0.760071, 0.232922, -0.742936, -2.28153, 0.847958, 2.19583, -0.303342, 8.55176e-05, -0.000452679, 0.00042411, 0.000648601, -0.000127585, 0.000154639, 0.00087233
703793, 10.7048, 0.00417154, 0.0442822, 0.0814566, 0.443849, 0.121867, -0.252853, 0.000116759, -4.08268e-05, 4.535e-05, 0.03654, 0.420773, 0.029927, 0.50339, 0.0790752, 0.176068, 0.956995, -0.223756, -0.184647, -0.284201, -0.850857, -0.441896, -0.0582308, 0.475369, -0.877857, -4.78837e-05, 0.00163893, 0.000137542, 0.000629931, -0.00103584, 0.00434985, 0.760083, 0.232917, -0.74293, -2.28152, 0.847957, 2.19583, -0.303348, 0.000760794, -0.000295483, 0.00233334, 0.000464428, -2.7826e-05, 7.81233e-05, -0.00142802
713960, 10.7148, 0.00417095, 0.0442891, 0.0814594, 0.443852, 0.121867, -0.252836, -0.00409401, 0.00237988, 0.000185157, 0.036575, 0.42082, 0.03006, 0.503389, 0.0790821, 0.17607, 0.956999, -0.22374, -0.184643, -0.284186, -0.850861, -0.441899, -0.0582351, 0.47537, -0.877856, -0.000278199, -0.000412781, -0.000285548, -0.000468103, 0.000184799, 0.000920445, 0.760092, 0.232909, -0.742926, -2.28152, 0.847951, 2.19583, -0.303347, 0.000168151, 0.000253506, -0.000797208, -0.000569878, -0.000509636, -0.000189206, -0.00131962
724112, 10.7258, 0.0041811, 0.0442918, 0.0814709, 0.443863, 0.121844, -0.252834, -0.00412592, 0.00726311, 0.00771456, 0.036413, 0.42069, 0.029923, 0.503399, 0.0790848, 0.176082, 0.957003, -0.223743, -0.184621, -0.284178, -0.850856, -0.441914, -0.0582113, 0.475378, -0.877854, 0.000470618, -0.000900567, 0.00049582, 0.000226097, -0.00103085, -0.00215634, 0.760095, 0.2329, -0.742929, -2.2815, 0.847955, 2.19583, -0.303342, -0.000989308, -0.000633214, -0.000944501, 0.000447512, 4.20188e-05, 0.000138218, 0.000267868
734265, 10.7358, 0.0041751, 0.044302, 0.0814684, 0.443863, 0.121856, -0.252811, -0.00410648, 0.00732324, 0.000104193, 0.036635, 0.420817, 0.029924, 0.503393, 0.079095, 0.176079, 0.957008, -0.223717, -0.184628, -0.284158, -0.850862, -0.441914, -0.0582293, 0.475379, -0.877852, 0.000400825, 0.000581815, 0.000865905, 0.00104458, -0.00244661, 0.00248066, 0.760105, 0.232895, -0.742918, -2.28151, 0.847951, 2.19583, -0.303347, 0.000362662, -0.00152161, 0.000397624, 0.000734285, -0.000315645, -3.26795e-05, -0.00155319
744419, 10.7458, 0.00417375, 0.044306, 0.0814661, 0.44386, 0.121863, -0.252808, -0.00416035, 0.00241225, 0.00780445, 0.036576, 0.421072, 0.030058, 0.503392, 0.079099, 0.176077, 0.957008, -0.223712, -0.184633, -0.284156, -0.850865, -0.44191, -0.0582371, 0.475376, -0.877853, -0.000569426, 0.00258442, -0.000470965, -0.000356919, 0.00142872, 0.00407893, 0.760111, 0.2329, -0.742915, -2.28151, 0.847951, 2.19583, -0.303343, 0.00353245, 0.000752135, 0.00176599, -0.000109869, 2.02086e-05, 0.000127771, 0.00124441
754575, 10.7558, 0.0041729, 0.0443046, 0.0814628, 0.443853, 0.121866, -0.252807, 0.00016323, 0.00485077, 0.000275077, 0.036601, 0.420767, 0.030195, 0.503391, 0.0790976, 0.176074, 0.957007, -0.223711, -0.184635, -0.284156, -0.850868, -0.441903, -0.0582419, 0.47537, -0.877856, -0.000436301, -0.000650369, -0.000675014, -0.000661525, 0.00123243, -5.44205e-05, 0.760112, 0.232908, -0.742917, -2.28151, 0.84795, 2.19583, -0.303346, -0.000166515, 0.00105105, -0.000865785, -0.000774897, -8.23542e-05, -0.000406205, -0.00098387
764732, 10.7658, 0.0041717, 0.0443075, 0.0814603, 0.44385, 0.121872, -0.252803, 0.000115014, -4.01491e-05, 4.5376e-05, 0.03654, 0.420773, 0.029927, 0.50339, 0.0791005, 0.176071, 0.957008, -0.223705, -0.184639, -0.284153, -0.850872, -0.441899, -0.0582487, 0.475367, -0.877857, -0.000300857, 0.000207477, -0.000333143, -0.000612651, 0.00362274, -0.00466275, 0.760118, 0.232914, -0.742916, -2.28151, 0.847951, 2.19583, -0.303346, 0.000648165, 0.000432208, -0.000111227, -0.000430235, -1.1224e-05, -0.000122634, 0.00591103
774889, 10.7758, 0.00417601, 0.0443065, 0.0814629, 0.443849, 0.121865, -0.252805, 0.000113615, -4.00669e-05, 4.56289e-05, 0.03654, 0.420773, 0.029927, 0.503394, 0.0790995, 0.176074, 0.957008, -0.22371, -0.184633, -0.284154, -0.850871, -0.4419, -0.0582414, 0.475365, -0.877859, 0.000551718, -0.000112894, 0.000176758, -0.00040925, -0.000508878, -0.000840563, 0.760113, 0.232916, -0.742914, -2.2815, 0.84795, 2.19583, -0.303342, -0.000420552, 0.000753298, 0.000149072, 0.00135041, 0.000192698, 7.02795e-05, 0.000686893
785056, 10.7868, 0.00417259, 0.0443002, 0.0814596, 0.443847, 0.12187, -0.252819, 0.00437452, 0.00242913, 0.000135632, 0.036567, 0.420719, 0.030062, 0.503391, 0.0790932, 0.176071, 0.957004, -0.223722, -0.184641, -0.284168, -0.850868, -0.441896, -0.0582434, 0.475365, -0.877859, -0.000609593, 0.000569257, -0.000578384, -0.000256706, 0.00172848, 0.000619301, 0.760107, 0.232916, -0.742919, -2.28151, 0.84795, 2.19583, -0.303342, 0.000756923, 0.000428428, 0.000581381, -0.000979957, -2.69136e-05, -4.89473e-05, 0.000670716
