timestamp, robot_time[1], robot_ee_pos_error[3], robot_ee_ori_error[3], sensed_forces_moments[6], robot_ee_position[3], robot_ee_orientation[9], robot_ee_linear_velocity[3], robot_ee_angular_velocity[3], joint_angles[7], joint_velocities[7], 
10166, 10.012, 0.00842396, 0.0126665, 0.0689826, 0.262163, 0.135842, -0.128612, 0.00877481, 0.00495421, -0.000171045, 0.039022, 0.420708, 0.029897, 0.507642, 0.0474595, 0.163594, 0.981631, -0.11091, -0.155241, -0.150049, -0.951346, -0.26912, -0.11784, 0.28747, -0.950513, -0.000107172, 0.00130644, -0.00307007, 0.000222469, 0.00555506, 0.00302688, 0.0580985, 0.203151, -0.0373937, -2.2645, 0.41238, 2.30663, -0.148197, 0.000653778, 0.00843371, 0.00179934, 0.00344095, 1.34528e-05, -0.000735901, -0.00043799
20375, 10.022, 0.0084145, 0.0126838, 0.0689693, 0.262161, 0.135875, -0.128584, 0.00452242, -0.00746618, 0.00749799, 0.038653, 0.420642, 0.030031, 0.507633, 0.0474768, 0.16358, 0.98163, -0.110878, -0.15527, -0.150026, -0.95135, -0.269118, -0.117877, 0.287469, -0.950509, 0.000272406, 0.00196512, 5.86076e-05, 0.000695136, -0.000266247, 0.00365947, 0.0581112, 0.20317, -0.0373726, -2.26451, 0.41238, 2.30663, -0.148196, -0.000513583, 0.000877077, 0.00419038, 0.00138063, -0.000242568, -0.000151799, 0.000176727
30539, 10.032, 0.00840064, 0.0127065, 0.0689448, 0.262156, 0.13593, -0.128539, 0.000314502, -0.000107498, 0.00756655, 0.038748, 0.420686, 0.030029, 0.507619, 0.0474995, 0.163556, 0.981628, -0.110826, -0.155319, -0.149989, -0.951358, -0.269112, -0.117939, 0.287464, -0.950502, -0.00176979, 0.00480823, -0.00329566, 0.00101976, 0.00605385, 0.0107084, 0.0581221, 0.203211, -0.0373385, -2.26452, 0.412375, 2.30663, -0.148201, 0.000862139, 0.00592625, 0.00851766, -0.000868981, -0.000540255, 0.000498721, -0.00127256
40768, 10.042, 0.00838951, 0.0127303, 0.0689176, 0.262157, 0.135989, -0.128508, 0.000345776, 0.0048622, 0.0151446, 0.03903, 0.420553, 0.029894, 0.507608, 0.0475233, 0.163529, 0.981624, -0.110787, -0.155374, -0.149967, -0.951362, -0.269111, -0.118002, 0.287466, -0.950494, -0.00243576, 0.00199326, -0.00601348, 0.000180669, 0.0115983, 0.00466976, 0.0581372, 0.203265, -0.0373083, -2.26452, 0.412382, 2.30663, -0.1482, 0.000481932, 0.011239, 0.00353192, -0.000866805, 0.000166887, 0.000269724, -0.000979643
50976, 10.052, 0.00836724, 0.0127604, 0.0688799, 0.262151, 0.136075, -0.128461, 0.000299688, 0.00488039, 0.0227622, 0.039031, 0.420805, 0.029892, 0.507585, 0.0475534, 0.163491, 0.981618, -0.110729, -0.155453, -0.149933, -0.951369, -0.269103, -0.118096, 0.287464, -0.950483, -0.000546102, 0.00178793, -0.0015659, 0.00076499, 0.00260309, 0.00449232, 0.0581528, 0.203325, -0.0372648, -2.26454, 0.412381, 2.30663, -0.1482, -0.000702138, 0.00337843, 0.00410142, 0.000375466, 4.3894e-06, 8.62753e-05, -0.00126158
61163, 10.062, 0.00833373, 0.0127849, 0.0688276, 0.262138, 0.136193, -0.12843, -0.00382076, 0.00727598, 0.0152793, 0.039064, 0.420601, 0.030027, 0.507552, 0.0475779, 0.163439, 0.981605, -0.110683, -0.155566, -0.149919, -0.951377, -0.269083, -0.118219, 0.287456, -0.95047, -0.00269246, 0.00140019, -0.00514875, -0.000242938, 0.0105028, 0.00360341, 0.0581741, 0.203405, -0.0372301, -2.26458, 0.412381, 2.30663, -0.148199, 0.00251456, 0.00832425, 0.000426797, -0.00252151, 0.000200589, 7.88546e-05, -0.00091086
71336, 10.073, 0.00830148, 0.0128215, 0.0687716, 0.262131, 0.136318, -0.12838, -0.00388515, 0.00727335, 0.0152457, 0.038843, 0.420983, 0.030025, 0.507519, 0.0476145, 0.163383, 0.981594, -0.110616, -0.155684, -0.149888, -0.951385, -0.269071, -0.118352, 0.287454, -0.950454, -0.00115634, 0.00130614, -0.00282078, -4.4678e-06, 0.00580654, 0.00185778, 0.0581989, 0.203488, -0.0371893, -2.26461, 0.412382, 2.30663, -0.148195, 0.0018805, 0.00535853, 0.000705871, -0.000274388, 0.000345814, -3.82828e-05, 0.000474515
81499, 10.083, 0.00826436, 0.0128513, 0.0687099, 0.26212, 0.136455, -0.128333, 0.004668, 0.0122395, 0.00748198, 0.038894, 0.420626, 0.029893, 0.507482, 0.0476443, 0.163321, 0.981581, -0.110552, -0.155813, -0.149861, -0.951394, -0.269054, -0.118495, 0.287449, -0.950438, -0.00144665, 0.00403268, -0.00399133, 0.00134791, 0.00677854, 0.0114717, 0.0582182, 0.203581, -0.0371489, -2.26465, 0.412382, 2.30663, -0.148202, 0.00217482, 0.0085347, 0.00556894, 0.000953728, 0.000180171, -0.000348183, -0.0040949
91717, 10.093, 0.00822195, 0.0128757, 0.0686409, 0.262107, 0.136608, -0.128313, 0.000508715, 0.0147243, 7.91138e-06, 0.03915, 0.420801, 0.030028, 0.50744, 0.0476687, 0.163252, 0.981561, -0.110512, -0.155963, -0.149863, -0.951401, -0.269032, -0.118652, 0.287444, -0.95042, -0.00168098, 0.00164858, -0.00447569, -0.000239854, 0.00880199, 0.0020384, 0.0582324, 0.203681, -0.0371137, -2.2647, 0.412383, 2.30663, -0.148195, 0.00141615, 0.00858455, 0.00195474, -0.000378433, 0.000232307, 0.000507083, 0.00103575
102003, 10.103, 0.008184, 0.012889, 0.0685723, 0.26209, 0.136753, -0.1283, 0.00475088, 0.0122884, -0.00013569, 0.039116, 0.420753, 0.029895, 0.507402, 0.047682, 0.163183, 0.981542, -0.110481, -0.156105, -0.149872, -0.951407, -0.269005, -0.1188, 0.287436, -0.950404, -0.00442512, 0.000734906, -0.00812451, -0.000707753, 0.0170983, 0.00140096, 0.0582377, 0.203787, -0.0370902, -2.26474, 0.412379, 2.30663, -0.148196, 0.00181516, 0.0124249, -8.81611e-06, -0.00500311, 0.000362195, 0.000336274, 3.30254e-06
112185, 10.113, 0.00814851, 0.0129026, 0.0685009, 0.262073, 0.136901, -0.128292, 0.00478383, 0.0122824, -0.000139394, 0.039116, 0.420753, 0.029895, 0.507367, 0.0476956, 0.163112, 0.981522, -0.110454, -0.156251, -0.149885, -0.951412, -0.268978, -0.11895, 0.287428, -0.950387, -0.0035763, 0.000666549, -0.00710332, -0.000219943, 0.015019, 8.50952e-05, 0.0582487, 0.203906, -0.0370719, -2.26477, 0.412378, 2.30663, -0.148195, -0.00264932, 0.011471, 0.00415776, -0.00356244, -4.45428e-05, 0.000450388, 0.00130039
122308, 10.123, 0.00811152, 0.0129117, 0.0684234, 0.262056, 0.137059, -0.128296, 0.000592358, 0.014636, 0.00760656, 0.038929, 0.420674, 0.030026, 0.50733, 0.0477047, 0.163034, 0.981499, -0.110437, -0.156409, -0.149912, -0.951416, -0.26895, -0.119108, 0.287422, -0.950369, -0.00488337, 0.000300049, -0.00990327, -0.00107896, 0.0209173, 0.000940942, 0.0582584, 0.204037, -0.0370613, -2.2648, 0.412381, 2.30663, -0.148195, 0.000191675, 0.0163, 0.000821375, -0.0043748, -0.000338187, -0.000177899, 0.000347128
132426, 10.134, 0.0080668, 0.012917, 0.068332, 0.262035, 0.137245, -0.128306, 0.000651286, 0.0146983, -8.16114e-06, 0.03915, 0.420801, 0.030028, 0.507285, 0.04771, 0.162943, 0.981471, -0.110424, -0.156595, -0.149949, -0.95142, -0.268916, -0.119292, 0.287414, -0.950348, -0.00394234, -0.000169852, -0.00868613, -0.00085593, 0.0179451, 0.000204106, 0.0582616, 0.204188, -0.037051, -2.26484, 0.412383, 2.30663, -0.148198, 0.000894411, 0.014925, -0.000894225, -0.00297158, 0.000248788, -0.00020533, -0.000370792
142545, 10.144, 0.0080255, 0.0129201, 0.0682507, 0.262013, 0.137411, -0.128317, 0.00494589, 0.0121706, -0.000162177, 0.038894, 0.420374, 0.029895, 0.507244, 0.0477131, 0.162862, 0.981445, -0.110414, -0.156761, -0.149984, -0.951424, -0.268882, -0.119458, 0.287405, -0.950331, -0.00777582, 0.00133736, -0.0114076, -0.00103748, 0.0252487, 0.00333881, 0.0582648, 0.204319, -0.0370443, -2.26488, 0.41238, 2.30663, -0.148198, 0.0036216, 0.014324, -0.000395113, -0.0113728, 0.000252506, 0.000301551, -0.000484351
152664, 10.154, 0.00799949, 0.0129148, 0.0681819, 0.261996, 0.137543, -0.12834, 0.00491201, 0.0121943, 0.00745464, 0.038894, 0.420626, 0.029893, 0.507217, 0.0477078, 0.162793, 0.981423, -0.11042, -0.156895, -0.150025, -0.951425, -0.268854, -0.119587, 0.287398, -0.950317, -0.00249265, -0.00169649, -0.00739642, -0.000191946, 0.0120853, 0.00479394, 0.05826, 0.204447, -0.037047, -2.26489, 0.41238, 2.30663, -0.148201, -0.00262699, 0.014072, -0.000317293, -0.000659565, -0.00024818, 0.000336139, -0.0080226
162787, 10.164, 0.00796407, 0.0129078, 0.0681049, 0.261978, 0.137696, -0.128374, 0.000760319, 0.00473714, -0.00018918, 0.038807, 0.420431, 0.029895, 0.507182, 0.0477008, 0.162716, 0.981397, -0.110435, -0.157051, -0.150081, -0.951425, -0.268822, -0.119735, 0.287392, -0.9503, -0.00307341, -0.000441277, -0.00795642, -0.00155117, 0.0133447, 0.000488362, 0.0582492, 0.204577, -0.037047, -2.26492, 0.412381, 2.30663, -0.148199, -0.000323057, 0.0137275, 0.000268538, -0.0030569, 5.5368e-05, 0.00323952, -0.00147426
172943, 10.174, 0.00793027, 0.0129087, 0.0680349, 0.26196, 0.137837, -0.128391, 0.000746537, 0.00483057, -0.000172647, 0.039029, 0.42081, 0.029895, 0.507148, 0.0477017, 0.162646, 0.981374, -0.110434, -0.157194, -0.150119, -0.951428, -0.268793, -0.119875, 0.287384, -0.950284, -0.005119, 3.29674e-05, -0.00850104, 0.000142447, 0.0232718, -0.00191396, 0.0582564, 0.204693, -0.0370495, -2.26495, 0.412382, 2.30663, -0.148197, 0.000803053, 0.0136647, -0.00116989, -0.00357293, -3.43764e-05, -0.00560801, 0.00308566
183064, 10.184, 0.0078917, 0.0129029, 0.0679593, 0.26194, 0.13799, -0.128418, 0.00078164, 0.00482335, -0.000176416, 0.039029, 0.42081, 0.029895, 0.50711, 0.0476959, 0.16257, 0.981348, -0.110441, -0.15735, -0.150168, -0.951429, -0.268761, -0.120025, 0.287377, -0.950268, -0.00383118, -0.00112863, -0.0071682, -0.000902137, 0.0153564, -0.00122227, 0.0582491, 0.204813, -0.0370499, -2.26499, 0.412381, 2.30663, -0.148198, -0.0012397, 0.0109649, -0.000623282, -0.00431979, -0.000261424, -0.000239113, -0.000418447
193185, 10.194, 0.00786318, 0.0129046, 0.0678951, 0.261925, 0.138119, -0.128435, 0.000810949, 0.00481764, -0.000179654, 0.039029, 0.42081, 0.029895, 0.507081, 0.0476976, 0.162506, 0.981327, -0.110443, -0.15748, -0.150204, -0.95143, -0.268736, -0.120151, 0.287372, -0.950253, -0.00164513, 0.000421419, -0.00497808, -0.000352839, 0.0103401, -0.000348916, 0.0582517, 0.204925, -0.0370471, -2.26501, 0.412383, 2.30663, -0.148194, 0.000437208, 0.0100388, 0.000456048, 0.000387881, 0.000256597, -0.000386515, 0.00118754
203306, 10.204, 0.00783487, 0.0129053, 0.0678419, 0.261909, 0.138228, -0.128438, 0.000844359, -0.000127691, -0.000102194, 0.038969, 0.420813, 0.03003, 0.507053, 0.0476983, 0.162453, 0.981311, -0.110431, -0.157588, -0.150221, -0.951434, -0.268712, -0.12026, 0.287363, -0.950242, -0.00230781, 0.000496484, -0.00477208, -0.000913873, 0.00942166, 0.00255554, 0.0582595, 0.205008, -0.0370503, -2.26504, 0.41238, 2.30663, -0.1482, 0.00182999, 0.00793182, -0.000486984, -0.00201758, -0.000545019, 0.000265061, -0.000899993
213424, 10.215, 0.00780832, 0.0129082, 0.0677741, 0.261891, 0.13836, -0.128447, 0.00508431, -0.00256396, -0.000245391, 0.038935, 0.420765, 0.029897, 0.507026, 0.0477012, 0.162385, 0.98129, -0.110424, -0.15772, -0.15025, -0.951438, -0.268685, -0.120392, 0.287355, -0.950228, -0.0020668, 0.000682933, -0.0064902, -0.000516063, 0.012114, 0.00444823, 0.058262, 0.205134, -0.0370443, -2.26505, 0.412378, 2.30663, -0.148199, 0.00122691, 0.01327, 0.000351082, 0.000801314, -0.000430171, -0.000434242, -0.00255677
223542, 10.225, 0.00779712, 0.0129127, 0.0677364, 0.261881, 0.138424, -0.128447, 0.00507059, -0.00258728, -0.00790682, 0.038713, 0.420895, 0.029897, 0.507015, 0.0477057, 0.162347, 0.981281, -0.110416, -0.157784, -0.150258, -0.95144, -0.26867, -0.120457, 0.287349, -0.950221, -1.89049e-05, 9.67612e-05, -0.00228839, -0.000291636, 0.00349244, 0.000905441, 0.0582704, 0.205209, -0.0370413, -2.26505, 0.41238, 2.30664, -0.148201, 0.00134946, 0.00602489, -0.00106746, 0.00211975, 0.000270948, 0.000151729, -0.00087764
233660, 10.235, 0.00777999, 0.0129218, 0.0676986, 0.26187, 0.138502, -0.128434, 0.00090553, -0.000140853, -0.000108626, 0.038969, 0.420813, 0.03003, 0.506998, 0.0477148, 0.16231, 0.981272, -0.110393, -0.157859, -0.150257, -0.951445, -0.268654, -0.120536, 0.287342, -0.950213, -0.00166738, 0.00102994, -0.00410079, -9.53248e-05, 0.0081809, 0.00252346, 0.0582765, 0.205276, -0.0370277, -2.26506, 0.412375, 2.30664, -0.148201, 0.000912174, 0.00770761, 0.00119952, -0.000491614, 4.40612e-05, -0.000124242, -0.00046836
243782, 10.245, 0.00777429, 0.0129299, 0.0676738, 0.261864, 0.138549, -0.128427, 0.000979859, -0.00017284, -0.00773978, 0.038968, 0.420561, 0.030032, 0.506992, 0.0477229, 0.162285, 0.981266, -0.110381, -0.157905, -0.150257, -0.951448, -0.268645, -0.120585, 0.287338, -0.950208, -0.000654579, 0.00172751, -0.00173873, -0.000748993, 0.00393763, 0.00127507, 0.0582852, 0.205332, -0.0370201, -2.26505, 0.412375, 2.30664, -0.148198, 0.0035743, 0.00356435, -2.58753e-05, 0.000205653, -0.000287577, 0.000169033, 0.00258853
253902, 10.255, 0.00776678, 0.0129406, 0.0676545, 0.26186, 0.138589, -0.128413, 0.000978356, 0.00476588, -0.00781083, 0.039028, 0.420558, 0.029897, 0.506985, 0.0477336, 0.162265, 0.981262, -0.110361, -0.157942, -0.150248, -0.951451, -0.268639, -0.120627, 0.287336, -0.950204, -0.000691678, 0.00141908, -0.00138027, 3.57206e-05, 0.00308891, 0.00310854, 0.0582945, 0.20537, -0.0370081, -2.26505, 0.412375, 2.30664, -0.148197, 0.0023565, 0.0026749, 0.00041489, 9.67528e-06, -9.71891e-05, -0.00050662, -0.000154604
264020, 10.265, 0.00776261, 0.0129486, 0.0676444, 0.261859, 0.13861, -0.128401, 0.000928912, -0.000144496, -0.000111482, 0.038969, 0.420813, 0.03003, 0.506981, 0.0477416, 0.162255, 0.98126, -0.110347, -0.157962, -0.15024, -0.951452, -0.268638, -0.120651, 0.287336, -0.950201, -0.000193596, 2.32155e-05, -0.000778508, 0.000104973, 0.00151527, -0.000370435, 0.0582967, 0.20539, -0.0369946, -2.26505, 0.412375, 2.30664, -0.148196, -0.000836362, 0.00165703, 0.000860279, 0.00015191, 0.000128267, 8.22226e-05, 0.000270527
274139, 10.275, 0.00776032, 0.0129674, 0.0676433, 0.261857, 0.138618, -0.128363, -0.0032665, -0.00264437, -0.00783162, 0.038942, 0.420615, 0.029897, 0.506978, 0.0477604, 0.162254, 0.981264, -0.110307, -0.157965, -0.150202, -0.951458, -0.268638, -0.120664, 0.287332, -0.9502, 0.000956449, 0.00292315, 0.000947152, 0.000355537, -0.00231054, 0.00443669, 0.0583092, 0.205392, -0.0369702, -2.26505, 0.412369, 2.30664, -0.148195, 0.00280692, 2.42287e-05, 0.00280153, 0.00260909, -0.000128515, 0.000131797, 0.00126418
284258, 10.285, 0.00775769, 0.0129904, 0.0676415, 0.261864, 0.138628, -0.12832, -0.00326558, -0.00264224, -0.00783237, 0.038942, 0.420615, 0.029897, 0.506976, 0.0477834, 0.162252, 0.981268, -0.110263, -0.157969, -0.150162, -0.951462, -0.268648, -0.12068, 0.287337, -0.950197, 0.000367143, 0.000129919, 3.57562e-05, 0.000856437, -0.000121278, 0.000328885, 0.0583181, 0.205396, -0.0369362, -2.26505, 0.412374, 2.30664, -0.1482, -0.00266134, 0.000853649, 0.00266357, 0.00131062, 0.00022713, -0.000470756, -0.000459393
294375, 10.296, 0.00775752, 0.0130169, 0.0676487, 0.261868, 0.138622, -0.128265, 0.000927442, -0.000140395, -0.000112397, 0.038969, 0.420813, 0.03003, 0.506976, 0.0478099, 0.16226, 0.981277, -0.110209, -0.157956, -0.150106, -0.951468, -0.268656, -0.120682, 0.287336, -0.950197, -0.000388901, 0.00102475, 0.000244092, 0.000602695, -0.000774563, 0.00304499, 0.0583339, 0.205382, -0.0369011, -2.26505, 0.412371, 2.30664, -0.148202, -0.000689453, -0.00136895, 0.00266129, -0.00132351, -3.09283e-05, 0.000426191, -0.00128198
304493, 10.306, 0.00775785, 0.0130432, 0.0676573, 0.26187, 0.138613, -0.128214, -0.00327195, -0.00263897, -0.00783224, 0.038942, 0.420615, 0.029897, 0.506976, 0.0478362, 0.162268, 0.981285, -0.110159, -0.157941, -0.150054, -0.951475, -0.268662, -0.120681, 0.287334, -0.950197, -0.000644186, 0.00234455, 5.10881e-05, 0.000298909, 0.000261328, 0.00402494, 0.0583551, 0.205365, -0.0368715, -2.26505, 0.412367, 2.30664, -0.148199, 0.00176677, -0.00109365, 0.0028269, -0.00144766, -0.000219538, 0.000329356, 0.00062145
314610, 10.316, 0.00776276, 0.013083, 0.0676681, 0.261871, 0.138594, -0.128129, 0.00512695, -0.00256694, -0.000251631, 0.038935, 0.420765, 0.029897, 0.506981, 0.047876, 0.162279, 0.981299, -0.110076, -0.157909, -0.149966, -0.951486, -0.268671, -0.120674, 0.287328, -0.9502, 0.000320751, 0.00290111, 0.00170551, -4.89709e-05, -0.00373564, 0.00599172, 0.0583831, 0.205352, -0.0368211, -2.26504, 0.41236, 2.30665, -0.148202, 0.00477187, -0.00345217, 0.00100097, -0.000183683, -0.000476463, 0.000521906, 5.52436e-06
324728, 10.326, 0.00776628, 0.0131241, 0.0676803, 0.261874, 0.13858, -0.128047, 0.000938416, -0.000114835, 0.00753869, 0.039191, 0.420683, 0.030031, 0.506984, 0.0479171, 0.162291, 0.981312, -0.109996, -0.157885, -0.149883, -0.951497, -0.268681, -0.120673, 0.287324, -0.950202, 0.00102173, 0.00160699, 0.00130587, -3.90386e-05, -0.00259459, 0.00223211, 0.0584201, 0.205335, -0.0367787, -2.26503, 0.412354, 2.30665, -0.148199, 0.00219717, -0.000925115, 0.000874613, 0.00235834, -0.000420234, -0.000327043, 0.00131265
334869, 10.336, 0.00776671, 0.0131808, 0.0676926, 0.261876, 0.138564, -0.127929, 0.000922267, 0.00482771, 0.00746916, 0.039252, 0.42068, 0.029895, 0.506985, 0.0479738, 0.162304, 0.98133, -0.10988, -0.157853, -0.149762, -0.951512, -0.268692, -0.120675, 0.287316, -0.950204, 0.000648809, 0.00284894, 0.00201574, 0.000263112, -0.00538962, 0.006286, 0.0584756, 0.205312, -0.0367229, -2.26503, 0.412348, 2.30666, -0.148204, 0.00188925, -0.00390116, 0.00381191, -0.000107238, -0.000566595, 0.00157888, -0.000636576
344987, 10.346, 0.00776482, 0.013232, 0.0677018, 0.261878, 0.138562, -0.127829, -0.00333629, 0.00716981, 0.00755916, 0.038842, 0.420731, 0.030027, 0.506983, 0.048025, 0.162313, 0.981344, -0.109781, -0.157837, -0.149662, -0.951526, -0.268701, -0.120688, 0.287311, -0.950204, -0.000419139, 0.00324064, -1.00546e-05, 0.000203953, -0.00261304, 0.010172, 0.0585286, 0.205294, -0.0366766, -2.26503, 0.412343, 2.30666, -0.148202, 0.0048787, -0.000868133, 0.00179977, -0.00152648, -5.73901e-05, 0.00223984, -0.00425265
355104, 10.356, 0.00776471, 0.0132661, 0.0677115, 0.26188, 0.138552, -0.12775, 0.00088709, 0.00481178, -0.00019063, 0.039029, 0.42081, 0.029895, 0.506983, 0.0480591, 0.162322, 0.981356, -0.109702, -0.157817, -0.149581, -0.951536, -0.26871, -0.12069, 0.287307, -0.950205, 0.000768869, 0.00353009, 0.00186522, 0.000407238, -0.00472314, 0.00899405, 0.0585624, 0.205275, -0.0366442, -2.26503, 0.412338, 2.30666, -0.148212, 0.00642755, -0.0026934, 0.000466411, 0.00135861, -0.000167037, 8.51338e-05, -0.00209387
365223, 10.367, 0.00776435, 0.0133234, 0.0677228, 0.261871, 0.138538, -0.127614, -0.00325633, 0.00716211, 0.00759051, 0.039063, 0.420349, 0.030028, 0.506982, 0.0481164, 0.162334, 0.981376, -0.10957, -0.157784, -0.149443, -0.951557, -0.268711, -0.120698, 0.287287, -0.95021, -0.000391151, 0.00371173, 2.47948e-06, 0.00115987, -0.001626, 0.0129872, 0.0586281, 0.205253, -0.0365946, -2.26503, 0.412317, 2.30667, -0.14822, 0.00459964, -5.5155e-05, 0.00262218, -8.24104e-05, -0.000171684, -3.61565e-05, -0.0059754
375341, 10.377, 0.00775788, 0.0133699, 0.0677285, 0.261862, 0.138543, -0.127502, 0.00086723, 0.00975183, -0.000269008, 0.03909, 0.420807, 0.02976, 0.506976, 0.0481629, 0.16234, 0.98139, -0.109457, -0.157773, -0.149331, -0.951575, -0.26871, -0.120721, 0.28727, -0.950212, -0.000763576, 0.00264975, 0.000310296, -0.00659994, -0.000455951, 0.015418, 0.0586834, 0.205234, -0.0365566, -2.26504, 0.412297, 2.30667, -0.148227, 0.00545043, -0.00159026, 0.00157202, -0.000622506, -0.0113478, -0.000450348, 0.000589495
385460, 10.387, 0.00775383, 0.0134059, 0.0677346, 0.261808, 0.138541, -0.127314, 0.00512012, 0.0122128, -0.000175281, 0.039116, 0.420753, 0.029895, 0.506972, 0.0481989, 0.162346, 0.981416, -0.109274, -0.157742, -0.149139, -0.951616, -0.26867, -0.120751, 0.287203, -0.950228, -0.000520036, 0.00519729, 3.85848e-05, -0.00628754, -0.00357633, 0.0313352, 0.0587317, 0.205218, -0.0365196, -2.26504, 0.412202, 2.30667, -0.148264, 0.006112, 4.96984e-05, 0.00621565, 0.000971698, -0.013825, 0.000101077, -0.00876828
395577, 10.397, 0.00774805, 0.0134358, 0.0677425, 0.261693, 0.138532, -0.127005, 0.000883949, 0.00480239, 0.00748268, 0.039252, 0.42068, 0.029895, 0.506966, 0.0482288, 0.162353, 0.981458, -0.108976, -0.157683, -0.148821, -0.951692, -0.26858, -0.120797, 0.287066, -0.950264, -0.000209636, 0.00563855, 0.000649483, -0.0104464, -0.00558955, 0.0393027, 0.0587761, 0.205194, -0.0364735, -2.26504, 0.412004, 2.30667, -0.148344, 0.00759024, -0.000753875, 0.00675968, 0.00196208, -0.020873, 0.00013846, -0.00923183
405694, 10.407, 0.00773632, 0.0134772, 0.0677486, 0.261562, 0.138529, -0.126612, -0.00339789, -0.00270066, 0.0150817, 0.038943, 0.42061, 0.029894, 0.506954, 0.0482702, 0.16236, 0.981511, -0.108594, -0.157618, -0.148419, -0.951783, -0.268478, -0.120863, 0.286907, -0.950303, -0.00114143, 0.00477652, 0.00169068, -0.0108522, -0.00506812, 0.0328101, 0.0588433, 0.205165, -0.0364226, -2.26505, 0.411776, 2.30667, -0.148462, 0.00983444, -0.00560769, 0.00279297, -0.00197035, -0.0198327, -0.000125666, -0.00494498
415812, 10.417, 0.0077282, 0.0135249, 0.0677605, 0.261406, 0.138513, -0.126156, -0.00339176, -0.00759788, 0.00756264, 0.039105, 0.42074, 0.030031, 0.506946, 0.0483179, 0.162371, 0.981574, -0.108152, -0.15753, -0.14795, -0.95189, -0.268357, -0.120927, 0.286719, -0.950352, -1.19862e-05, 0.000221543, 0.0012857, -0.0179888, -0.00845023, 0.0391087, 0.0589264, 0.20513, -0.0363685, -2.26505, 0.411507, 2.30667, -0.148594, 0.0025554, -0.00346538, 0.0033124, 0.000423383, -0.0314081, 0.0017057, -0.00960975
425938, 10.427, 0.00770833, 0.0135904, 0.0677666, 0.261224, 0.138516, -0.125595, 0.000849011, -0.00515964, 0.00766479, 0.039131, 0.420686, 0.030166, 0.506926, 0.0483834, 0.162378, 0.981648, -0.107606, -0.157444, -0.147377, -0.952019, -0.268216, -0.121028, 0.286497, -0.950406, -0.00289046, 0.00210581, -0.000216965, -0.0172509, -0.0056735, 0.0550698, 0.0590303, 0.20509, -0.0362928, -2.26507, 0.411192, 2.30667, -0.14876, 0.00503828, -0.00453094, 0.00469718, -0.00489578, -0.033455, -6.15529e-06, -0.0202839
436058, 10.437, 0.00770128, 0.0136546, 0.0677853, 0.261006, 0.138488, -0.124971, 0.000797392, -0.00520799, -0.00790965, 0.038907, 0.420567, 0.029764, 0.506919, 0.0484476, 0.162396, 0.981734, -0.107003, -0.157318, -0.146733, -0.952166, -0.268046, -0.121111, 0.286234, -0.950475, -0.0015644, 0.00927334, 0.00178585, -0.0228738, -0.0111546, 0.0783929, 0.0591379, 0.205044, -0.0362136, -2.26506, 0.410814, 2.30667, -0.148933, 0.0153293, -0.00545579, 0.0100139, -2.89507e-05, -0.0443893, -0.000115246, -0.0194473
446177, 10.447, 0.00768589, 0.0137337, 0.0677994, 0.260744, 0.138477, -0.124241, -0.00346837, -0.00771471, 0.00760828, 0.039105, 0.42074, 0.030031, 0.506904, 0.0485267, 0.16241, 0.981831, -0.106296, -0.15719, -0.145984, -0.95234, -0.267839, -0.121228, 0.28592, -0.950554, -0.00182642, 0.0108465, 0.000776333, -0.020594, -0.00808513, 0.0742334, 0.0592737, 0.204997, -0.0361216, -2.26506, 0.410367, 2.30667, -0.149124, 0.0181649, -0.0030401, 0.00954179, 0.000297974, -0.0397832, -0.000183025, -0.0163475
456295, 10.458, 0.00766519, 0.0138371, 0.0678186, 0.260414, 0.138458, -0.123341, -0.00354601, -0.0176139, 0.00748101, 0.038984, 0.420749, 0.029898, 0.506883, 0.0486301, 0.16243, 0.981951, -0.105424, -0.157028, -0.145058, -0.952555, -0.267577, -0.121368, 0.285525, -0.950655, -0.00173622, 0.00871412, 0.0022839, -0.0278524, -0.0102086, 0.0773671, 0.0594518, 0.204929, -0.0360046, -2.26507, 0.409809, 2.30668, -0.149343, 0.0131473, -0.00710671, 0.0122529, -0.000521577, -0.0518788, -0.000190152, -0.0121749
466414, 10.468, 0.00763665, 0.0139587, 0.0678303, 0.260115, 0.138469, -0.122478, -0.00781021, -0.0103672, 0.0151706, 0.038856, 0.420667, 0.029894, 0.506855, 0.0487517, 0.162441, 0.982061, -0.104584, -0.156903, -0.144176, -0.952755, -0.267341, -0.12153, 0.285166, -0.950742, -0.00282979, 0.0138065, 0.00156899, -0.0249438, -0.0111148, 0.0932296, 0.0596707, 0.20487, -0.035903, -2.26509, 0.40931, 2.30668, -0.149542, 0.0236283, -0.00658464, 0.0113758, -0.00199382, -0.0485299, 6.32518e-05, -0.0215711
476544, 10.478, 0.00760937, 0.0140954, 0.0678547, 0.259813, 0.138454, -0.121587, -0.00350397, -0.00791011, 5.12574e-05, 0.039104, 0.420488, 0.030032, 0.506827, 0.0488884, 0.162466, 0.982177, -0.103719, -0.156749, -0.143262, -0.952959, -0.267106, -0.121671, 0.284802, -0.950833, -0.00326384, 0.0135305, 0.00332155, -0.0271161, -0.0140523, 0.0947781, 0.0599335, 0.20478, -0.035814, -2.26512, 0.408813, 2.30669, -0.149738, 0.0279286, -0.0123079, 0.00715453, -0.00504135, -0.0508563, 0.000382588, -0.0212126
486671, 10.488, 0.00755718, 0.0142383, 0.0678704, 0.259533, 0.138475, -0.120681, -0.0120177, -0.00806874, 0.00772932, 0.03889, 0.420463, 0.030029, 0.506775, 0.0490313, 0.162481, 0.982289, -0.102833, -0.15663, -0.14234, -0.953157, -0.266891, -0.121848, 0.284459, -0.950914, -0.00427127, 0.0135498, 0.00244572, -0.0267209, -0.0131036, 0.0966028, 0.0602302, 0.204665, -0.035752, -2.26521, 0.408353, 2.30669, -0.149973, 0.0325706, -0.0123185, 0.00262357, -0.00761853, -0.0490118, 0.00103761, -0.0246174
496807, 10.498, 0.00749293, 0.0144016, 0.0678795, 0.259254, 0.138508, -0.11972, -0.0163176, -0.00566611, 0.0155069, 0.038925, 0.420763, 0.03016, 0.506711, 0.0491946, 0.16249, 0.982406, -0.10189, -0.156515, -0.141365, -0.953361, -0.266681, -0.122044, 0.284114, -0.950991, -0.01045, 0.0175458, -0.00215172, -0.0269512, -0.000380494, 0.108195, 0.060603, 0.204543, -0.0357255, -2.26533, 0.407913, 2.3067, -0.150244, 0.0418702, -0.0116901, 0.00151738, -0.0191837, -0.0496893, -0.00039749, -0.0273332
506925, 10.508, 0.00741514, 0.0145699, 0.067893, 0.258952, 0.138536, -0.118662, -0.0205895, -0.003227, 0.0230161, 0.039181, 0.420683, 0.02989, 0.506633, 0.0493629, 0.162504, 0.982534, -0.100853, -0.156383, -0.140291, -0.953583, -0.266455, -0.122251, 0.28374, -0.951076, -0.011311, 0.0197799, -0.00145243, -0.0258294, -0.00433756, 0.1232, 0.0610358, 0.204382, -0.0357413, -2.26549, 0.407443, 2.30671, -0.150574, 0.0496694, -0.0149433, -0.0017589, -0.0218259, -0.0492238, -0.000304689, -0.0387063
517042, 10.518, 0.00730664, 0.0147486, 0.0678918, 0.258633, 0.138608, -0.117513, -0.0206125, -0.00328096, 0.0230349, 0.039181, 0.420683, 0.02989, 0.506525, 0.0495416, 0.162503, 0.982666, -0.09972, -0.156281, -0.139131, -0.95382, -0.266216, -0.122517, 0.283345, -0.95116, -0.0107089, 0.0177325, 0.00105902, -0.0231199, -0.0100178, 0.119397, 0.0614939, 0.204199, -0.0357558, -2.26572, 0.406947, 2.30672, -0.15096, 0.0453032, -0.0209808, -0.00198952, -0.0236344, -0.0458482, 0.000168348, -0.0424418
527159, 10.528, 0.00717086, 0.0149304, 0.0678848, 0.258297, 0.138706, -0.116279, -0.0248022, -0.000967836, 0.00791409, 0.038992, 0.420609, 0.030024, 0.506389, 0.0497234, 0.162496, 0.982803, -0.0985006, -0.156194, -0.13789, -0.95407, -0.265964, -0.122822, 0.282927, -0.951245, -0.0150686, 0.0197424, -0.0016303, -0.0311335, -0.00237274, 0.1331, 0.06194, 0.203976, -0.0357457, -2.26602, 0.406414, 2.30673, -0.151397, 0.0487769, -0.0223535, 0.000895332, -0.0322278, -0.0587902, 0.000434524, -0.0397024
537277, 10.538, 0.00701779, 0.0151107, 0.0678766, 0.257964, 0.13882, -0.115051, -0.0248882, 0.00394579, 0.0154825, 0.039053, 0.420858, 0.029887, 0.506236, 0.0499037, 0.162488, 0.982935, -0.0972838, -0.156123, -0.136656, -0.954317, -0.265714, -0.123141, 0.282515, -0.951326, -0.0131331, 0.017847, 0.000828854, -0.0286694, -0.0103818, 0.120721, 0.0623852, 0.20372, -0.0357372, -2.26637, 0.405887, 2.30674, -0.151838, 0.0461705, -0.0268713, -0.000636553, -0.0327826, -0.0521091, 0.00545195, -0.0377618
547394, 10.549, 0.0068202, 0.0153228, 0.0678603, 0.257594, 0.138972, -0.113701, -0.0291195, 0.0112526, 0.015562, 0.039148, 0.420902, 0.029885, 0.506038, 0.0501158, 0.162471, 0.983075, -0.0959436, -0.156073, -0.135304, -0.954588, -0.265434, -0.123518, 0.282059, -0.951413, -0.0201408, 0.0160373, -0.00264253, -0.0295639, 8.24775e-05, 0.132054, 0.0628996, 0.203394, -0.0357224, -2.26684, 0.405315, 2.30677, -0.152305, 0.0434573, -0.0316679, -0.000704445, -0.0484564, -0.0566908, 0.00265967, -0.0482328
557511, 10.559, 0.00662129, 0.0155006, 0.0678441, 0.257249, 0.139099, -0.112533, -0.0291005, 0.0259722, 0.0156606, 0.039329, 0.42089, 0.029883, 0.505839, 0.0502936, 0.162455, 0.983195, -0.0947866, -0.156024, -0.134131, -0.954828, -0.265166, -0.123842, 0.281638, -0.951495, -0.0218125, 0.0187154, -0.00347176, -0.0287373, 0.00346702, 0.131777, 0.0633613, 0.203045, -0.0357247, -2.26735, 0.4048, 2.30684, -0.152704, 0.0488043, -0.0325632, -0.000953731, -0.0522083, -0.0542865, 0.00319149, -0.0447071
567627, 10.569, 0.00637871, 0.0156651, 0.0677921, 0.256843, 0.139252, -0.111315, -0.0418179, 0.033149, 0.0234022, 0.03921, 0.420909, 0.029877, 0.505597, 0.0504581, 0.162403, 0.983316, -0.0935807, -0.155991, -0.132908, -0.955089, -0.264842, -0.124201, 0.281156, -0.951591, -0.0269152, 0.0187551, -0.00507943, -0.0318323, 0.00100878, 0.138763, 0.0638098, 0.202672, -0.0357134, -2.268, 0.404227, 2.307, -0.15314, 0.0462362, -0.0422015, 0.0040179, -0.0713794, -0.0570328, 0.0144448, -0.0503117
577746, 10.579, 0.00610671, 0.0158095, 0.0677394, 0.256369, 0.139431, -0.109938, -0.0375352, 0.0404225, 0.00815745, 0.039073, 0.420731, 0.029878, 0.505325, 0.0506025, 0.16235, 0.983449, -0.0922178, -0.155959, -0.131525, -0.955386, -0.264458, -0.124613, 0.280594, -0.951703, -0.0290521, 0.0155639, -0.00753653, -0.0406941, 0.000849288, 0.157422, 0.0642473, 0.202243, -0.0357102, -2.26872, 0.403529, 2.30714, -0.153666, 0.0474423, -0.041356, -0.000296696, -0.0763926, -0.0708733, 0.0170381, -0.0623586
587871, 10.589, 0.00579748, 0.0159254, 0.0676773, 0.255837, 0.13964, -0.108462, -0.0418688, 0.0378745, 0.0157253, 0.039048, 0.421036, 0.029741, 0.505015, 0.0507184, 0.162288, 0.983588, -0.0907573, -0.155943, -0.130045, -0.955709, -0.264024, -0.125074, 0.27997, -0.951826, -0.0336257, 0.00697723, -0.00994348, -0.0471976, 0.0131989, 0.145446, 0.0646636, 0.201757, -0.0357229, -2.26954, 0.402738, 2.30728, -0.154267, 0.0392633, -0.0447633, -0.00756306, -0.0866336, -0.0799879, 0.0124401, -0.0572437
597986, 10.599, 0.00544757, 0.0160217, 0.0676124, 0.255254, 0.139873, -0.106905, -0.0503401, 0.0377159, 0.0158056, 0.039055, 0.421138, 0.029739, 0.504666, 0.0508147, 0.162223, 0.98373, -0.0892156, -0.155937, -0.128481, -0.956053, -0.263543, -0.125572, 0.27929, -0.951961, -0.0365313, 0.0101026, -0.00663297, -0.049391, 0.00876556, 0.167019, 0.0650534, 0.201188, -0.0357292, -2.27048, 0.40186, 2.30743, -0.154915, 0.039133, -0.0581586, -0.000245462, -0.0954891, -0.0893472, 0.0102251, -0.0642852
608102, 10.609, 0.00503835, 0.0160911, 0.0675135, 0.254562, 0.140199, -0.10525, -0.0502545, 0.0375633, 0.00820967, 0.039054, 0.420886, 0.02974, 0.504256, 0.0508841, 0.162124, 0.983866, -0.0875724, -0.156006, -0.126826, -0.956436, -0.262955, -0.126182, 0.278498, -0.952112, -0.0419237, 0.00583667, -0.00896224, -0.0616649, 0.00910747, 0.181754, 0.0654224, 0.20058, -0.035735, -2.27156, 0.400824, 2.30759, -0.155582, 0.0349457, -0.0660631, 0.000133112, -0.112813, -0.107316, 0.0177735, -0.0709223
618217, 10.619, 0.00457986, 0.0161272, 0.067398, 0.253694, 0.140576, -0.103351, -0.0545063, 0.0398648, 0.00809315, 0.039088, 0.420937, 0.02947, 0.503798, 0.0509202, 0.162009, 0.984019, -0.0856933, -0.156087, -0.124923, -0.956891, -0.262208, -0.126889, 0.277517, -0.952304, -0.0485633, 0.00249185, -0.0126263, -0.0821212, 0.0209366, 0.215043, 0.0657668, 0.199908, -0.0357297, -2.27276, 0.39951, 2.30776, -0.156316, 0.0342841, -0.0685392, 1.59826e-05, -0.123535, -0.143606, 0.0121023, -0.0754137
628332, 10.63, 0.00403794, 0.0161319, 0.0672653, 0.252578, 0.141054, -0.100949, -0.0375229, 0.0398077, 0.000428985, 0.039294, 0.42086, 0.029476, 0.503256, 0.0509249, 0.161876, 0.984207, -0.0833172, -0.15619, -0.122512, -0.957466, -0.261246, -0.127781, 0.276255, -0.952552, -0.0522558, 0.00028848, -0.0144195, -0.0885057, 0.0217062, 0.248569, 0.0661142, 0.19912, -0.0357184, -2.27414, 0.397775, 2.30789, -0.157251, 0.030606, -0.0707689, 0.00202173, -0.13033, -0.160482, 0.00938225, -0.0977936
638449, 10.64, 0.00351511, 0.0160971, 0.0671558, 0.251423, 0.141467, -0.0983805, -0.0459887, 0.0395359, 0.000549001, 0.039302, 0.420962, 0.029474, 0.502733, 0.0508901, 0.161767, 0.984415, -0.0807867, -0.156209, -0.119923, -0.958061, -0.260263, -0.128632, 0.27494, -0.952818, -0.0512764, -0.00336885, -0.0105893, -0.105845, 0.00201382, 0.282347, 0.0663905, 0.198309, -0.0357014, -2.27548, 0.395939, 2.308, -0.158335, 0.0280777, -0.0821703, 0.00352256, -0.135109, -0.189209, 0.0186566, -0.112881
648565, 10.65, 0.0029523, 0.0160376, 0.0670379, 0.250194, 0.141889, -0.0955205, -0.0629312, 0.0392021, 0.000713141, 0.039317, 0.421165, 0.029469, 0.50217, 0.0508306, 0.161649, 0.984644, -0.0779702, -0.156198, -0.117038, -0.958699, -0.259227, -0.129535, 0.273527, -0.953102, -0.0556508, -0.00556028, -0.0106614, -0.10756, -0.000537841, 0.305565, 0.0666572, 0.197431, -0.0356948, -2.27693, 0.393965, 2.30812, -0.159642, 0.028158, -0.091527, 0.000753445, -0.148032, -0.196145, 0.0189215, -0.134316
658681, 10.66, 0.00236132, 0.0159609, 0.0669466, 0.248928, 0.142265, -0.0923694, -0.0672118, 0.0315957, -0.0144993, 0.03923, 0.421479, 0.029471, 0.501579, 0.0507539, 0.161558, 0.984898, -0.074872, -0.156107, -0.113852, -0.959365, -0.258179, -0.130433, 0.272053, -0.953401, -0.0581274, -0.0067499, -0.00726112, -0.108487, -0.011062, 0.340868, 0.0668984, 0.196424, -0.0356798, -2.27848, 0.391888, 2.30823, -0.161182, 0.0276515, -0.105246, 0.000370952, -0.156936, -0.206071, 0.0165832, -0.163446
668812, 10.67, 0.00173603, 0.0158632, 0.0668458, 0.247559, 0.142647, -0.0889702, -0.0629785, 0.0338105, -0.014336, 0.039257, 0.421426, 0.029606, 0.500954, 0.0506562, 0.161457, 0.985165, -0.0715337, -0.155989, -0.110412, -0.960071, -0.257048, -0.131372, 0.270458, -0.953726, -0.0630304, -0.00527786, -0.0090722, -0.119741, -0.00688956, 0.385731, 0.0671296, 0.19536, -0.0356603, -2.28013, 0.389644, 2.30837, -0.162866, 0.030919, -0.108313, 0.0038988, -0.16416, -0.231744, 0.0114019, -0.180915
678929, 10.68, 0.00107822, 0.0157499, 0.066751, 0.246142, 0.142991, -0.0853211, -0.07573, 0.0310492, -0.00663897, 0.03946, 0.421451, 0.029469, 0.500296, 0.0505429, 0.161362, 0.985448, -0.0679546, -0.155804, -0.106712, -0.960798, -0.25589, -0.132308, 0.268792, -0.954068, -0.064614, -0.0126625, -0.00825844, -0.123591, -0.016135, 0.394261, 0.0673516, 0.194198, -0.0356386, -2.2819, 0.387308, 2.30855, -0.164751, 0.0228466, -0.117359, -0.000216536, -0.174963, -0.238413, 0.0182092, -0.198565
689046, 10.69, 0.000402288, 0.0156198, 0.0666642, 0.244642, 0.14332, -0.0814708, -0.0588504, 0.0309131, -0.0219269, 0.039444, 0.421504, 0.029474, 0.49962, 0.0504128, 0.161275, 0.985736, -0.0641832, -0.155581, -0.102803, -0.961549, -0.254666, -0.133254, 0.267028, -0.954432, -0.0691415, -0.0137221, -0.0104959, -0.12884, -0.0109147, 0.413073, 0.0675484, 0.192972, -0.0355976, -2.28373, 0.384825, 2.30874, -0.166737, 0.0221364, -0.120475, 0.000574391, -0.184768, -0.250045, 0.0171669, -0.208232
699161, 10.7, -0.000312578, 0.0154724, 0.0665723, 0.242998, 0.143652, -0.0774666, -0.0631542, 0.0380273, -0.00648678, 0.039762, 0.421671, 0.029471, 0.498905, 0.0502654, 0.161183, 0.98602, -0.0602692, -0.155343, -0.0987293, -0.962334, -0.253311, -0.134225, 0.265107, -0.954831, -0.0717179, -0.014099, -0.00775943, -0.144352, -0.0149497, 0.419121, 0.0677378, 0.19166, -0.0355363, -2.28569, 0.382132, 2.30899, -0.168722, 0.0183417, -0.134874, 0.00833462, -0.196759, -0.273107, 0.0233745, -0.192852
709278, 10.71, -0.00102113, 0.0152941, 0.0664704, 0.241154, 0.143951, -0.0733868, -0.0504975, 0.0451387, -0.00642431, 0.039841, 0.421512, 0.029473, 0.498197, 0.0500871, 0.161081, 0.986299, -0.0562994, -0.155062, -0.0945601, -0.963157, -0.251766, -0.135175, 0.262979, -0.955285, -0.0700706, -0.0204342, -0.0110928, -0.169058, -0.0243864, 0.430186, 0.0679252, 0.190358, -0.0354746, -2.28766, 0.379174, 2.30933, -0.170599, 0.0167995, -0.129212, 0.00550873, -0.198786, -0.30307, 0.0426524, -0.188468
719396, 10.721, -0.00179766, 0.0150717, 0.0663756, 0.238956, 0.144176, -0.0687427, -0.0379244, 0.0522806, -0.00632886, 0.040142, 0.421732, 0.029475, 0.49742, 0.0498647, 0.160987, 0.986613, -0.0518031, -0.154633, -0.0897899, -0.964096, -0.249913, -0.136135, 0.260452, -0.955841, -0.070302, -0.0262427, -0.00739183, -0.181041, -0.0328766, 0.432765, 0.0681253, 0.188847, -0.035395, -2.28989, 0.375683, 2.30982, -0.172649, 0.0111551, -0.141963, 0.00330095, -0.205755, -0.321192, 0.0465832, -0.184987
729513, 10.731, -0.00249251, 0.0148623, 0.0663169, 0.236893, 0.144176, -0.0644584, -0.0591587, 0.0493091, -0.00615519, 0.040353, 0.421607, 0.029337, 0.496725, 0.0496553, 0.160928, 0.986914, -0.0476833, -0.154038, -0.0853575, -0.964947, -0.248178, -0.136804, 0.258078, -0.956389, -0.0694012, -0.0199421, -0.00657894, -0.186088, -0.0536569, 0.452019, 0.0683236, 0.187355, -0.0353156, -2.29203, 0.372465, 2.31048, -0.174541, 0.0205086, -0.148275, 0.0101801, -0.21521, -0.323707, 0.0706306, -0.191384
739630, 10.741, -0.00320204, 0.0146571, 0.0662547, 0.234855, 0.144109, -0.0602016, -0.0550851, 0.0366229, -0.00602182, 0.040198, 0.421566, 0.029475, 0.496016, 0.0494501, 0.160866, 0.987204, -0.0435969, -0.153389, -0.0809452, -0.965765, -0.246466, -0.137392, 0.255728, -0.956936, -0.0723594, -0.0211163, -0.00744929, -0.180388, -0.0524875, 0.441009, 0.0685178, 0.185805, -0.0352184, -2.29428, 0.369316, 2.31126, -0.176458, 0.0196103, -0.154071, 0.00780819, -0.227018, -0.312679, 0.0757632, -0.193165
749746, 10.751, -0.00390974, 0.0144896, 0.0662103, 0.232874, 0.143943, -0.0558843, -0.0383028, 0.0266012, -0.00610965, 0.040505, 0.421368, 0.029348, 0.495308, 0.0492826, 0.160821, 0.987493, -0.0394569, -0.152645, -0.0764638, -0.966549, -0.244819, -0.137879, 0.253429, -0.957477, -0.0716295, -0.0128382, -0.00525202, -0.178382, -0.0688999, 0.46189, 0.0687645, 0.184189, -0.0351048, -2.29659, 0.366273, 2.31213, -0.178451, 0.0301585, -0.161139, 0.0148451, -0.232739, -0.309033, 0.0896906, -0.202469
759861, 10.761, -0.00464494, 0.0143305, 0.0661796, 0.230853, 0.143695, -0.0514386, -0.0215007, 0.026333, -0.0289734, 0.040488, 0.42117, 0.029355, 0.494573, 0.0491235, 0.160791, 0.987782, -0.0352008, -0.151812, -0.0718405, -0.967327, -0.243143, -0.138293, 0.251078, -0.958037, -0.0754436, -0.0150646, -0.0041456, -0.176843, -0.0752757, 0.464003, 0.069052, 0.182446, -0.0349919, -2.29905, 0.363192, 2.31311, -0.180517, 0.030734, -0.175226, 0.0107018, -0.250434, -0.305553, 0.0978815, -0.212662
769977, 10.771, -0.00536824, 0.0141763, 0.066135, 0.228746, 0.14337, -0.046796, -0.00903139, 0.0235588, -0.0290308, 0.040446, 0.421021, 0.029224, 0.49385, 0.0489693, 0.160746, 0.988072, -0.0307626, -0.150888, -0.0670045, -0.968111, -0.241396, -0.13865, 0.248626, -0.958625, -0.0727897, -0.0187614, -0.00779977, -0.196182, -0.090885, 0.484842, 0.0693891, 0.180731, -0.0348846, -2.30152, 0.360013, 2.31421, -0.182679, 0.0340669, -0.167484, 0.00734044, -0.251665, -0.328161, 0.121686, -0.220453
780093, 10.781, -0.00605571, 0.0140287, 0.0660999, 0.226554, 0.142857, -0.041997, -0.0008596, 0.0231087, -0.0289883, 0.039994, 0.420922, 0.029225, 0.493162, 0.0488217, 0.160711, 0.988374, -0.0261956, -0.149765, -0.0619819, -0.968897, -0.239578, -0.138831, 0.246075, -0.959256, -0.0710706, -0.0126637, -0.0050668, -0.193516, -0.102555, 0.489555, 0.0697883, 0.179005, -0.0347875, -2.304, 0.356761, 2.31551, -0.18491, 0.0422125, -0.173, 0.0113222, -0.25324, -0.32239, 0.130735, -0.218938
790210, 10.791, -0.00668258, 0.0138756, 0.0660968, 0.224349, 0.142043, -0.0373554, 0.0157468, 0.0227242, -0.0213263, 0.039757, 0.420592, 0.029227, 0.492535, 0.0486686, 0.160708, 0.988691, -0.02182, -0.148371, -0.0570771, -0.96965, -0.237741, -0.138681, 0.243521, -0.95993, -0.0589971, -0.0137085, 0.00141392, -0.200392, -0.150078, 0.467103, 0.070207, 0.177224, -0.0346977, -2.30651, 0.353588, 2.31711, -0.187051, 0.0419302, -0.179032, 0.0133812, -0.249326, -0.316336, 0.173796, -0.207344
800325, 10.801, -0.00726206, 0.0137343, 0.0661013, 0.222145, 0.140965, -0.0330407, 0.0196113, 0.0100047, -0.021157, 0.039602, 0.420551, 0.029365, 0.491956, 0.0485273, 0.160712, 0.989012, -0.0177989, -0.14676, -0.0524659, -0.970365, -0.235881, -0.138212, 0.240989, -0.960636, -0.0575118, -0.0160731, -0.000318527, -0.198378, -0.157552, 0.417782, 0.0706482, 0.175415, -0.0345864, -2.30909, 0.350548, 2.31906, -0.188951, 0.041297, -0.179421, 0.00918141, -0.259004, -0.296714, 0.198472, -0.181766
