timestamp, robot_time[1], robot_ee_pos_error[3], robot_ee_ori_error[3], sensed_forces_moments[6], robot_ee_position[3], robot_ee_orientation[9], robot_ee_linear_velocity[3], robot_ee_angular_velocity[3], joint_angles[7], joint_velocities[7], 
10209, 10.0119, -0.0124076, 0.0286106, 0.0686842, 0.246204, 0.231468, -0.788157, 0.0152665, 0.00437134, 0.000583802, 0.045782, 0.424715, 0.030039, 0.48681, 0.0634036, 0.163295, 0.553289, -0.75047, -0.361477, -0.828071, -0.542621, -0.140927, -0.0903833, 0.377302, -0.921669, -0.000680388, 0.00295089, 0.000135447, -0.00025303, 0.000290887, 0.00729889, 0.145767, 0.15455, -0.111675, -2.34633, 0.576334, 2.32808, 0.561405, 0.00153952, -0.000872134, 0.00455136, -0.000617528, -0.00192687, -0.000343213, 0.000409619
20879, 10.022, -0.0124233, 0.0287231, 0.0686826, 0.246141, 0.231487, -0.787965, -0.0440996, -0.0353927, 0.0235707, 0.045575, 0.425073, 0.029895, 0.486795, 0.0635161, 0.163294, 0.553575, -0.750294, -0.361405, -0.827868, -0.542936, -0.140909, -0.0904967, 0.3772, -0.9217, -0.00255553, 0.011543, -0.000545251, -0.00632367, 0.000637892, 0.0355642, 0.14583, 0.154546, -0.111484, -2.34633, 0.57618, 2.32811, 0.561403, 0.0054626, -0.00074564, 0.0200318, -0.001405, -0.0148602, 0.00101924, 0.00135896
31242, 10.032, -0.0124452, 0.0288341, 0.0686822, 0.246058, 0.231523, -0.787758, -0.0356353, -0.0255324, 0.0160284, 0.045467, 0.425093, 0.03003, 0.486773, 0.0636271, 0.163293, 0.553879, -0.750103, -0.361336, -0.827648, -0.543282, -0.140866, -0.0906428, 0.377082, -0.921734, -0.00189208, 0.0122643, 0.00109688, -0.00608888, -0.00240525, 0.0393843, 0.145892, 0.154535, -0.111295, -2.34633, 0.575982, 2.32811, 0.561408, 0.00654716, -0.00323931, 0.0201546, 8.5353e-06, -0.0163273, -0.000426756, 0.000312748
41551, 10.043, -0.012481, 0.028988, 0.06868, 0.245965, 0.231584, -0.787495, -0.00604002, -0.0178936, 0.0159058, 0.045753, 0.425109, 0.030036, 0.486737, 0.063781, 0.163291, 0.554257, -0.749855, -0.361271, -0.827374, -0.543712, -0.140816, -0.0908353, 0.376954, -0.921767, -0.00147645, 0.0124064, 0.00154796, -0.00455456, -0.00365402, 0.0373114, 0.145986, 0.154512, -0.111049, -2.34635, 0.575768, 2.32811, 0.561411, 0.00501897, -0.00376605, 0.0216077, 0.000315755, -0.0139485, 8.16155e-05, 0.000228132
51790, 10.053, -0.0125038, 0.029138, 0.0686857, 0.245898, 0.231624, -0.787247, -0.0102356, -0.0253378, 0.00827258, 0.045665, 0.424915, 0.030038, 0.486714, 0.063931, 0.163297, 0.554618, -0.749622, -0.361202, -0.827116, -0.54411, -0.140798, -0.0909883, 0.376844, -0.921797, -0.00239356, 0.0154543, -0.000736108, -0.00769439, -0.00110779, 0.0457064, 0.14606, 0.15449, -0.110795, -2.34635, 0.575583, 2.32812, 0.561413, 0.00674567, 0.00067012, 0.027337, 2.8475e-05, -0.0174011, 0.00306362, 0.00112252
62017, 10.063, -0.0125203, 0.0293187, 0.0687018, 0.245863, 0.231657, -0.786979, -0.0187198, -0.0253828, 0.00832739, 0.045673, 0.425016, 0.030036, 0.486698, 0.0641117, 0.163313, 0.555007, -0.749364, -0.361138, -0.82684, -0.544523, -0.14082, -0.0911228, 0.37676, -0.921818, -0.0016546, 0.017918, 0.000650494, 0.000340381, -0.00404548, 0.043923, 0.146144, 0.154457, -0.110495, -2.34634, 0.575439, 2.32814, 0.56141, 0.00911605, -0.000752913, 0.0277947, 0.00118874, -0.00609245, 0.00170683, -0.00322713
72223, 10.074, -0.0125527, 0.0295528, 0.06872, 0.245844, 0.231734, -0.786661, -0.010255, -0.010577, 0.000698541, 0.045624, 0.425033, 0.030035, 0.486665, 0.0643458, 0.163331, 0.555448, -0.749048, -0.361115, -0.826523, -0.544997, -0.140846, -0.0913066, 0.376703, -0.921823, -0.00356944, 0.022621, 0.000663096, 0.00152379, -0.000181536, 0.0508998, 0.146248, 0.154405, -0.110117, -2.34635, 0.575322, 2.32814, 0.561409, 0.00982869, -0.0028998, 0.0361892, -0.00140126, -0.00737149, -0.000313436, 0.000721989
82410, 10.084, -0.0125727, 0.0297576, 0.0687495, 0.245849, 0.231783, -0.786388, 0.0109494, -0.00298508, -0.0070011, 0.045917, 0.424899, 0.030041, 0.486645, 0.0645506, 0.163361, 0.555829, -0.748777, -0.361091, -0.826253, -0.545393, -0.140899, -0.0914349, 0.376668, -0.921825, -0.000644693, 0.0192724, 0.00513609, 0.00490404, -0.0119575, 0.0465867, 0.146317, 0.154339, -0.109769, -2.34635, 0.575234, 2.32814, 0.561411, 0.00327887, -0.0100591, 0.0349196, 0.00104265, -0.00435935, -0.000462269, -0.00558718
92590, 10.094, -0.0125939, 0.0299452, 0.0687756, 0.245868, 0.231836, -0.786155, 0.0235789, -0.00045332, -0.0069927, 0.045714, 0.425126, 0.030177, 0.486624, 0.0647382, 0.163387, 0.556149, -0.748541, -0.361089, -0.826025, -0.545725, -0.140951, -0.0915478, 0.376658, -0.921818, -0.000964143, 0.0170508, 0.00402339, 0.00524615, -0.00763786, 0.0341487, 0.146358, 0.154275, -0.109433, -2.34636, 0.575184, 2.32814, 0.561418, 0.00161372, -0.00850258, 0.0319359, -0.000241862, -0.00127711, 0.000190262, -2.05384e-05
102771, 10.104, -0.012594, 0.0301015, 0.0688266, 0.24593, 0.231838, -0.785963, 0.0235946, 0.0045419, 0.000585136, 0.045997, 0.424992, 0.030042, 0.486624, 0.0648945, 0.163438, 0.556424, -0.748345, -0.361069, -0.825837, -0.545981, -0.141062, -0.0915736, 0.376675, -0.921808, 4.52914e-05, 0.0158805, 0.00390766, 0.00566681, -0.00746455, 0.0294148, 0.146373, 0.154177, -0.109142, -2.34635, 0.575169, 2.32814, 0.561414, 2.98135e-05, -0.00634487, 0.0308863, 0.00228552, 0.000132671, 3.34648e-05, 0.00114609
112953, 10.114, -0.0126028, 0.0302537, 0.0688702, 0.245987, 0.231852, -0.785781, 0.0151933, 0.00449337, -0.00699764, 0.046004, 0.424842, 0.030041, 0.486615, 0.0650467, 0.163481, 0.556678, -0.748159, -0.361064, -0.825661, -0.546222, -0.141158, -0.0916124, 0.376696, -0.921796, -0.00118897, 0.0168093, 0.00455332, 0.00674026, -0.00831463, 0.0334727, 0.146399, 0.15408, -0.10887, -2.34636, 0.575164, 2.32814, 0.561412, 0.000238371, -0.0103435, 0.0324083, -0.00134153, 0.000133585, -0.000403116, -0.00131656
123133, 10.125, -0.0126104, 0.0304257, 0.0689196, 0.246052, 0.231862, -0.785581, 0.0236609, 0.00456863, -0.00705056, 0.045996, 0.42474, 0.030043, 0.486608, 0.0652187, 0.163531, 0.55696, -0.747955, -0.361053, -0.825467, -0.546486, -0.14127, -0.091647, 0.376719, -0.921783, -0.00093116, 0.016665, 0.00397456, 0.00568948, -0.00711887, 0.0330849, 0.14642, 0.153972, -0.108553, -2.34637, 0.575162, 2.32815, 0.561415, 0.000891729, -0.00818457, 0.0316747, 7.38272e-05, -0.000837184, -0.000447465, -8.90352e-05
133318, 10.135, -0.0126121, 0.0305658, 0.0689688, 0.246116, 0.231863, -0.785416, 0.0278183, 0.00706266, -0.00699323, 0.045801, 0.425069, 0.030176, 0.486606, 0.0653588, 0.16358, 0.557195, -0.747786, -0.361041, -0.825307, -0.5467, -0.141376, -0.0916623, 0.376744, -0.921771, -0.0022758, 0.0137976, 0.00340387, 0.00548706, -0.00409529, 0.0254039, 0.146423, 0.153871, -0.108284, -2.34637, 0.57516, 2.32815, 0.561417, 0.000488329, -0.0101852, 0.0263344, -0.0043149, 4.30015e-05, -0.000679116, 0.00131655
143535, 10.145, -0.0126091, 0.030682, 0.0690233, 0.246182, 0.231844, -0.785275, 0.036273, 0.0120779, -0.00712502, 0.045853, 0.424964, 0.030043, 0.486609, 0.065475, 0.163634, 0.557403, -0.747642, -0.361018, -0.825168, -0.546881, -0.141488, -0.0916514, 0.376766, -0.921763, -0.000641808, 0.0104813, 0.00287764, 0.00372196, -0.00291683, 0.0150448, 0.146412, 0.153759, -0.108048, -2.34637, 0.575151, 2.32815, 0.561419, -0.00251333, -0.00634845, 0.0228391, -0.000568498, -0.000294823, -0.00014917, 0.00573323
153737, 10.155, -0.0126003, 0.0307801, 0.069078, 0.246245, 0.231812, -0.785149, 0.0278052, 0.00711322, -0.00699586, 0.045801, 0.425069, 0.030176, 0.486618, 0.0655731, 0.163689, 0.557593, -0.747516, -0.360983, -0.825042, -0.547042, -0.1416, -0.0916246, 0.376782, -0.921759, 0.00153584, 0.0100776, 0.00662784, 0.00421225, -0.0136625, 0.0200372, 0.146417, 0.153654, -0.107863, -2.34636, 0.575139, 2.32815, 0.561415, 0.00157629, -0.0122785, 0.0177939, 0.00176409, -0.000628704, 2.81564e-06, -0.000374502
163958, 10.165, -0.0125905, 0.030863, 0.0691312, 0.246296, 0.231772, -0.785035, 0.023605, 0.00463637, -0.0147054, 0.045773, 0.424871, 0.030043, 0.486628, 0.065656, 0.163742, 0.557772, -0.747405, -0.360938, -0.824925, -0.547192, -0.141703, -0.0915931, 0.376785, -0.921761, 0.00280753, 0.0114715, 0.00641846, 0.00183953, -0.0150209, 0.0261496, 0.146434, 0.153551, -0.107717, -2.34635, 0.575112, 2.32815, 0.561412, 0.00637604, -0.00859151, 0.0163739, 0.00643063, -0.00358155, 0.000172132, -0.000730634
174374, 10.176, -0.0125854, 0.0309556, 0.0691875, 0.24634, 0.231733, -0.784897, 0.0108423, 0.0020692, -0.00713396, 0.045533, 0.424899, 0.029904, 0.486633, 0.0657486, 0.163799, 0.557987, -0.747272, -0.360882, -0.824782, -0.547382, -0.141804, -0.0915741, 0.376773, -0.921768, 0.00157695, 0.00789085, 0.00826413, 0.000348723, -0.017292, 0.0235029, 0.146451, 0.153433, -0.107548, -2.34635, 0.575058, 2.32815, 0.561407, 0.000525303, -0.0171012, 0.0153759, 0.000312606, -0.00789608, -0.000280743, -0.0014859
184596, 10.186, -0.0125767, 0.031041, 0.0692454, 0.246366, 0.231683, -0.784756, 0.0150349, 0.00465992, -0.00703033, 0.045782, 0.425224, 0.030039, 0.486641, 0.065834, 0.163856, 0.558212, -0.747141, -0.360805, -0.824631, -0.547585, -0.141896, -0.0915549, 0.376739, -0.921784, 0.00109906, 0.00786806, 0.00624812, -0.00170218, -0.0132886, 0.0239719, 0.146468, 0.153317, -0.107388, -2.34634, 0.574967, 2.32815, 0.561412, -0.000815821, -0.0126515, 0.0172612, 0.000904012, -0.0100898, 0.000293065, 0.000292122
194834, 10.196, -0.0125732, 0.0311249, 0.0693004, 0.246381, 0.231637, -0.784602, 0.0192758, 0.00714835, -0.0069357, 0.045809, 0.42517, 0.030174, 0.486645, 0.0659179, 0.163911, 0.558457, -0.746999, -0.36072, -0.824466, -0.547812, -0.141977, -0.0915497, 0.37669, -0.921804, 0.000693312, 0.00824283, 0.00516375, -0.00124316, -0.0109824, 0.0247498, 0.146479, 0.153198, -0.107221, -2.34634, 0.574852, 2.32815, 0.561409, 0.000671135, -0.0102422, 0.0164012, 0.00114814, -0.00905037, -0.000285121, -0.000563377
205165, 10.206, -0.0125693, 0.031195, 0.0693549, 0.246378, 0.231581, -0.784448, 0.0192823, 0.00719417, 0.000731035, 0.046031, 0.42504, 0.030175, 0.486649, 0.065988, 0.163966, 0.558708, -0.746861, -0.360616, -0.824296, -0.548049, -0.142047, -0.0915457, 0.376618, -0.921834, -0.000308295, 0.00917208, 0.00456543, -0.00467098, -0.0111241, 0.0354814, 0.146484, 0.153078, -0.10707, -2.34634, 0.5747, 2.32815, 0.561405, 0.00205675, -0.0103718, 0.0179861, -0.000215524, -0.0154076, -5.42902e-05, -0.00358711
215474, 10.217, -0.0125694, 0.0312655, 0.0694141, 0.246331, 0.231518, -0.784252, 0.0150089, 0.00461424, -0.00701744, 0.04556, 0.424845, 0.030039, 0.486649, 0.0660585, 0.164025, 0.559031, -0.746691, -0.360468, -0.824075, -0.548371, -0.142092, -0.0915711, 0.376487, -0.921885, -0.000743268, 0.00711212, 0.00495066, -0.0132612, -0.0109227, 0.0407764, 0.146499, 0.152942, -0.106915, -2.34634, 0.574446, 2.32814, 0.561408, 0.00224054, -0.0125877, 0.0157364, -0.00107827, -0.0291818, -0.000299259, 0.000478196
225753, 10.227, -0.0125682, 0.0313175, 0.0694598, 0.24623, 0.231437, -0.784034, 0.0107334, 0.00216586, 0.000560085, 0.045755, 0.424769, 0.029904, 0.48665, 0.0661105, 0.164071, 0.559398, -0.746513, -0.360266, -0.82382, -0.548751, -0.142099, -0.0916176, 0.376285, -0.921963, -0.000373475, 0.00503919, 0.0038656, -0.020478, -0.010531, 0.0458383, 0.146519, 0.152837, -0.106782, -2.34633, 0.574099, 2.32815, 0.561402, 0.00378647, -0.00941549, 0.0118832, 0.000920695, -0.0390212, 0.000491248, 0.000837848
235974, 10.237, -0.012577, 0.0313745, 0.0694974, 0.246061, 0.231366, -0.783753, 0.0148373, 0.00956549, 0.000563595, 0.045621, 0.425094, 0.029902, 0.486641, 0.0661675, 0.164108, 0.559864, -0.746284, -0.360018, -0.823491, -0.549257, -0.142053, -0.0917301, 0.376002, -0.922067, -0.00175319, 0.00672134, 0.00299112, -0.0283431, -0.00919251, 0.0633254, 0.14655, 0.15274, -0.106631, -2.34632, 0.573619, 2.32815, 0.561395, 0.00694129, -0.00894218, 0.0142474, 0.000301232, -0.0531015, -0.000189371, 0.000260923
246228, 10.248, -0.0125956, 0.0314095, 0.0695313, 0.245792, 0.231273, -0.7834, 0.0190191, 0.0120207, 0.000687954, 0.045647, 0.42504, 0.030037, 0.486622, 0.0662025, 0.164142, 0.560458, -0.746005, -0.359671, -0.823068, -0.549919, -0.141943, -0.0918992, 0.375587, -0.92222, -0.00175281, 0.000726036, 0.00245849, -0.0323659, -0.00888667, 0.058287, 0.146562, 0.152631, -0.106472, -2.34632, 0.572923, 2.32815, 0.561381, -0.000845019, -0.00909134, 0.010883, -0.000939134, -0.0590662, -9.51603e-05, -0.00120795
256450, 10.2579, -0.0126181, 0.0314417, 0.0695578, 0.245495, 0.231182, -0.783014, 0.0147059, 0.00954167, 0.00829485, 0.045843, 0.424964, 0.029902, 0.4866, 0.0662347, 0.164169, 0.561101, -0.745699, -0.359302, -0.822608, -0.55064, -0.141815, -0.0920949, 0.375137, -0.922383, -0.00192516, 0.00226071, 0.00399718, -0.042905, -0.0155254, 0.0848971, 0.146577, 0.152534, -0.106313, -2.34632, 0.572175, 2.32815, 0.561342, 0.00037473, -0.0129705, 0.0157085, -0.000403194, -0.0793375, 0.00024042, -0.00609281
266604, 10.2679, -0.012644, 0.0314617, 0.069581, 0.245157, 0.231076, -0.782569, 0.0145904, 0.00453893, 0.000757059, 0.04556, 0.425097, 0.030037, 0.486574, 0.0662547, 0.164192, 0.561841, -0.745346, -0.358879, -0.822078, -0.551469, -0.14167, -0.0923176, 0.374622, -0.92257, -0.00210773, 0.00232214, 0.00243484, -0.0492367, -0.0151368, 0.0986334, 0.146592, 0.152438, -0.106162, -2.34632, 0.571324, 2.32815, 0.561252, 0.00403545, -0.00876608, 0.0139145, 0.0017691, -0.0892839, 0.000103736, -0.0102326
276759, 10.2779, -0.012678, 0.0314616, 0.069598, 0.244735, 0.230955, -0.782022, 0.0145544, 0.00943635, 0.000758676, 0.045842, 0.424712, 0.029904, 0.48654, 0.0662546, 0.164209, 0.562746, -0.74491, -0.358365, -0.821427, -0.552487, -0.141481, -0.0926011, 0.373988, -0.922799, -0.00325603, -0.00196783, 0.00147839, -0.063584, -0.0151933, 0.115787, 0.146602, 0.152343, -0.106018, -2.34632, 0.570279, 2.32814, 0.561091, 0.000836478, -0.0091416, 0.0121889, 0.000511945, -0.113509, -0.000396776, -0.0129973
286903, 10.2879, -0.0127125, 0.0314547, 0.0696175, 0.244234, 0.230791, -0.78135, 0.0186211, 0.00696935, 0.000681441, 0.045808, 0.424664, 0.029771, 0.486505, 0.0662477, 0.164229, 0.563858, -0.744375, -0.35773, -0.820628, -0.553726, -0.141273, -0.0929246, 0.373221, -0.923077, -0.00452862, -0.00367714, -0.000557915, -0.0732555, -0.015669, 0.137508, 0.146623, 0.152239, -0.105865, -2.34631, 0.569026, 2.32814, 0.560857, 0.00273488, -0.00629266, 0.00964758, 8.89677e-06, -0.129914, -0.000597876, -0.022927
297054, 10.298, -0.0127575, 0.0314361, 0.0696291, 0.243645, 0.230602, -0.780549, 0.0184232, 0.0068838, -0.00689507, 0.045585, 0.424794, 0.029771, 0.48646, 0.0662291, 0.16424, 0.565173, -0.743734, -0.356986, -0.819679, -0.555192, -0.141026, -0.0933096, 0.372318, -0.923403, -0.00291532, -0.00421839, 0.00419436, -0.0859073, -0.0312803, 0.167503, 0.146646, 0.152133, -0.105702, -2.34631, 0.567564, 2.32815, 0.560534, -6.44259e-05, -0.0160164, 0.0148537, 0.00180708, -0.155353, 0.000472373, -0.0311681
307200, 10.308, -0.0128012, 0.0314016, 0.06964, 0.242948, 0.230378, -0.779616, 0.0224462, -0.000542977, -0.00686883, 0.045491, 0.42475, 0.029773, 0.486417, 0.0661946, 0.164251, 0.566703, -0.742988, -0.356113, -0.81857, -0.5569, -0.140731, -0.0937579, 0.371256, -0.923785, -0.0051271, -0.00730339, -0.000763871, -0.10341, -0.0240398, 0.190359, 0.146663, 0.152035, -0.105528, -2.34628, 0.565843, 2.32815, 0.56015, -0.000129478, -0.00722679, 0.0134073, 0.00211082, -0.182601, 0.000224862, -0.0338566
317385, 10.318, -0.0128534, 0.0313655, 0.0696452, 0.24217, 0.230137, -0.778545, 0.026477, 0.00679254, -0.00676313, 0.045578, 0.424692, 0.029773, 0.486365, 0.0661585, 0.164256, 0.568439, -0.742126, -0.355141, -0.817306, -0.558836, -0.1404, -0.0942708, 0.370068, -0.924209, -0.00564556, -0.0041255, 0.000435324, -0.108466, -0.0345471, 0.228764, 0.146699, 0.151938, -0.105345, -2.34625, 0.563928, 2.32815, 0.559678, 0.00113779, -0.0103955, 0.0204986, 0.00222048, -0.19689, -1.96054e-05, -0.0540108
327573, 10.329, -0.0129098, 0.0313004, 0.0696532, 0.241165, 0.229811, -0.777199, 0.0304543, 0.00917517, -0.00654996, 0.045604, 0.424639, 0.029908, 0.486308, 0.0660934, 0.164264, 0.570623, -0.741049, -0.353888, -0.81571, -0.561271, -0.139969, -0.0949035, 0.36854, -0.924755, -0.0058457, -0.00512902, -0.000119615, -0.126649, -0.0357119, 0.253247, 0.146747, 0.151827, -0.105149, -2.34619, 0.561471, 2.32815, 0.559094, 0.0075771, -0.00906945, 0.0168187, 0.00460971, -0.225716, 0.000223484, -0.0525676
337801, 10.339, -0.0129771, 0.0312051, 0.0696518, 0.240066, 0.22948, -0.775855, 0.0385605, 0.014067, 0.00107007, 0.045658, 0.424786, 0.029773, 0.486241, 0.0659981, 0.164263, 0.572801, -0.739988, -0.352586, -0.814104, -0.563729, -0.139445, -0.0955753, 0.366916, -0.925331, -0.00615993, -0.00866006, 0.000826238, -0.150639, -0.03989, 0.28451, 0.146783, 0.151713, -0.104977, -2.34615, 0.558868, 2.32815, 0.558579, 0.00582799, -0.0124158, 0.0176304, 0.00580329, -0.266929, -0.000280671, -0.0515802
348070, 10.349, -0.013056, 0.0310613, 0.0696453, 0.23876, 0.22909, -0.774388, 0.0468118, 0.0238474, -0.0139087, 0.045992, 0.42455, 0.029911, 0.486162, 0.0658543, 0.164256, 0.575188, -0.738849, -0.351085, -0.812329, -0.566446, -0.138782, -0.0963318, 0.365022, -0.926002, -0.00654689, -0.0150723, 0.000643762, -0.177282, -0.0421036, 0.310542, 0.146811, 0.15158, -0.104826, -2.34612, 0.555845, 2.32816, 0.558088, 0.00342077, -0.0138799, 0.0140282, 0.00641881, -0.310035, 0.000253378, -0.0490902
358235, 10.36, -0.0131603, 0.0308557, 0.0696312, 0.237064, 0.228614, -0.77266, 0.0548626, 0.0236878, -0.013769, 0.045984, 0.424448, 0.029914, 0.486058, 0.0656487, 0.164242, 0.578002, -0.737533, -0.349227, -0.810217, -0.569689, -0.137853, -0.0972795, 0.362629, -0.926843, -0.00929683, -0.0199902, -0.00111994, -0.205241, -0.0377911, 0.337022, 0.146831, 0.151412, -0.104667, -2.3461, 0.552031, 2.32817, 0.557657, 0.00199946, -0.0153615, 0.0129102, 0.00274886, -0.355121, 0.000307958, -0.0415886
368389, 10.37, -0.0132546, 0.030615, 0.0696204, 0.235389, 0.228133, -0.771071, 0.0586856, 0.0259235, -0.0211543, 0.045788, 0.424525, 0.030049, 0.485963, 0.065408, 0.164231, 0.580597, -0.736345, -0.347423, -0.808252, -0.5727, -0.136904, -0.098161, 0.360291, -0.927661, -0.00931569, -0.0225329, 0.000471681, -0.221858, -0.0405491, 0.3432, 0.146823, 0.151244, -0.104564, -2.34608, 0.548313, 2.32818, 0.557343, -0.00231712, -0.0213253, 0.0167046, 0.000357276, -0.380179, 0.00453811, -0.0286891
378564, 10.38, -0.0133585, 0.0303343, 0.0695984, 0.233578, 0.227631, -0.769431, 0.0582169, 0.020744, -0.00591909, 0.045728, 0.424273, 0.029779, 0.48586, 0.0651273, 0.164209, 0.583264, -0.73513, -0.345523, -0.806215, -0.575816, -0.135842, -0.0990963, 0.357798, -0.928526, -0.00959069, -0.0290209, -0.000304148, -0.237614, -0.0386894, 0.356029, 0.146812, 0.15108, -0.104499, -2.34607, 0.544361, 2.32819, 0.557062, -0.0013169, -0.0201047, 0.00636587, 0.00190022, -0.405808, 0.00118152, -0.0292895
388812, 10.39, -0.0134683, 0.0300138, 0.069579, 0.231634, 0.227078, -0.767688, 0.0619876, 0.022936, -0.0132812, 0.045532, 0.42435, 0.029914, 0.48575, 0.0648068, 0.16419, 0.586084, -0.73384, -0.343487, -0.804047, -0.579107, -0.134698, -0.100069, 0.355125, -0.929448, -0.0107875, -0.0317301, -0.000821882, -0.248735, -0.0365455, 0.366875, 0.146814, 0.15089, -0.104482, -2.34607, 0.540137, 2.3282, 0.556761, 0.00111385, -0.0211818, 0.00137843, 0.000253035, -0.423821, -0.000306109, -0.0277406
399043, 10.4, -0.0135834, 0.0296427, 0.0695506, 0.2295, 0.226472, -0.765795, 0.0699681, 0.0276996, -0.020796, 0.045806, 0.424372, 0.029782, 0.485635, 0.0644357, 0.164162, 0.589123, -0.732438, -0.341274, -0.801692, -0.582655, -0.133429, -0.101116, 0.352203, -0.930446, -0.0113426, -0.0378898, -0.00391847, -0.278473, -0.0406046, 0.400847, 0.146798, 0.150707, -0.104487, -2.34606, 0.535533, 2.32821, 0.556424, -0.00116989, -0.0168444, 0.000133396, -0.000203541, -0.468003, 0.0071568, -0.0324924
409271, 10.41, -0.0137053, 0.0292323, 0.0695222, 0.227211, 0.225806, -0.76375, 0.0695119, 0.0223927, -0.0128364, 0.045746, 0.423866, 0.029918, 0.485495, 0.0639822, 0.164125, 0.592693, -0.730765, -0.338669, -0.798901, -0.586816, -0.131925, -0.10233, 0.348754, -0.931611, -0.0123066, -0.039131, -0.00205583, -0.287952, -0.0451962, 0.425579, 0.146765, 0.150485, -0.104508, -2.34607, 0.530117, 2.32823, 0.55599, -6.25426e-06, -0.0230994, -0.00087573, -0.00208169, -0.488153, 0.00403102, -0.0406489
419481, 10.421, -0.013837, 0.0287661, 0.0694856, 0.224683, 0.225061, -0.761455, 0.06464, -0.000145595, -0.0126643, 0.045478, 0.423936, 0.02992, 0.485381, 0.0635591, 0.164097, 0.595975, -0.7292, -0.336274, -0.796318, -0.590618, -0.13057, -0.103398, 0.345597, -0.932669, -0.00864381, -0.0430326, -0.000197694, -0.287183, -0.0566011, 0.422157, 0.146715, 0.15029, -0.104523, -2.34606, 0.525174, 2.32826, 0.555546, -0.00618971, -0.0231605, -0.00219865, 0.00195933, -0.485186, 0.00914781, -0.0490734
429761, 10.431, -0.0139436, 0.0283296, 0.0694506, 0.222346, 0.224318, -0.759351, 0.0640859, -0.000455261, -0.0124223, 0.045478, 0.423936, 0.02992, 0.485274, 0.0631226, 0.164062, 0.599265, -0.727631, -0.333818, -0.793712, -0.594416, -0.129197, -0.104419, 0.342379, -0.933742, -0.009626, -0.0437455, -0.00155948, -0.294841, -0.0510888, 0.418716, 0.14666, 0.150106, -0.104536, -2.34606, 0.520183, 2.32836, 0.555113, -0.00644053, -0.0220813, -0.00119411, -0.000224691, -0.494487, 0.0111929, -0.0372801
439991, 10.441, -0.0140526, 0.0278799, 0.0694144, 0.219873, 0.223542, -0.75714, 0.063507, -0.000787766, -0.0121705, 0.045478, 0.423936, 0.02992, 0.485165, 0.0626729, 0.164025, 0.602686, -0.725977, -0.331252, -0.790976, -0.598368, -0.127723, -0.105486, 0.33899, -0.934858, -0.0120454, -0.0453895, -0.00529105, -0.315454, -0.0423386, 0.448492, 0.146616, 0.149921, -0.104545, -2.34605, 0.514941, 2.32846, 0.554708, -0.00240795, -0.0154941, -0.00314349, 0.000842299, -0.528811, 0.00737597, -0.0363865
450219, 10.451, -0.0141512, 0.0274189, 0.0693878, 0.217036, 0.222642, -0.754647, 0.0628182, 0.00374686, -0.019616, 0.045316, 0.424063, 0.029785, 0.485053, 0.0621652, 0.163993, 0.606511, -0.724115, -0.328332, -0.787888, -0.602788, -0.126015, -0.106665, 0.335119, -0.936119, -0.0113948, -0.0455936, -0.00283674, -0.329607, -0.0472129, 0.45558, 0.146568, 0.14971, -0.104546, -2.34602, 0.508971, 2.32858, 0.554341, -0.00131543, -0.0219568, -0.000523837, -0.000559512, -0.549513, 0.0118676, -0.0237514
460425, 10.462, -0.0142613, 0.0269107, 0.0693564, 0.214419, 0.2218, -0.7524, 0.0579654, -0.00897284, -0.0192875, 0.045169, 0.424123, 0.02992, 0.484957, 0.0617037, 0.163967, 0.609935, -0.722443, -0.325661, -0.785098, -0.606746, -0.124421, -0.107706, 0.331565, -0.937264, -0.0103459, -0.044375, -0.00151467, -0.325429, -0.0489377, 0.451926, 0.146535, 0.149515, -0.104547, -2.34599, 0.503514, 2.32871, 0.5541, -0.00112429, -0.0230431, 0.000700109, 0.000888379, -0.543449, 0.0113113, -0.0233449
470610, 10.472, -0.0143485, 0.0264432, 0.0693375, 0.211746, 0.220918, -0.750133, 0.0616009, 0.00301809, -0.0190964, 0.045316, 0.424063, 0.029785, 0.484869, 0.0612362, 0.163949, 0.613366, -0.720759, -0.322937, -0.78228, -0.610706, -0.122786, -0.108721, 0.32794, -0.938422, -0.00757006, -0.0487863, -0.00141417, -0.344654, -0.0584389, 0.464624, 0.146513, 0.149314, -0.104552, -2.34595, 0.497971, 2.32886, 0.553917, -0.00190123, -0.0209772, -0.00146705, 0.00427173, -0.568724, 0.020791, -0.0212374
480772, 10.482, -0.0144255, 0.0259629, 0.0693299, 0.20895, 0.219957, -0.747791, 0.0652556, -0.00963773, -0.0340453, 0.045382, 0.423896, 0.029925, 0.484792, 0.0607559, 0.163941, 0.616892, -0.719024, -0.320077, -0.779363, -0.614763, -0.121076, -0.109716, 0.324147, -0.939623, -0.00820141, -0.0494807, -0.00114516, -0.354139, -0.0566656, 0.46622, 0.1465, 0.149092, -0.104547, -2.3459, 0.492198, 2.32905, 0.553806, -0.00255052, -0.023501, 0.000436958, 0.00188956, -0.582464, 0.0224187, -0.0104764
490923, 10.492, -0.0144865, 0.0254921, 0.0693331, 0.206189, 0.218954, -0.745497, 0.0646014, -0.0100864, -0.0261686, 0.04516, 0.42377, 0.029924, 0.484732, 0.0602851, 0.163944, 0.62033, -0.717329, -0.317223, -0.776501, -0.6187, -0.119397, -0.110619, 0.320389, -0.940805, -0.00620528, -0.0453937, 0.0012044, -0.343508, -0.058147, 0.452061, 0.146504, 0.14886, -0.104544, -2.34585, 0.486515, 2.32929, 0.553753, 0.000446882, -0.0247983, 0.00265993, 0.00516062, -0.565238, 0.021517, -0.00421393
501086, 10.502, -0.0145354, 0.025041, 0.0693467, 0.203484, 0.217957, -0.74325, 0.0681418, -0.0177286, -0.0259605, 0.045288, 0.424104, 0.029926, 0.484683, 0.059834, 0.163958, 0.623666, -0.715662, -0.314432, -0.773702, -0.622512, -0.117748, -0.11147, 0.316712, -0.941949, -0.00349412, -0.0447176, 0.00203814, -0.335378, -0.0641468, 0.43199, 0.146514, 0.14863, -0.10453, -2.34578, 0.480962, 2.32952, 0.553744, 0.00126125, -0.0238501, 0.00166195, 0.00621157, -0.546494, 0.0292771, -0.0011603
511288, 10.513, -0.0145894, 0.0245486, 0.0693691, 0.200453, 0.216859, -0.740706, 0.0632947, -0.00590951, -0.0180469, 0.045442, 0.423636, 0.029789, 0.484629, 0.0593416, 0.16398, 0.627386, -0.713759, -0.311342, -0.77055, -0.626757, -0.115882, -0.112424, 0.312608, -0.943206, -0.00479602, -0.0444598, 0.000684409, -0.345845, -0.0551435, 0.454488, 0.146534, 0.148368, -0.104506, -2.34569, 0.474763, 2.32974, 0.553745, 0.00390508, -0.0193564, 0.00158906, 0.0106753, -0.568481, 0.0190218, -0.000804052
521441, 10.523, -0.0146423, 0.0241083, 0.0693923, 0.197696, 0.215906, -0.738369, 0.066855, -0.00375912, -0.0253459, 0.045469, 0.424091, 0.029924, 0.484576, 0.0589013, 0.164003, 0.630743, -0.711991, -0.308596, -0.767673, -0.630593, -0.114155, -0.11332, 0.308903, -0.944318, -0.00644144, -0.0433354, 0.00188444, -0.33876, -0.0460043, 0.452635, 0.146553, 0.148136, -0.104485, -2.34559, 0.469152, 2.32987, 0.553743, 0.00093933, -0.0221534, 0.00389001, 0.0110183, -0.56452, 0.00607757, 0.000586308
531585, 10.533, -0.0146926, 0.0236978, 0.0694318, 0.195012, 0.214976, -0.736048, 0.0704632, -0.00656858, -0.0252447, 0.045435, 0.424043, 0.029791, 0.484525, 0.0584908, 0.164043, 0.63403, -0.710221, -0.305929, -0.764832, -0.634335, -0.112474, -0.11418, 0.305296, -0.945387, -0.00523772, -0.0419388, 0.00421112, -0.326324, -0.050201, 0.433981, 0.146583, 0.147878, -0.104443, -2.34549, 0.463684, 2.32997, 0.553749, 0.000928779, -0.0267515, 0.00364394, 0.00924139, -0.543363, 0.0081927, 0.0015081
541735, 10.543, -0.0147386, 0.0233016, 0.0694848, 0.192329, 0.214064, -0.733678, 0.0741183, 0.000470405, -0.0249981, 0.045522, 0.423986, 0.029791, 0.484479, 0.0580946, 0.164096, 0.637334, -0.708392, -0.303292, -0.761951, -0.638089, -0.110785, -0.115048, 0.301701, -0.946436, -0.00387421, -0.0382066, 0.00820186, -0.326553, -0.0552862, 0.45098, 0.146622, 0.147612, -0.104392, -2.34536, 0.45822, 2.33001, 0.553741, 0.00216137, -0.0320971, 0.00967535, 0.0139267, -0.550391, 0.00188839, -0.00128185
551876, 10.553, -0.0147826, 0.0229062, 0.0695544, 0.189626, 0.213134, -0.731266, 0.0693295, -0.00735373, -0.0324026, 0.045434, 0.423791, 0.029792, 0.484435, 0.0576992, 0.164165, 0.640661, -0.70652, -0.300638, -0.759027, -0.641856, -0.109082, -0.115897, 0.298077, -0.94748, -0.00160369, -0.0384602, 0.0109981, -0.327133, -0.0604491, 0.450523, 0.146651, 0.147311, -0.104325, -2.34523, 0.452709, 2.33003, 0.553742, 0.00123501, -0.0348095, 0.0100705, 0.0179079, -0.552334, 0.000748438, 0.000491538
562017, 10.563, -0.0148071, 0.0225385, 0.0696408, 0.187048, 0.21221, -0.728917, 0.0687622, -0.0126564, -0.0320989, 0.045374, 0.423795, 0.029928, 0.484411, 0.0573315, 0.164252, 0.643869, -0.704686, -0.298079, -0.75619, -0.645466, -0.107475, -0.116664, 0.294604, -0.948471, -0.000888669, -0.0364922, 0.0106539, -0.308227, -0.0577816, 0.422194, 0.146675, 0.14701, -0.104237, -2.34507, 0.44743, 2.33004, 0.553738, 0.00180771, -0.0325997, 0.00846848, 0.0174563, -0.519361, 0.00137104, 0.00129615
572167, 10.573, -0.0148227, 0.0222081, 0.0697419, 0.184626, 0.211316, -0.726651, 0.0767047, -0.0128836, -0.0395497, 0.045588, 0.42382, 0.029931, 0.484395, 0.0570011, 0.164353, 0.646929, -0.702903, -0.295653, -0.753466, -0.648889, -0.10598, -0.117352, 0.291326, -0.949398, -0.000836049, -0.0322498, 0.0114781, -0.295377, -0.0565304, 0.413042, 0.146702, 0.146694, -0.104127, -2.34491, 0.442447, 2.33004, 0.553722, 0.0018701, -0.035448, 0.0108905, 0.0163113, -0.496237, 9.98929e-06, 9.43686e-05
582320, 10.584, -0.0148239, 0.0218578, 0.0698784, 0.182018, 0.210298, -0.724164, 0.0803552, -0.00583109, -0.0393143, 0.045675, 0.423763, 0.029931, 0.484394, 0.0566508, 0.164489, 0.650263, -0.700936, -0.292996, -0.750484, -0.652591, -0.104396, -0.118031, 0.287774, -0.950397, 0.00155166, -0.0340488, 0.0133366, -0.292532, -0.0616658, 0.404707, 0.146728, 0.146311, -0.10399, -2.34472, 0.437048, 2.33004, 0.553702, 0.000378007, -0.0344247, 0.0106097, 0.0204314, -0.494795, 0.000208835, -0.000128893
592461, 10.594, -0.014823, 0.0215519, 0.070009, 0.179665, 0.209366, -0.721867, 0.0840224, 0.00617791, -0.0468328, 0.045599, 0.423833, 0.029795, 0.484395, 0.0563449, 0.16462, 0.653306, -0.699106, -0.29059, -0.747743, -0.655955, -0.102974, -0.118625, 0.28456, -0.951291, -0.000666769, -0.0296759, 0.0133839, -0.282047, -0.0593893, 0.399796, 0.14675, 0.145951, -0.103843, -2.34455, 0.432171, 2.33004, 0.553654, 0.00248685, -0.0385485, 0.0149933, 0.0137158, -0.478962, 0.000359801, -0.00173001
602603, 10.604, -0.0148077, 0.0212661, 0.0701671, 0.177413, 0.208417, -0.719591, 0.0835002, 0.00584816, -0.0313787, 0.0456, 0.423576, 0.029794, 0.48441, 0.0560591, 0.164778, 0.656295, -0.69728, -0.288232, -0.745039, -0.659231, -0.101645, -0.119136, 0.281453, -0.952151, 0.000734723, -0.027235, 0.0160701, -0.272876, -0.0637517, 0.408789, 0.146766, 0.14555, -0.103678, -2.34437, 0.427448, 2.33003, 0.553578, 0.000538185, -0.0408187, 0.0192563, 0.0181181, -0.470734, -0.00575449, -0.0142331
612753, 10.614, -0.0147864, 0.0209936, 0.0703349, 0.175253, 0.207466, -0.717359, 0.0914218, 0.0155152, -0.0387225, 0.045713, 0.423974, 0.029929, 0.484432, 0.0557866, 0.164946, 0.659204, -0.695479, -0.285934, -0.742395, -0.662399, -0.100391, -0.119582, 0.278454, -0.952976, 0.00212705, -0.0292056, 0.015292, -0.269537, -0.0651582, 0.392251, 0.146779, 0.145132, -0.103509, -2.3442, 0.422895, 2.33003, 0.553474, -0.000829353, -0.0378888, 0.0160137, 0.0183997, -0.460481, -0.000601304, -0.0116713
622894, 10.624, -0.0147764, 0.0207163, 0.0705197, 0.173076, 0.206486, -0.715057, 0.0952054, 0.0226226, -0.0461556, 0.045799, 0.423665, 0.02993, 0.484442, 0.0555093, 0.165131, 0.662174, -0.693611, -0.283601, -0.739678, -0.665618, -0.0991385, -0.120006, 0.27542, -0.953804, 0.00118508, -0.0290927, 0.0188176, -0.268867, -0.0731435, 0.402126, 0.146792, 0.144642, -0.10334, -2.34408, 0.418287, 2.33003, 0.553324, -0.000572865, -0.0498357, 0.0163582, 0.0118275, -0.462884, -0.000153618, -0.0197799
633035, 10.634, -0.0147674, 0.0204329, 0.070717, 0.170899, 0.205481, -0.712729, 0.0862056, 0.0272314, -0.0459898, 0.045867, 0.423763, 0.029793, 0.484451, 0.0552259, 0.165328, 0.665151, -0.691716, -0.281253, -0.736938, -0.668834, -0.0978921, -0.120398, 0.272379, -0.954628, 0.00134448, -0.0268207, 0.0197577, -0.268745, -0.074507, 0.403695, 0.146802, 0.144113, -0.103178, -2.34398, 0.413669, 2.33003, 0.553155, -0.000461452, -0.0518327, 0.0209457, 0.0114107, -0.462929, 0.0005627, -0.0168594
643176, 10.645, -0.0147674, 0.0201434, 0.0709426, 0.168616, 0.204403, -0.710225, 0.0898253, 0.0293795, -0.0304758, 0.045673, 0.423835, 0.029925, 0.484451, 0.0549364, 0.165554, 0.668321, -0.689663, -0.27877, -0.734002, -0.672242, -0.0965986, -0.12078, 0.269176, -0.955487, 0.0012842, -0.0246945, 0.0215109, -0.253983, -0.0773069, 0.39278, 0.14682, 0.143488, -0.102996, -2.34392, 0.408805, 2.33003, 0.552941, 0.00279569, -0.0565743, 0.0182635, 0.0083266, -0.440162, 0.000100746, -0.0238199
653331, 10.655, -0.0147786, 0.0199022, 0.0711606, 0.166671, 0.203456, -0.708031, 0.0893422, 0.0291345, -0.0303108, 0.045673, 0.423835, 0.029925, 0.484439, 0.0546952, 0.165772, 0.67107, -0.687853, -0.276628, -0.73144, -0.675183, -0.0955124, -0.121076, 0.266433, -0.956219, -0.0010571, -0.0242679, 0.0211594, -0.239267, -0.0698174, 0.359983, 0.146838, 0.142864, -0.102829, -2.34392, 0.404627, 2.33002, 0.552731, 0.00272665, -0.0606956, 0.0150448, 0.000133649, -0.413841, -0.000613175, -0.0148527
663473, 10.665, -0.0147915, 0.019661, 0.0713835, 0.16478, 0.202513, -0.705858, 0.101579, 0.0363585, -0.0301909, 0.045752, 0.423676, 0.029927, 0.484427, 0.054454, 0.165994, 0.67377, -0.686052, -0.274529, -0.728911, -0.67806, -0.0944665, -0.121338, 0.263756, -0.956927, -0.000721058, -0.0259931, 0.0225896, -0.232507, -0.0719243, 0.348476, 0.146846, 0.142221, -0.102668, -2.34394, 0.40055, 2.33001, 0.552485, -0.00101016, -0.0644864, 0.0134665, -0.0017849, -0.403389, -0.000864754, -0.0171408
673613, 10.675, -0.0148083, 0.0194124, 0.0715959, 0.162838, 0.201569, -0.703606, 0.113769, 0.0337731, -0.0454899, 0.045709, 0.423783, 0.029797, 0.48441, 0.0542054, 0.166207, 0.676534, -0.684176, -0.272405, -0.726298, -0.681007, -0.0933789, -0.121622, 0.261021, -0.957641, 0.000210269, -0.0244418, 0.0252714, -0.235467, -0.0829319, 0.381516, 0.146862, 0.141598, -0.102515, -2.34396, 0.3964, 2.33, 0.552185, -0.00111217, -0.0692712, 0.0182331, -0.000262864, -0.41463, -0.00157685, -0.0374777
683779, 10.685, -0.0148218, 0.0191656, 0.0718123, 0.160924, 0.200617, -0.701328, 0.117513, 0.0261736, -0.0453918, 0.045615, 0.423739, 0.0298, 0.484396, 0.0539586, 0.166423, 0.679302, -0.682268, -0.270293, -0.723667, -0.683947, -0.0923175, -0.121881, 0.258313, -0.958342, -0.000403335, -0.0247483, 0.0230883, -0.226379, -0.0788986, 0.367542, 0.146878, 0.14097, -0.102365, -2.34398, 0.392295, 2.32999, 0.551832, 0.00218372, -0.0652319, 0.012097, -0.00224321, -0.397008, -0.00023221, -0.0408233
693920, 10.695, -0.0148203, 0.0189215, 0.0720382, 0.159075, 0.199644, -0.699038, 0.1128, 0.0184897, -0.0299875, 0.045529, 0.423539, 0.029799, 0.484398, 0.0537145, 0.166649, 0.682063, -0.680338, -0.268197, -0.721031, -0.686858, -0.0913254, -0.122081, 0.255668, -0.959026, -0.000391463, -0.0249631, 0.0203166, -0.227455, -0.0758482, 0.371991, 0.146889, 0.140344, -0.10222, -2.34398, 0.388289, 2.32999, 0.5514, 0.00129213, -0.0579394, 0.0131375, -0.000409987, -0.39744, 0.001066, -0.0453568
704077, 10.705, -0.0148155, 0.0186959, 0.0722669, 0.157282, 0.198679, -0.696664, 0.116564, 0.0256689, -0.0374777, 0.045393, 0.423612, 0.029798, 0.484403, 0.0534889, 0.166878, 0.684883, -0.678314, -0.266131, -0.718322, -0.689814, -0.0903911, -0.122267, 0.253075, -0.959689, 0.00168434, -0.0228248, 0.024257, -0.223713, -0.0872869, 0.390114, 0.146897, 0.139723, -0.102049, -2.34397, 0.384362, 2.32998, 0.550835, -0.00104501, -0.0637, 0.0191526, 0.00272813, -0.39742, -1.78762e-05, -0.0603178
714218, 10.716, -0.0148073, 0.0184452, 0.0725115, 0.155297, 0.197597, -0.693894, 0.124433, 0.0304602, -0.0298227, 0.045446, 0.423759, 0.029663, 0.484411, 0.0532382, 0.167122, 0.688125, -0.67593, -0.263824, -0.715182, -0.6932, -0.0893771, -0.12247, 0.250185, -0.960421, 0.00263216, -0.0264232, 0.0237809, -0.227962, -0.0912948, 0.406475, 0.146913, 0.139062, -0.101863, -2.34395, 0.380003, 2.32998, 0.550032, 0.000696063, -0.0610174, 0.0117241, 0.00519661, -0.405254, -0.000154704, -0.0768099
724767, 10.726, -0.0148111, 0.0182181, 0.0727115, 0.153422, 0.19661, -0.691095, 0.115507, 0.0302259, -0.0219598, 0.045677, 0.42373, 0.029662, 0.484407, 0.0530111, 0.167322, 0.691333, -0.673489, -0.261669, -0.71204, -0.696548, -0.0884276, -0.12271, 0.247452, -0.961098, -0.000769775, -0.0246636, 0.0199512, -0.236678, -0.09057, 0.456295, 0.146934, 0.138498, -0.101671, -2.34394, 0.375903, 2.32999, 0.549034, 0.00130209, -0.0572081, 0.0185717, 0.000512131, -0.424872, 0.000514895, -0.105142
734919, 10.736, -0.0148212, 0.0180043, 0.0729063, 0.151599, 0.195635, -0.688089, 0.115005, 0.0299575, -0.0142011, 0.045455, 0.423603, 0.02966, 0.484397, 0.0527973, 0.167517, 0.694712, -0.670833, -0.259534, -0.7087, -0.700056, -0.0875481, -0.122958, 0.244752, -0.961758, -0.000755772, -0.023132, 0.0202819, -0.222636, -0.0974984, 0.475802, 0.146964, 0.13794, -0.10147, -2.34394, 0.371859, 2.32999, 0.547743, 0.00301755, -0.0578555, 0.017246, -0.00046041, -0.408385, 2.52231e-05, -0.138525
745102, 10.746, -0.0148325, 0.0178204, 0.0730992, 0.149912, 0.194689, -0.684983, 0.118753, 0.0224579, -0.0293915, 0.04536, 0.423816, 0.029664, 0.484385, 0.0526134, 0.16771, 0.698142, -0.668056, -0.257485, -0.705283, -0.703592, -0.0867968, -0.123179, 0.242196, -0.962376, -0.00138349, -0.0169852, 0.0179656, -0.199178, -0.0952003, 0.475134, 0.146998, 0.137388, -0.101248, -2.34395, 0.368031, 2.32999, 0.546212, 0.0051087, -0.0518023, 0.0219822, -0.000633599, -0.373738, -0.000168344, -0.15921
755327, 10.757, -0.0148424, 0.0176303, 0.0732918, 0.148122, 0.193673, -0.681362, 0.118244, 0.0272387, -0.0293234, 0.04542, 0.423812, 0.029528, 0.484376, 0.0524233, 0.167903, 0.702068, -0.664783, -0.255272, -0.70133, -0.707624, -0.0860465, -0.123435, 0.239441, -0.963033, 0.000499459, -0.0191263, 0.0197604, -0.195741, -0.106389, 0.491384, 0.147044, 0.136842, -0.101002, -2.34394, 0.363921, 2.32999, 0.544204, -0.000158474, -0.0541072, 0.0228199, 0.000619259, -0.372401, 0.0024592, -0.182351
765535, 10.767, -0.0148586, 0.0174663, 0.07346, 0.146468, 0.192742, -0.677829, 0.122022, 0.0294958, -0.021488, 0.045225, 0.423632, 0.029662, 0.484359, 0.0522593, 0.168071, 0.705834, -0.66157, -0.253228, -0.697495, -0.711486, -0.0853692, -0.12369, 0.236882, -0.963633, -0.00151536, -0.0163322, 0.0171356, -0.197837, -0.106346, 0.537185, 0.147115, 0.136352, -0.100776, -2.34394, 0.360118, 2.32999, 0.542144, 0.00647398, -0.0496691, 0.0236488, -3.37861e-05, -0.381968, 9.45766e-05, -0.213819
775748, 10.777, -0.0148731, 0.0172832, 0.0736304, 0.144743, 0.191763, -0.674081, 0.125701, 0.0367469, -0.021368, 0.04509, 0.423957, 0.02966, 0.484345, 0.0520762, 0.168241, 0.70978, -0.658153, -0.251094, -0.693434, -0.715528, -0.0846646, -0.123942, 0.23421, -0.964253, -0.00600224, -0.0176514, 0.0114256, -0.207482, -0.0956154, 0.562917, 0.147181, 0.135854, -0.100555, -2.34394, 0.356158, 2.33, 0.539908, 0.00724469, -0.0433211, 0.0237051, -0.00655343, -0.398259, -0.000619009, -0.226251
786003, 10.787, -0.0149035, 0.0171108, 0.0737805, 0.142952, 0.190824, -0.67021, 0.125243, 0.0366411, -0.0288388, 0.045312, 0.424084, 0.029662, 0.484314, 0.0519038, 0.168392, 0.713787, -0.654614, -0.248975, -0.689251, -0.71965, -0.0838856, -0.124262, 0.231483, -0.96487, -0.00337505, -0.0175309, 0.0141734, -0.211403, -0.103498, 0.571359, 0.147272, 0.135387, -0.100324, -2.34395, 0.352128, 2.32999, 0.537619, 0.0116529, -0.0455426, 0.0206695, -0.0019899, -0.40478, 0.000397622, -0.228338
796248, 10.797, -0.0149327, 0.0169351, 0.0739217, 0.141129, 0.189877, -0.666284, 0.120482, 0.0290183, -0.0363595, 0.045003, 0.424271, 0.029661, 0.484285, 0.0517281, 0.168533, 0.717802, -0.651021, -0.246844, -0.685012, -0.72378, -0.0830752, -0.124577, 0.228723, -0.965488, -0.00248167, -0.0174276, 0.0149382, -0.211702, -0.105654, 0.579758, 0.147377, 0.134888, -0.100069, -2.34396, 0.347661, 2.32999, 0.535078, 0.00634653, -0.045564, 0.0264414, 0.000150692, -0.40792, -0.000270735, -0.233842
806502, 10.808, -0.0149649, 0.0167385, 0.0740781, 0.139082, 0.188827, -0.661796, 0.128448, 0.0436311, -0.0361859, 0.045176, 0.424157, 0.029661, 0.484253, 0.0515315, 0.168689, 0.722323, -0.646901, -0.244476, -0.680177, -0.72843, -0.0821572, -0.124936, 0.225631, -0.966168, -0.00328174, -0.0154922, 0.0142575, -0.215657, -0.107679, 0.607729, 0.147477, 0.134453, -0.0998414, -2.34396, 0.343521, 2.32999, 0.532631, 0.0139304, -0.0449739, 0.0246999, -0.000789441, -0.416718, 7.81586e-05, -0.249601
816751, 10.818, -0.0149958, 0.0165393, 0.0742125, 0.137084, 0.187821, -0.657424, 0.136355, 0.0485139, -0.0361493, 0.045451, 0.42443, 0.029528, 0.484222, 0.0513323, 0.168823, 0.726664, -0.642882, -0.242204, -0.675473, -0.732896, -0.081239, -0.125283, 0.222636, -0.966818, -0.00360682, -0.0172428, 0.012446, -0.229768, -0.10914, 0.646809, 0.147575, 0.13402, -0.0996034, -2.34396, 0.339135, 2.33, 0.530015, 0.014588, -0.040767, 0.0251964, 0.000840834, -0.442436, 0.000151932, -0.267827
