timestamp, robot_time[1], robot_ee_pos_error[3], robot_ee_ori_error[3], sensed_forces_moments[6], robot_ee_position[3], robot_ee_orientation[9], robot_ee_linear_velocity[3], robot_ee_angular_velocity[3], joint_angles[7], joint_velocities[7], 
10211, 10.0116, 0.00880682, -0.00361294, 0.0815542, -0.211474, -0.22306, 0.557396, 0.000451844, 8.52189e-05, 0.00773011, 0.043051, 0.419633, 0.029162, 0.508025, 0.0311801, 0.176165, 0.797653, 0.582842, 0.155063, 0.534643, -0.802309, 0.265439, 0.279117, -0.128825, -0.951576, -0.000377539, -0.00246294, -0.00271549, -0.0016412, 0.00475616, -0.00378546, 0.265784, 0.0741574, -0.221068, -2.52554, -0.451205, 2.8488, -0.145464, 0.000803109, 0.00622609, -0.00521182, 0.000624309, 0.000575074, 0.000745984, -0.000958108
20443, 10.0216, 0.00880137, -0.00359833, 0.0815172, -0.211468, -0.222998, 0.557431, 0.000445416, -0.01473, 0.0229238, 0.04287, 0.419389, 0.029163, 0.508019, 0.0311947, 0.176128, 0.797646, 0.582868, 0.154998, 0.534684, -0.802288, 0.265418, 0.279057, -0.128834, -0.951593, -9.23872e-05, 0.000708727, -0.00287613, -0.00167743, 0.00502708, 0.00153272, 0.265806, 0.0742478, -0.221055, -2.52552, -0.451199, 2.8488, -0.145463, 0.00262533, 0.00776378, -0.000704538, 0.00242363, 0.000576228, 4.78806e-05, -5.48168e-05
30598, 10.0316, 0.00878559, -0.00358921, 0.0814679, -0.21146, -0.22291, 0.557461, -0.00800345, -0.0147728, 0.0229791, 0.042878, 0.41949, 0.029161, 0.508004, 0.0312038, 0.176079, 0.79765, 0.582888, 0.154909, 0.534725, -0.802271, 0.265386, 0.278969, -0.128851, -0.951616, -0.00161785, -0.00122565, -0.00600378, -0.002701, 0.0114034, -0.00334546, 0.265828, 0.0743467, -0.221051, -2.52552, -0.451197, 2.8488, -0.145458, -0.00028126, 0.0124509, -0.00107613, 0.000521304, 0.000434603, -0.000162246, 0.00166942
40765, 10.0416, 0.00876642, -0.00357319, 0.0813979, -0.211452, -0.222785, 0.557521, -0.0079742, -0.0147636, 0.0229864, 0.042878, 0.41949, 0.029161, 0.507984, 0.0312198, 0.176009, 0.797643, 0.582931, 0.154779, 0.534799, -0.802236, 0.265345, 0.278848, -0.128875, -0.951649, -0.00201793, 0.000922404, -0.00835701, -0.0050206, 0.015855, 0.00409365, 0.265865, 0.0744952, -0.221045, -2.52551, -0.451195, 2.8488, -0.145464, 0.00392332, 0.0182499, -0.000724717, 0.0017998, -0.000100254, 5.07792e-05, -0.000804572
50963, 10.0516, 0.00872602, -0.00356623, 0.0812907, -0.211437, -0.222587, 0.557579, -0.00372013, -0.0171775, 0.0228582, 0.042844, 0.419442, 0.029028, 0.507944, 0.0312268, 0.175902, 0.797658, 0.582963, 0.15458, 0.534879, -0.802206, 0.265274, 0.27865, -0.128917, -0.951701, -0.00423594, -0.00050691, -0.0112181, -0.00520624, 0.0224535, 0.000686531, 0.265896, 0.0746941, -0.221045, -2.52553, -0.451194, 2.8488, -0.145464, 0.00143238, 0.0206321, -0.000537688, -0.00232122, 0.00134628, -0.000101993, -0.00105617
61156, 10.0626, 0.00869078, -0.00355046, 0.0811688, -0.211423, -0.222369, 0.557651, -0.00787903, -0.0147305, 0.0230111, 0.042878, 0.41949, 0.029161, 0.507909, 0.0312425, 0.17578, 0.797669, 0.583007, 0.154358, 0.534975, -0.802167, 0.265199, 0.278433, -0.128963, -0.951758, -0.00366544, 0.000352387, -0.0112168, -0.00523602, 0.0215077, 0.000846319, 0.265936, 0.0749467, -0.221034, -2.52552, -0.45119, 2.8488, -0.145459, 0.00140314, 0.0220826, 0.00105899, -0.000556366, -0.00011021, 0.000158202, 0.00182402
71328, 10.0726, 0.00865033, -0.00353756, 0.0810407, -0.211408, -0.222136, 0.557729, -0.00783552, -0.00977269, 0.0229447, 0.042938, 0.419487, 0.029025, 0.507868, 0.0312554, 0.175652, 0.79768, 0.583055, 0.154121, 0.535079, -0.802123, 0.26512, 0.278203, -0.129014, -0.951818, -0.00376242, 0.00333401, -0.0121879, -0.00620443, 0.0234998, 0.00825687, 0.265967, 0.0752035, -0.221019, -2.52552, -0.45119, 2.8488, -0.145461, 0.0044536, 0.024921, 0.00404214, 0.000671494, -1.76106e-05, -8.83235e-05, 0.000244149
81547, 10.0826, 0.00860071, -0.00353869, 0.0808914, -0.211393, -0.221861, 0.557792, -0.0119552, -0.00244107, 0.00774085, 0.04281, 0.41941, 0.029024, 0.507819, 0.0312543, 0.175502, 0.797713, 0.583083, 0.153844, 0.535173, -0.802093, 0.265024, 0.277928, -0.12908, -0.95189, -0.00585108, -0.000135539, -0.0174623, -0.00920723, 0.0342324, 0.00304443, 0.265979, 0.075495, -0.221009, -2.52553, -0.451187, 2.8488, -0.145462, 0.000622941, 0.0339841, 0.0019309, -0.00121837, -0.000438124, -0.000190089, -0.000196088
91785, 10.0926, 0.00856373, -0.00354612, 0.0807487, -0.211388, -0.221603, 0.557837, -0.00768431, 0.000147796, 0.00786561, 0.043059, 0.419735, 0.02916, 0.507782, 0.0312469, 0.17536, 0.797754, 0.583096, 0.153583, 0.535246, -0.802071, 0.26494, 0.27767, -0.129152, -0.951955, -0.00356365, -0.00186683, -0.0139749, -0.00680085, 0.0266261, -0.00352774, 0.26599, 0.0757977, -0.221011, -2.52551, -0.451187, 2.8488, -0.145454, -0.00158829, 0.0296129, 0.000306087, 0.00197923, 0.00115377, -0.000208137, 0.00130194
102101, 10.1036, 0.00850623, -0.00355723, 0.0805684, -0.211373, -0.221276, 0.557898, -0.0117964, -0.00726651, 0.000244665, 0.042971, 0.41954, 0.029161, 0.507724, 0.0312358, 0.175179, 0.797803, 0.583115, 0.153256, 0.535343, -0.802044, 0.264826, 0.277342, -0.129235, -0.95204, -0.00443803, -0.00149107, -0.015576, -0.00775686, 0.02978, -0.00205773, 0.266001, 0.0761543, -0.221016, -2.52552, -0.451182, 2.84881, -0.145457, -0.000136437, 0.0320087, -0.000218346, 0.000889603, 0.000434477, 3.44153e-05, 0.0014227
112401, 10.1136, 0.0084574, -0.00357381, 0.0804079, -0.211364, -0.22098, 0.557942, -0.0117385, -0.002304, 0.000191698, 0.043031, 0.419537, 0.029026, 0.507675, 0.0312192, 0.175019, 0.797855, 0.583122, 0.152959, 0.535419, -0.802026, 0.264727, 0.277045, -0.129316, -0.952115, -0.00497777, -0.00190628, -0.0151739, -0.00686978, 0.0292518, -0.00474175, 0.266, 0.0764765, -0.221021, -2.52552, -0.451177, 2.84881, -0.14546, -0.000170241, 0.0296069, -0.00105049, -0.0010574, 0.000258833, -0.000104219, 0.00342355
122692, 10.1236, 0.00840838, -0.00358766, 0.0802478, -0.211355, -0.220685, 0.557987, -0.00321984, -0.00230157, 0.00775862, 0.042802, 0.419308, 0.029027, 0.507626, 0.0312053, 0.174859, 0.797906, 0.583129, 0.152664, 0.535496, -0.802008, 0.264627, 0.276749, -0.129397, -0.95219, -0.00595299, -0.00289607, -0.018985, -0.0100756, 0.0368834, -0.00208912, 0.265997, 0.0767981, -0.221019, -2.52552, -0.451177, 2.84881, -0.145454, -0.00129594, 0.0376257, -0.00129965, -0.000697145, 2.43978e-05, 0.000177994, -0.00051734
132990, 10.1336, 0.00835389, -0.00360623, 0.0800693, -0.211345, -0.220356, 0.558031, -0.00737862, -0.00962643, 0.000157495, 0.042937, 0.419492, 0.029028, 0.507572, 0.0311868, 0.17468, 0.797967, 0.583132, 0.152335, 0.535576, -0.801991, 0.264516, 0.276419, -0.129488, -0.952274, -0.00570224, -0.00175744, -0.0171266, -0.00837822, 0.0333608, -0.00169536, 0.265994, 0.0771567, -0.221023, -2.52552, -0.451174, 2.84881, -0.145449, -5.79473e-05, 0.0332944, -0.000582387, -0.0014108, 0.000514424, 9.24462e-05, 0.000644892
143217, 10.1446, 0.0082953, -0.00362227, 0.0798783, -0.211334, -0.220004, 0.558092, -0.00729861, -0.00959993, 0.000177635, 0.042937, 0.419492, 0.029028, 0.507513, 0.0311707, 0.174489, 0.798022, 0.583149, 0.15198, 0.535676, -0.801963, 0.264398, 0.276066, -0.129584, -0.952363, -0.00471385, -0.00201424, -0.0164353, -0.0094248, 0.0317976, 0.000116799, 0.265996, 0.0775402, -0.221025, -2.52552, -0.451172, 2.84881, -0.145453, 0.00125669, 0.0337489, -0.00246148, 0.000860997, -0.000145228, 1.41609e-05, -0.00123027
153490, 10.1546, 0.0082417, -0.00363799, 0.0797036, -0.211323, -0.219682, 0.558137, -0.0072542, -0.00959497, -0.00745389, 0.042715, 0.419622, 0.029028, 0.50746, 0.031155, 0.174315, 0.79808, 0.583153, 0.151659, 0.535755, -0.801947, 0.264288, 0.275743, -0.12967, -0.952445, -0.00476085, -0.00238773, -0.0155845, -0.00807147, 0.0302238, -0.00302993, 0.265991, 0.0778912, -0.221022, -2.52552, -0.451167, 2.84881, -0.145447, -0.00211585, 0.0312363, 2.31378e-05, -1.54514e-05, -8.3498e-05, -0.000228563, 0.00100136
163822, 10.1646, 0.00819237, -0.00365, 0.0795435, -0.211313, -0.219388, 0.558186, -0.00293749, -0.00216237, -0.00742701, 0.042801, 0.419565, 0.029028, 0.50741, 0.031143, 0.174155, 0.798128, 0.583164, 0.151364, 0.535836, -0.801926, 0.264187, 0.275447, -0.129749, -0.95252, -0.00531141, 0.00117925, -0.0172681, -0.00927541, 0.0333476, 0.00522136, 0.265996, 0.0782129, -0.221024, -2.52552, -0.451163, 2.84881, -0.145446, 0.00528923, 0.0350883, -0.000108997, 0.000494469, -0.000194336, -1.03791e-05, 0.000138445
174334, 10.1756, 0.0081362, -0.00366231, 0.0793617, -0.2113, -0.219054, 0.55824, -0.007121, -0.00460645, -0.00749784, 0.042775, 0.419619, 0.028893, 0.507354, 0.0311307, 0.173973, 0.798183, 0.583176, 0.151029, 0.535927, -0.801903, 0.264073, 0.275111, -0.129838, -0.952605, -0.00525795, -0.00163182, -0.0164881, -0.00880731, 0.0321015, 0.000255665, 0.266, 0.0785783, -0.221022, -2.52552, -0.451158, 2.84881, -0.145441, 0.000307989, 0.0326872, -0.000810731, -0.000613441, 7.07141e-05, 0.00015967, -0.000828153
184734, 10.1856, 0.00809264, -0.00367088, 0.0792062, -0.211289, -0.218777, 0.558285, -0.00273548, -0.00213502, -0.015012, 0.0428, 0.419314, 0.029029, 0.507311, 0.0311221, 0.173817, 0.798228, 0.583186, 0.150752, 0.536002, -0.801884, 0.263978, 0.274834, -0.129911, -0.952675, -0.00502467, 0.00256658, -0.0153114, -0.00767485, 0.0294497, 0.00761045, 0.266002, 0.0789011, -0.221017, -2.52551, -0.451157, 2.84882, -0.14543, 0.00535916, 0.0305614, 0.00208813, -0.000376033, 4.02359e-05, 0.000532326, -8.7406e-05
195136, 10.1966, 0.00804321, -0.00368243, 0.0790464, -0.211278, -0.218483, 0.558333, -0.011138, -0.00216222, -0.0149452, 0.042808, 0.419415, 0.029027, 0.507261, 0.0311106, 0.173657, 0.798276, 0.583196, 0.150457, 0.536082, -0.801863, 0.263877, 0.274538, -0.129989, -0.95275, -0.00388267, -0.000604595, -0.0128782, -0.00712241, 0.0250011, 0.00222731, 0.266006, 0.0792224, -0.221017, -2.52551, -0.451151, 2.84882, -0.145429, 0.000161369, 0.0261587, 0.000747776, 0.000322192, 7.47725e-06, 0.000122587, -0.00135608
205399, 10.2066, 0.00801103, -0.0036923, 0.0789201, -0.211271, -0.218254, 0.558361, -0.0111335, -0.00205478, -0.0149222, 0.043031, 0.419794, 0.029027, 0.507229, 0.0311007, 0.173531, 0.79832, 0.583195, 0.150229, 0.536135, -0.801854, 0.263799, 0.274308, -0.130053, -0.952807, -0.00341775, -0.000682967, -0.0124036, -0.00634021, 0.0234936, -0.00065215, 0.266007, 0.0794924, -0.221016, -2.52549, -0.451144, 2.84882, -0.145419, 0.000654083, 0.0259584, 4.41768e-05, 0.00124231, -0.000112717, 0.000121318, 0.00157185
215802, 10.2166, 0.0079744, -0.00369505, 0.078799, -0.211259, -0.218039, 0.558406, -0.0110378, -0.00212752, -0.0149198, 0.042808, 0.419415, 0.029027, 0.507192, 0.031098, 0.17341, 0.798348, 0.583213, 0.150013, 0.536204, -0.801833, 0.263723, 0.274092, -0.130105, -0.952862, -0.00372416, -0.00042097, -0.0118942, -0.00589245, 0.0227842, 7.93695e-05, 0.266017, 0.0797382, -0.221013, -2.52549, -0.451138, 2.84883, -0.14542, -4.55417e-05, 0.0238636, 0.00111737, -8.54548e-05, -0.000296422, 0.000194093, 0.00135204
226077, 10.2266, 0.00793765, -0.00370216, 0.0786807, -0.211248, -0.217823, 0.558433, -0.0110364, -0.00201985, -0.0148973, 0.043031, 0.419794, 0.029027, 0.507156, 0.0310908, 0.173292, 0.798388, 0.583212, 0.149799, 0.536255, -0.801824, 0.263644, 0.273873, -0.13016, -0.952918, -0.00338073, -0.00121893, -0.0120366, -0.00635793, 0.0231063, -0.00107612, 0.266021, 0.0799761, -0.221011, -2.52549, -0.451129, 2.84883, -0.14541, -0.000965518, 0.0249795, 0.00058655, 0.00102965, -7.52008e-05, -0.000141035, 0.000780914
236350, 10.2366, 0.00790404, -0.00370895, 0.0785676, -0.211222, -0.217625, 0.558436, -0.0152429, -0.00451926, 0.000295101, 0.043005, 0.419591, 0.028891, 0.507122, 0.031084, 0.173179, 0.798442, 0.583187, 0.149611, 0.536282, -0.801836, 0.263553, 0.273664, -0.130198, -0.952972, -0.00366357, -0.00162603, -0.0119972, 0.000497163, 0.0234374, -0.0120084, 0.266032, 0.0802067, -0.221016, -2.52549, -0.451075, 2.84884, -0.145411, 5.97511e-05, 0.0240979, -0.00072528, -0.000307736, 0.0132702, 0.000244929, 3.6489e-06
246554, 10.2476, 0.00787456, -0.00371019, 0.0784577, -0.211136, -0.217442, 0.558318, -0.0109253, 0.00288791, -0.0149598, 0.042868, 0.419412, 0.028892, 0.507093, 0.0310828, 0.173069, 0.798579, 0.583034, 0.149475, 0.536195, -0.801949, 0.263388, 0.273436, -0.130189, -0.953039, -0.00239703, -0.00044022, -0.00942919, 0.00558087, 0.0184211, -0.0154927, 0.26605, 0.0804382, -0.221008, -2.52548, -0.45084, 2.84884, -0.145407, -0.000536094, 0.0201012, 0.00206224, 0.0010583, 0.0211342, 0.000315947, -0.00109501
256747, 10.2576, 0.00784045, -0.00372037, 0.078354, -0.211062, -0.217264, 0.558205, -0.0109217, -0.00196792, 0.000414414, 0.043031, 0.419537, 0.029026, 0.507058, 0.0310726, 0.172965, 0.79871, 0.582889, 0.149339, 0.536111, -0.802054, 0.263237, 0.273216, -0.130188, -0.953102, -0.00317119, -0.00111935, -0.00979472, 0.00509629, 0.0193141, -0.0170947, 0.266061, 0.0806411, -0.221013, -2.52549, -0.450638, 2.84884, -0.145402, 0.000489707, 0.0192462, -0.000275756, -0.000919936, 0.0193304, 0.000256017, 0.000788564
266922, 10.2676, 0.00782243, -0.00372714, 0.0782698, -0.210998, -0.217125, 0.558106, -0.0108175, -0.00189976, -0.0148142, 0.043252, 0.419412, 0.029029, 0.50704, 0.0310659, 0.172881, 0.798821, 0.582764, 0.149236, 0.536035, -0.802146, 0.263112, 0.273042, -0.130184, -0.953153, -0.00227898, -3.51716e-06, -0.00821387, 0.00515511, 0.0160382, -0.0133623, 0.266068, 0.0808288, -0.221011, -2.52547, -0.450451, 2.84884, -0.145405, 0.000846426, 0.0171302, 0.00123198, 0.000405807, 0.0185923, 0.000367627, -0.000460429
277076, 10.2776, 0.00779623, -0.00374491, 0.0781794, -0.210937, -0.21697, 0.557992, -0.00667311, -0.00430029, -0.0149719, 0.042996, 0.419746, 0.028894, 0.507014, 0.0310481, 0.17279, 0.798946, 0.582622, 0.149119, 0.535946, -0.802249, 0.262982, 0.27285, -0.130188, -0.953207, -0.00183187, -0.00383873, -0.00742292, 0.00665282, 0.014772, -0.0223458, 0.266064, 0.0810127, -0.221019, -2.52547, -0.450272, 2.84884, -0.145401, -0.00382071, 0.0154882, -0.00159127, 0.000234924, 0.021862, 0.000364868, -0.00183677
287280, 10.2886, 0.00778124, -0.0037535, 0.0781003, -0.210869, -0.216849, 0.557867, -0.00664425, -0.00431145, 0.000308843, 0.042997, 0.419489, 0.028893, 0.506999, 0.0310395, 0.172711, 0.79907, 0.582472, 0.14904, 0.535843, -0.802359, 0.262854, 0.272689, -0.130177, -0.953255, -0.00261921, -0.00160668, -0.00908081, 0.0049241, 0.0182823, -0.0170471, 0.266061, 0.0811925, -0.221013, -2.52545, -0.450075, 2.84885, -0.145388, -0.00082686, 0.0185397, 9.77311e-05, 0.000158885, 0.0198232, -0.000321947, -0.000826143
297559, 10.2986, 0.00776785, -0.00376332, 0.0780375, -0.210807, -0.216756, 0.557742, -0.00664301, -0.00424615, -0.0149523, 0.042996, 0.419746, 0.028894, 0.506986, 0.0310297, 0.172648, 0.799187, 0.582326, 0.148986, 0.535736, -0.802468, 0.262742, 0.272558, -0.130163, -0.953294, -0.00105397, -0.000880542, -0.0070114, 0.00831096, 0.0130096, -0.0198877, 0.266058, 0.0813315, -0.221013, -2.52544, -0.449899, 2.84886, -0.145368, -0.000919233, 0.0165395, 0.001234, 0.00247495, 0.0236526, 0.000773816, 0.000109329
307787, 10.3086, 0.00776806, -0.00377102, 0.0779998, -0.210744, -0.216711, 0.557568, -0.00232038, -0.00177249, -0.0224758, 0.043022, 0.419441, 0.029031, 0.506986, 0.031022, 0.172611, 0.799325, 0.582136, 0.148988, 0.535575, -0.802609, 0.262637, 0.272469, -0.130138, -0.953323, 0.00182825, 1.55437e-05, -0.00132601, 0.0101633, 4.1819e-05, -0.0232142, 0.266064, 0.0814337, -0.221019, -2.52541, -0.449705, 2.84886, -0.145311, 0.00129655, 0.00784642, -0.000285569, 0.00601343, 0.0179817, 0.000492794, 0.00944061
318008, 10.3186, 0.00777467, -0.00377542, 0.0779676, -0.210665, -0.216696, 0.55732, 0.00192015, 0.005675, -0.0224599, 0.043109, 0.419384, 0.029031, 0.506993, 0.0310176, 0.172579, 0.799507, 0.581874, 0.149034, 0.53534, -0.802806, 0.262515, 0.272396, -0.130099, -0.953349, 0.00028265, -0.000220703, -0.00318762, 0.0118355, 0.00340918, -0.0295222, 0.266069, 0.0815358, -0.221019, -2.52537, -0.44948, 2.84887, -0.145186, 0.00184735, 0.00929948, -0.00102039, 0.00302324, 0.0192517, 0.000861483, 0.0147575
328278, 10.3286, 0.00779635, -0.00377699, 0.0779611, -0.210579, -0.216735, 0.557035, 0.00189578, 0.00570159, -0.0224564, 0.043109, 0.419384, 0.029031, 0.507014, 0.031016, 0.172572, 0.799701, 0.581579, 0.149142, 0.535063, -0.803029, 0.262397, 0.27237, -0.130039, -0.953365, 0.00177401, -0.000896571, 0.000565392, 0.0196844, -0.0048159, -0.0402752, 0.266071, 0.0816026, -0.221013, -2.52531, -0.449218, 2.84888, -0.145055, -0.00021078, 0.00267282, 0.00129606, 0.00321038, 0.0312603, 0.00214391, 0.0155669
338584, 10.3396, 0.00784345, -0.00377285, 0.0779796, -0.210465, -0.216841, 0.556644, 0.00610105, 0.0131431, -0.0224447, 0.043196, 0.419326, 0.029031, 0.507061, 0.0310202, 0.172591, 0.799952, 0.581183, 0.14934, 0.534678, -0.803331, 0.262257, 0.272389, -0.129944, -0.953372, 0.00432111, 8.79933e-05, 0.00226578, 0.0207711, -0.00858868, -0.0420742, 0.26608, 0.0816606, -0.221002, -2.5252, -0.448852, 2.84889, -0.144884, -0.000538232, 0.00371273, 0.00163857, 0.00961675, 0.0317428, 0.000731609, 0.0170341
348842, 10.3497, 0.00790127, -0.00377932, 0.0780186, -0.210348, -0.216991, 0.556178, 0.00604376, 0.0131746, -0.022445, 0.043196, 0.419326, 0.029031, 0.507119, 0.0310137, 0.17263, 0.800245, 0.580715, 0.149594, 0.534213, -0.803686, 0.262118, 0.272443, -0.129843, -0.953371, 0.00474635, -0.00102957, 0.00300905, 0.0281927, -0.0105688, -0.0611534, 0.26608, 0.0816859, -0.221005, -2.52508, -0.448465, 2.8489, -0.144669, -0.00133558, 0.00251557, 0.000729506, 0.0100943, 0.0415628, -0.000156599, 0.0261987
359187, 10.3596, 0.00798237, -0.00378912, 0.0780899, -0.21022, -0.217212, 0.555595, 0.00598294, 0.0132674, -0.0300582, 0.043417, 0.419453, 0.029032, 0.5072, 0.0310039, 0.172701, 0.800599, 0.580137, 0.149939, 0.533627, -0.804122, 0.261972, 0.272549, -0.129723, -0.953357, 0.00876202, -0.00184592, 0.00812275, 0.0343863, -0.0254047, -0.0731365, 0.266077, 0.0816768, -0.221012, -2.52492, -0.448019, 2.8489, -0.144383, -0.00139635, -0.00237431, -0.00223538, 0.0154891, 0.0430113, 0.00381101, 0.0353939
369494, 10.3706, 0.00809194, -0.00379241, 0.078187, -0.210033, -0.217536, 0.554763, 0.0143629, 0.0231446, -0.022353, 0.043309, 0.419216, 0.029166, 0.50731, 0.0310006, 0.172798, 0.801102, 0.579312, 0.15044, 0.53279, -0.804745, 0.261763, 0.272708, -0.129546, -0.953335, 0.00953351, -0.000981288, 0.00912654, 0.043707, -0.0256042, -0.0899145, 0.266077, 0.0816627, -0.22101, -2.52471, -0.447414, 2.84892, -0.143926, -0.000935296, -0.00315435, 0.000297938, 0.0179226, 0.0613403, 0.000160698, 0.0387513
379776, 10.3806, 0.00822291, -0.00379979, 0.0782998, -0.209835, -0.217907, 0.553783, 0.0185017, 0.0306759, -0.0299594, 0.043617, 0.419286, 0.029167, 0.507441, 0.0309932, 0.172911, 0.801696, 0.578342, 0.151013, 0.531802, -0.805472, 0.261536, 0.272894, -0.129363, -0.953307, 0.0146746, 0.00100562, 0.0125586, 0.0497235, -0.0386486, -0.103798, 0.266079, 0.0816556, -0.221016, -2.52445, -0.446762, 2.84893, -0.143341, 0.00255699, -0.000320642, -0.000155486, 0.0292251, 0.0619932, 0.00262075, 0.0567499
390025, 10.3906, 0.00840311, -0.00380797, 0.078452, -0.209577, -0.218417, 0.552457, 0.0353052, 0.0406725, -0.029919, 0.043723, 0.419073, 0.029304, 0.507621, 0.030985, 0.173063, 0.802493, 0.577031, 0.151791, 0.530463, -0.80645, 0.261241, 0.273155, -0.129124, -0.953264, 0.0186935, -0.000651789, 0.015828, 0.0721486, -0.0484041, -0.159484, 0.266071, 0.0816545, -0.221013, -2.52409, -0.445922, 2.84895, -0.142512, 0.000197535, -9.77243e-05, 0.000268689, 0.0380441, 0.0914677, -6.68254e-05, 0.0860957
400311, 10.4016, 0.00864431, -0.00381844, 0.0786476, -0.209183, -0.219109, 0.550469, 0.0435677, 0.0506697, -0.0298292, 0.043836, 0.418962, 0.02944, 0.507862, 0.0309746, 0.173259, 0.803702, 0.575055, 0.152887, 0.528465, -0.807915, 0.260766, 0.273475, -0.128782, -0.953219, 0.0209697, 0.00186381, 0.016695, 0.0962055, -0.0555921, -0.21369, 0.266073, 0.0816758, -0.221013, -2.5236, -0.444686, 2.84897, -0.141229, 0.00526819, 0.00314694, 0.00129746, 0.0439285, 0.118853, -0.000364487, 0.124758
410552, 10.4116, 0.00892526, -0.00382525, 0.078878, -0.208767, -0.219906, 0.548309, 0.0475673, 0.0533205, -0.0373636, 0.044084, 0.419036, 0.029576, 0.508143, 0.0309678, 0.173489, 0.804994, 0.572916, 0.154117, 0.526288, -0.809493, 0.260275, 0.273872, -0.12841, -0.953155, 0.0273919, -0.000784039, 0.0220976, 0.114721, -0.0749584, -0.259783, 0.266079, 0.0816954, -0.221013, -2.52303, -0.443369, 2.849, -0.139819, 0.000973511, 0.00284956, -0.000542332, 0.0552947, 0.134518, 0.00429888, 0.153996
420806, 10.4216, 0.00924754, -0.00382921, 0.0791418, -0.208263, -0.22083, 0.545693, 0.038772, 0.0534079, -0.0373191, 0.044092, 0.419137, 0.029574, 0.508466, 0.0309638, 0.173753, 0.806558, 0.57032, 0.155563, 0.523656, -0.811393, 0.259665, 0.274315, -0.127974, -0.953087, 0.0339094, -0.000351256, 0.0286475, 0.138079, -0.0922273, -0.313122, 0.266087, 0.0817208, -0.221002, -2.52237, -0.441815, 2.84902, -0.138065, 0.000868979, 0.000350317, 0.00120547, 0.0690258, 0.162001, 0.00125476, 0.186502
430986, 10.4316, 0.00959525, -0.00384932, 0.0794234, -0.207635, -0.221841, 0.542508, 0.029954, 0.0633176, -0.0295213, 0.043999, 0.419103, 0.029703, 0.508813, 0.0309437, 0.174034, 0.808476, 0.567142, 0.157212, 0.520466, -0.813697, 0.258869, 0.274738, -0.127466, -0.953033, 0.037319, -0.00105295, 0.029325, 0.166125, -0.0985474, -0.381707, 0.266093, 0.0817563, -0.221002, -2.52165, -0.439914, 2.84901, -0.13595, 0.0031245, 0.00647144, -0.000453554, 0.0782082, 0.1994, -0.000463145, 0.225268
441153, 10.4416, 0.00997886, -0.00387869, 0.079737, -0.206841, -0.222998, 0.538617, 0.0252336, 0.0709393, -0.0218411, 0.044095, 0.419399, 0.0297, 0.509197, 0.0309143, 0.174348, 0.810816, 0.563247, 0.15915, 0.516581, -0.816494, 0.257842, 0.275174, -0.126849, -0.952989, 0.0405738, -0.00240185, 0.0341151, 0.207679, -0.111756, -0.471455, 0.266096, 0.0817869, -0.221001, -2.52086, -0.43758, 2.84899, -0.133383, 0.00282089, 0.000821784, -0.000730536, 0.0828757, 0.254781, -0.00251812, 0.268702
451304, 10.4526, 0.0104096, -0.00393616, 0.0800918, -0.205714, -0.224399, 0.533365, 0.0162536, 0.0613671, -0.0139835, 0.044205, 0.419377, 0.029968, 0.509628, 0.0308568, 0.174703, 0.813977, 0.557963, 0.161614, 0.511361, -0.820242, 0.256345, 0.275594, -0.126016, -0.952978, 0.0418133, -0.00472337, 0.0331348, 0.248041, -0.116736, -0.567122, 0.266081, 0.0818098, -0.221006, -2.51999, -0.434401, 2.84897, -0.129965, -5.08708e-05, 0.00597525, -0.000257114, 0.0856418, 0.305488, -0.001162, 0.321497
461457, 10.4626, 0.01083, -0.00401126, 0.0804434, -0.204476, -0.225791, 0.527776, 0.00716586, 0.0568034, -0.0141599, 0.044151, 0.419485, 0.029698, 0.510048, 0.0307817, 0.175054, 0.817312, 0.552323, 0.164135, 0.505823, -0.824186, 0.254678, 0.275942, -0.125128, -0.952995, 0.0427956, -0.00716239, 0.0352965, 0.277909, -0.119376, -0.635518, 0.266064, 0.081817, -0.221023, -2.51914, -0.430937, 2.84891, -0.126437, -0.00129296, 0.00232885, -0.000921171, 0.087768, 0.351128, -0.00766315, 0.348856
471609, 10.4726, 0.0112583, -0.00410828, 0.080801, -0.203107, -0.227179, 0.521837, 0.0192428, 0.0498729, -0.0219195, 0.043827, 0.419469, 0.029702, 0.510476, 0.0306847, 0.175412, 0.820822, 0.54631, 0.166724, 0.499954, -0.828329, 0.252818, 0.276219, -0.124164, -0.95304, 0.0444181, -0.00857022, 0.0368958, 0.299052, -0.12017, -0.673238, 0.266035, 0.0818265, -0.221043, -2.51826, -0.42707, 2.84879, -0.122899, -0.00143977, 0.00176878, -0.00136039, 0.0913814, 0.39247, -0.0108447, 0.350159
481758, 10.4826, 0.0117185, -0.00420999, 0.0811859, -0.201618, -0.228691, 0.515457, 0.0270434, 0.0305978, -0.0143504, 0.043356, 0.419256, 0.02984, 0.510937, 0.030583, 0.175797, 0.824517, 0.539849, 0.169513, 0.493651, -0.83271, 0.250802, 0.276551, -0.12311, -0.953081, 0.0468857, -0.00906407, 0.0395366, 0.331146, -0.134271, -0.739619, 0.266005, 0.0818354, -0.22107, -2.51733, -0.422928, 2.84871, -0.119124, -0.00111494, 0.000114741, -0.00285051, 0.0930956, 0.425609, -0.00363265, 0.390816
491913, 10.4926, 0.0121957, -0.00432493, 0.0815853, -0.199961, -0.230271, 0.508469, 0.0390713, 0.0188482, -0.0143767, 0.043194, 0.419113, 0.02998, 0.511414, 0.0304681, 0.176196, 0.828503, 0.53276, 0.172479, 0.48676, -0.837432, 0.24854, 0.276852, -0.12196, -0.953142, 0.0489733, -0.0121794, 0.0414362, 0.356959, -0.134927, -0.804455, 0.265955, 0.0818446, -0.221082, -2.51636, -0.418382, 2.8486, -0.115033, -0.00618782, -7.08797e-05, -0.000599117, 0.100028, 0.466838, -0.0134568, 0.41689
502070, 10.5026, 0.0126678, -0.00444975, 0.0819812, -0.198067, -0.23188, 0.500802, 0.0426319, 0.011975, -0.0144333, 0.042876, 0.41869, 0.029982, 0.511886, 0.0303433, 0.176592, 0.832816, 0.524957, 0.175605, 0.479223, -0.842531, 0.245939, 0.27706, -0.120668, -0.953245, 0.0461528, -0.0113501, 0.0391041, 0.393725, -0.128223, -0.871272, 0.265894, 0.0818517, -0.221072, -2.5154, -0.413266, 2.84846, -0.11068, -0.00360881, -0.000201593, 0.00179711, 0.094059, 0.527633, -0.0158999, 0.437248
512267, 10.5136, 0.0131967, -0.00459093, 0.0824228, -0.195788, -0.233662, 0.49177, 0.0460974, 0.0103167, 0.000770183, 0.043287, 0.418381, 0.02985, 0.512415, 0.0302021, 0.177034, 0.837802, 0.515744, 0.179153, 0.470364, -0.848418, 0.242785, 0.277212, -0.119138, -0.953394, 0.0470537, -0.0137519, 0.038062, 0.417535, -0.126003, -0.928331, 0.265873, 0.0818697, -0.22108, -2.5143, -0.407142, 2.84823, -0.10567, -0.00246247, 0.00479647, -0.00147576, 0.098301, 0.56507, -0.0197633, 0.460817
522418, 10.5236, 0.0136508, -0.0047252, 0.0827995, -0.193637, -0.235156, 0.483422, 0.0496604, 0.00371545, 0.000799076, 0.043636, 0.418333, 0.029854, 0.512869, 0.0300678, 0.177411, 0.842332, 0.507205, 0.18226, 0.462196, -0.853746, 0.239777, 0.27722, -0.117732, -0.953566, 0.0453735, -0.0141884, 0.0377186, 0.423203, -0.113913, -0.93755, 0.265867, 0.0818956, -0.221083, -2.51332, -0.401381, 2.84792, -0.10117, -0.000737367, 0.00246426, -0.000716422, 0.098428, 0.589988, -0.0330987, 0.447976
532563, 10.5336, 0.0140854, -0.00487582, 0.0831597, -0.191346, -0.236553, 0.474646, 0.0363705, 0.00199759, 0.00881858, 0.044284, 0.418353, 0.030122, 0.513303, 0.0299172, 0.177771, 0.847021, 0.498206, 0.185326, 0.453632, -0.859227, 0.236532, 0.277079, -0.116277, -0.953786, 0.0405846, -0.0160424, 0.0333265, 0.440416, -0.0906995, -0.986115, 0.265864, 0.081925, -0.221082, -2.51234, -0.395266, 2.84748, -0.0965438, 3.92364e-06, 0.00382464, 0.00078643, 0.0954751, 0.631407, -0.0543107, 0.459611
542710, 10.5436, 0.0144882, -0.00503181, 0.0834941, -0.188883, -0.237868, 0.465347, 0.0228431, 0.000212146, 0.0164191, 0.043822, 0.418763, 0.029982, 0.513706, 0.0297612, 0.178105, 0.851902, 0.488646, 0.188382, 0.444577, -0.864903, 0.23301, 0.276792, -0.114752, -0.954054, 0.040166, -0.0172154, 0.0337519, 0.459042, -0.0919653, -1.03115, 0.265877, 0.0819537, -0.221075, -2.5114, -0.388793, 2.84695, -0.0916676, 5.92491e-06, 0.0018168, -0.000531993, 0.0944634, 0.651959, -0.0562658, 0.486967
552859, 10.5536, 0.0148576, -0.00520367, 0.0837966, -0.186404, -0.239052, 0.455833, 0.0221542, -0.0137541, 0.0164153, 0.043641, 0.418776, 0.029984, 0.514076, 0.0295893, 0.178408, 0.856799, 0.478854, 0.191298, 0.435324, -0.870556, 0.229404, 0.276386, -0.113276, -0.954347, 0.0346231, -0.0182099, 0.0290106, 0.453352, -0.072827, -1.04494, 0.26588, 0.0819948, -0.221072, -2.51049, -0.382369, 2.84632, -0.0865751, 0.00133206, 0.00242377, -0.00120262, 0.0888993, 0.640333, -0.0724661, 0.5091
563047, 10.5637, 0.0152123, -0.00538618, 0.084082, -0.183892, -0.240108, 0.44631, 0.0299059, -0.0276351, 0.0239774, 0.043453, 0.418938, 0.029987, 0.51443, 0.0294068, 0.178693, 0.861596, 0.469036, 0.194056, 0.426077, -0.876073, 0.225729, 0.275882, -0.111805, -0.954667, 0.0331504, -0.0169611, 0.0259312, 0.454949, -0.0629099, -1.03343, 0.265886, 0.0820525, -0.221072, -2.50957, -0.37584, 2.84559, -0.0816359, 0.0038159, 0.00756769, -0.000388801, 0.0876731, 0.656986, -0.0724836, 0.485974
573228, 10.5738, 0.0155219, -0.00557516, 0.0843296, -0.181273, -0.240968, 0.436582, 0.0377543, -0.0365542, 0.0238628, 0.043324, 0.418846, 0.029856, 0.51474, 0.0292178, 0.178941, 0.866416, 0.458978, 0.196629, 0.416656, -0.881574, 0.221869, 0.275176, -0.110305, -0.955045, 0.0309257, -0.0168754, 0.0256185, 0.461618, -0.0506642, -1.05055, 0.265903, 0.0821133, -0.221057, -2.50869, -0.369042, 2.8447, -0.0767435, 0.00648617, 0.00406682, 7.39e-05, 0.0874202, 0.677176, -0.0880677, 0.486154
583419, 10.5846, 0.0158356, -0.00579319, 0.0845732, -0.178351, -0.24178, 0.425636, 0.0457187, -0.0404623, 0.0240231, 0.043477, 0.418365, 0.029996, 0.515054, 0.0289998, 0.179184, 0.871713, 0.447651, 0.199313, 0.406065, -0.88758, 0.217518, 0.274278, -0.108679, -0.95549, 0.028514, -0.0200004, 0.0236275, 0.467477, -0.0385881, -1.07958, 0.265919, 0.0822009, -0.22104, -2.50773, -0.361543, 2.84361, -0.0711783, 0.00145611, 0.00413186, 0.00124016, 0.0867682, 0.687889, -0.10086, 0.500637
593672, 10.5946, 0.0160744, -0.00600717, 0.0847497, -0.175629, -0.24234, 0.415567, 0.0409889, -0.0469324, 0.0317642, 0.043613, 0.418292, 0.029996, 0.515292, 0.0287858, 0.179361, 0.876482, 0.43721, 0.201559, 0.39634, -0.892949, 0.213441, 0.273301, -0.107191, -0.955938, 0.0230625, -0.022623, 0.0158736, 0.470633, -0.0146582, -1.09038, 0.265933, 0.0822956, -0.221034, -2.50692, -0.354594, 2.84253, -0.0661745, 0.000452683, 0.0122917, -0.000126238, 0.0803099, 0.708499, -0.108738, 0.489735
603867, 10.6046, 0.0162668, -0.00622339, 0.0848852, -0.172882, -0.242665, 0.405656, 0.0448425, -0.0385013, 0.0319363, 0.044144, 0.418232, 0.029998, 0.515485, 0.0285696, 0.179496, 0.881097, 0.426905, 0.20352, 0.386793, -0.898097, 0.209314, 0.272138, -0.105706, -0.956435, 0.0202094, -0.023216, 0.0126618, 0.454959, 0.00298733, -1.05963, 0.265961, 0.0823998, -0.221019, -2.50615, -0.347531, 2.8413, -0.0614918, 0.00129286, 0.0149454, -0.000826303, 0.0796901, 0.700608, -0.120276, 0.462734
614070, 10.6146, 0.016425, -0.0064403, 0.0849806, -0.170206, -0.242821, 0.395962, 0.0613199, -0.0374169, 0.0243118, 0.044128, 0.418537, 0.030002, 0.515643, 0.0283527, 0.179592, 0.885519, 0.416815, 0.205234, 0.377465, -0.902988, 0.205261, 0.270879, -0.104294, -0.956947, 0.0179762, -0.0188898, 0.00967572, 0.441647, 0.0133702, -1.03157, 0.266, 0.0825377, -0.221015, -2.50541, -0.340679, 2.84, -0.0569133, 0.00808081, 0.0187751, 0.000573603, 0.0792557, 0.682154, -0.12554, 0.457659
624294, 10.6256, 0.0165645, -0.00666137, 0.0850467, -0.167199, -0.242876, 0.385129, 0.0482101, -0.0635479, 0.0321448, 0.04403, 0.418581, 0.030138, 0.515783, 0.0281316, 0.179658, 0.890338, 0.40553, 0.206988, 0.367048, -0.908292, 0.200701, 0.269396, -0.102717, -0.957536, 0.0116169, -0.021072, 0.00415791, 0.445427, 0.0361518, -1.05152, 0.266084, 0.0827184, -0.221012, -2.50464, -0.333094, 2.83853, -0.0517456, 0.00631664, 0.0191864, 0.000747291, 0.0709308, 0.69584, -0.139869, 0.462109
634533, 10.6356, 0.0166424, -0.00686635, 0.0850585, -0.164491, -0.242702, 0.375318, 0.0477698, -0.0675114, 0.0320143, 0.043748, 0.418969, 0.029868, 0.51586, 0.0279266, 0.17967, 0.894622, 0.395295, 0.208309, 0.357626, -0.912947, 0.19655, 0.267871, -0.101341, -0.95811, 0.00646717, -0.0222941, 4.98021e-05, 0.427198, 0.0513842, -1.02781, 0.266148, 0.0829059, -0.220989, -2.50398, -0.326292, 2.83705, -0.0470502, 0.00218274, 0.0185328, 0.00216402, 0.0629709, 0.666799, -0.147198, 0.459044
644726, 10.6456, 0.0166836, -0.00706613, 0.085037, -0.161877, -0.242311, 0.365945, 0.0391053, -0.0814529, 0.0244992, 0.043574, 0.418831, 0.02987, 0.515902, 0.0277269, 0.179648, 0.898653, 0.385498, 0.209318, 0.348641, -0.91727, 0.192524, 0.266219, -0.100035, -0.958708, 0.00231829, -0.0165773, -0.00464795, 0.412362, 0.0740167, -0.988819, 0.266217, 0.0831062, -0.220953, -2.50334, -0.319664, 2.83544, -0.0427141, 0.0105745, 0.0230542, 0.0065215, 0.062198, 0.661271, -0.162176, 0.434033
654927, 10.6556, 0.0166819, -0.00725058, 0.0849693, -0.159242, -0.241698, 0.356645, 0.047383, -0.100215, 0.0245944, 0.043324, 0.418745, 0.03001, 0.5159, 0.0275424, 0.17958, 0.902595, 0.375756, 0.210068, 0.339742, -0.921444, 0.188457, 0.26438, -0.0987309, -0.959352, 0.000797421, -0.0176305, -0.00584824, 0.415234, 0.0868034, -0.992157, 0.266285, 0.0833411, -0.220866, -2.50272, -0.312972, 2.83368, -0.0385098, 0.00713861, 0.0233796, 0.00950243, 0.0635241, 0.680415, -0.173958, 0.418301
665134, 10.6666, 0.0166436, -0.00742672, 0.0848477, -0.156382, -0.240859, 0.34661, 0.0768674, -0.101488, 0.0244685, 0.043267, 0.418393, 0.029883, 0.515862, 0.0273663, 0.179459, 0.906766, 0.365234, 0.210665, 0.33015, -0.925814, 0.184035, 0.262252, -0.0973257, -0.960079, -0.0011701, -0.0153985, -0.0109127, 0.388508, 0.101919, -0.947621, 0.266388, 0.0836491, -0.220749, -2.50207, -0.305756, 2.83169, -0.0339585, 0.00704791, 0.0333564, 0.0131039, 0.0663466, 0.642423, -0.180921, 0.408337
675332, 10.6766, 0.0166064, -0.0075707, 0.0847243, -0.153855, -0.240005, 0.337668, 0.0937487, -0.0906329, 0.009397, 0.043372, 0.418437, 0.030022, 0.515824, 0.0272223, 0.179335, 0.910397, 0.355856, 0.211054, 0.321602, -0.929586, 0.180114, 0.260287, -0.0961001, -0.960737, -0.00558081, -0.0112767, -0.0150252, 0.381062, 0.118819, -0.926836, 0.266493, 0.0839673, -0.22063, -2.50144, -0.299397, 2.82982, -0.0298522, 0.0109479, 0.0352203, 0.0178103, 0.0617997, 0.638813, -0.189977, 0.397516
685589, 10.6866, 0.0165686, -0.00769896, 0.0845751, -0.151305, -0.239059, 0.3288, 0.106413, -0.0920251, 0.00940845, 0.043774, 0.418284, 0.029893, 0.515787, 0.027094, 0.179186, 0.91392, 0.346549, 0.211318, 0.313132, -0.933225, 0.176179, 0.258262, -0.0948434, -0.961408, -0.0057609, -0.012065, -0.0154312, 0.385024, 0.124901, -0.932409, 0.266618, 0.0843597, -0.220499, -2.50077, -0.292957, 2.82792, -0.0258994, 0.013116, 0.0364688, 0.0145909, 0.0641323, 0.654288, -0.195587, 0.388069
695791, 10.6966, 0.0165392, -0.00780479, 0.0844256, -0.148829, -0.238064, 0.320349, 0.110641, -0.0787483, 0.00187689, 0.044142, 0.418351, 0.029759, 0.515757, 0.0269882, 0.179037, 0.917205, 0.337671, 0.211455, 0.305069, -0.936599, 0.172382, 0.256257, -0.0936013, -0.962066, -0.00182441, -0.0128475, -0.0134377, 0.368393, 0.121137, -0.887519, 0.266752, 0.0847797, -0.220347, -2.50006, -0.286658, 2.82601, -0.0222741, 0.0104206, 0.0405503, 0.0137209, 0.0735146, 0.639797, -0.192903, 0.351585
705979, 10.7066, 0.0165062, -0.00788783, 0.0842548, -0.146428, -0.236923, 0.312114, 0.102223, -0.0828833, 0.00980808, 0.044312, 0.418326, 0.029892, 0.515724, 0.0269052, 0.178866, 0.920361, 0.329012, 0.211391, 0.297215, -0.939792, 0.168681, 0.254161, -0.092419, -0.962736, -0.00326529, -0.010305, -0.0180652, 0.357368, 0.136557, -0.880525, 0.266905, 0.085262, -0.220166, -2.49928, -0.280516, 2.82397, -0.0187226, 0.0134026, 0.0509625, 0.0162672, 0.0792255, 0.623566, -0.20491, 0.362857
716168, 10.7176, 0.0164792, -0.00795086, 0.0840598, -0.143751, -0.235592, 0.302935, 0.097975, -0.0794644, 0.00248677, 0.044347, 0.418882, 0.030025, 0.515697, 0.0268421, 0.178671, 0.923791, 0.319363, 0.211229, 0.28846, -0.943244, 0.164564, 0.251796, -0.0910917, -0.963484, 0.000336617, -0.00504653, -0.0171225, 0.358309, 0.140185, -0.876533, 0.267088, 0.0858463, -0.219924, -2.49834, -0.273698, 2.82163, -0.0147204, 0.0158565, 0.0585256, 0.0242257, 0.0946571, 0.632248, -0.215774, 0.360879
726362, 10.7276, 0.0164702, -0.0079981, 0.0838934, -0.14137, -0.234412, 0.294618, 0.11066, -0.085938, -0.0204061, 0.044022, 0.419123, 0.030031, 0.515688, 0.0267949, 0.178504, 0.926798, 0.310633, 0.211074, 0.280514, -0.946268, 0.160902, 0.249714, -0.0899138, -0.964136, -0.00184483, -0.00579757, -0.0153353, 0.345647, 0.133326, -0.85972, 0.267244, 0.0863887, -0.219697, -2.49745, -0.26771, 2.81953, -0.0109527, 0.0116147, 0.0484349, 0.0236033, 0.0848759, 0.594423, -0.209122, 0.373067
736554, 10.7376, 0.0164993, -0.00804055, 0.0837618, -0.139118, -0.23331, 0.286644, 0.119198, -0.0851571, -0.0355999, 0.043791, 0.4189, 0.030034, 0.515717, 0.0267524, 0.178373, 0.929591, 0.302275, 0.210927, 0.272887, -0.949076, 0.157441, 0.247776, -0.0887962, -0.96474, 0.00358145, -0.00401526, -0.0137499, 0.328802, 0.12439, -0.822531, 0.267386, 0.0869284, -0.219478, -2.49649, -0.262047, 2.81748, -0.00730625, 0.0157796, 0.0572245, 0.0202489, 0.0978645, 0.568586, -0.202679, 0.359849
746747, 10.7476, 0.0165222, -0.0080729, 0.0836631, -0.137355, -0.232405, 0.280497, 0.106493, -0.0871395, -0.0279227, 0.04355, 0.418929, 0.029895, 0.51574, 0.0267201, 0.178274, 0.931704, 0.295826, 0.210746, 0.26701, -0.951188, 0.154748, 0.246238, -0.0879078, -0.965215, 0.00213055, -0.004251, -0.0132434, 0.32052, 0.128583, -0.801833, 0.267495, 0.087345, -0.219304, -2.49572, -0.257588, 2.81583, -0.00459425, 0.0129198, 0.0528917, 0.0219216, 0.0952523, 0.55898, -0.20677, 0.34528
756941, 10.7586, 0.0165966, -0.00811064, 0.0835539, -0.13452, -0.230981, 0.270764, 0.110855, -0.083752, -0.0429451, 0.043354, 0.418753, 0.030031, 0.515815, 0.0266824, 0.178165, 0.934951, 0.285619, 0.210447, 0.257705, -0.954437, 0.15046, 0.243833, -0.0864393, -0.965957, 0.00622327, -0.00125116, -0.00602774, 0.307226, 0.114407, -0.752867, 0.267681, 0.0879803, -0.219019, -2.49438, -0.250386, 2.81311, -0.000447821, 0.0170999, 0.0437258, 0.0203072, 0.100813, 0.540115, -0.203415, 0.315109
767103, 10.7676, 0.0166497, -0.00816154, 0.0835014, -0.132655, -0.230015, 0.264248, 0.10665, -0.085584, -0.042925, 0.043327, 0.418807, 0.029896, 0.515868, 0.0266315, 0.178112, 0.937063, 0.278792, 0.210211, 0.251468, -0.95654, 0.147632, 0.242234, -0.0854792, -0.966445, 0.00783614, -0.00513427, -0.0038742, 0.299797, 0.108957, -0.744523, 0.267781, 0.0883622, -0.218862, -2.49347, -0.245648, 2.81124, 0.00232367, 0.00968635, 0.0414209, 0.0184004, 0.102687, 0.525049, -0.201166, 0.310891
777303, 10.7786, 0.0167318, -0.00823124, 0.083458, -0.130379, -0.228891, 0.256277, 0.12371, -0.0847398, -0.0505258, 0.043311, 0.418352, 0.029902, 0.51595, 0.0265618, 0.178069, 0.939561, 0.27045, 0.209959, 0.243833, -0.959037, 0.144201, 0.240357, -0.0842907, -0.967018, 0.00780811, -0.0074997, -0.0034838, 0.297644, 0.113672, -0.749131, 0.267903, 0.0888129, -0.218703, -2.49234, -0.239908, 2.809, 0.00571299, 0.010725, 0.0409832, 0.012673, 0.105553, 0.523533, -0.208954, 0.311632
787510, 10.7886, 0.0168401, -0.00829933, 0.0834647, -0.128247, -0.227947, 0.248943, 0.140724, -0.0740845, -0.0503627, 0.043416, 0.41814, 0.030039, 0.516058, 0.0264937, 0.178076, 0.941769, 0.262781, 0.209802, 0.236803, -0.961267, 0.141031, 0.238736, -0.0831365, -0.967519, 0.0108133, -0.00548064, 0.000261321, 0.314537, 0.100792, -0.761458, 0.268014, 0.089181, -0.218579, -2.49125, -0.234547, 2.80696, 0.00871391, 0.0137122, 0.0378223, 0.0119236, 0.107767, 0.550753, -0.199393, 0.304968
797770, 10.7986, 0.0169805, -0.00839214, 0.0835118, -0.126164, -0.227055, 0.241869, 0.145035, -0.0659513, -0.0425856, 0.043725, 0.417952, 0.030039, 0.516199, 0.0264009, 0.178123, 0.943835, 0.255383, 0.209655, 0.230021, -0.963358, 0.137958, 0.237205, -0.0819848, -0.967994, 0.0138412, -0.00814648, 0.00562656, 0.288085, 0.101541, -0.703189, 0.268091, 0.0895169, -0.218485, -2.4901, -0.229244, 2.80492, 0.0114111, 0.00800267, 0.0315373, 0.0112848, 0.117652, 0.520278, -0.212876, 0.263684
808014, 10.8086, 0.0171474, -0.00850384, 0.0836026, -0.124206, -0.226201, 0.235269, 0.140946, -0.0628428, -0.0575757, 0.04398, 0.417875, 0.030175, 0.516365, 0.0262892, 0.178214, 0.945713, 0.248483, 0.209482, 0.223694, -0.965253, 0.135084, 0.235769, -0.080891, -0.968437, 0.0171515, -0.00846906, 0.00992801, 0.274904, 0.0924601, -0.656078, 0.268138, 0.0898002, -0.218417, -2.4889, -0.224177, 2.80286, 0.0137479, 0.00958844, 0.0277993, 0.00681943, 0.122138, 0.507506, -0.208169, 0.224657
818223, 10.8196, 0.0173614, -0.00865397, 0.0837348, -0.122035, -0.225248, 0.228067, 0.15367, -0.0545689, -0.0574864, 0.044282, 0.418095, 0.030178, 0.516579, 0.026139, 0.178346, 0.94771, 0.240951, 0.209258, 0.216794, -0.967263, 0.13192, 0.234194, -0.079656, -0.968921, 0.0191458, -0.0126652, 0.0129002, 0.282862, 0.0937661, -0.671661, 0.268168, 0.090105, -0.218375, -2.48748, -0.21848, 2.8005, 0.0160719, 0.00483913, 0.0251393, 0.00352476, 0.129076, 0.52729, -0.217783, 0.214807
