timestamp, robot_time[1], robot_ee_pos_error[3], robot_ee_ori_error[3], sensed_forces_moments[6], robot_ee_position[3], robot_ee_orientation[9], robot_ee_linear_velocity[3], robot_ee_angular_velocity[3], joint_angles[7], joint_velocities[7], 
10564, 13.7208, 0.0105418, -0.0682862, 0.110617, -0.234214, -0.37136, 0.715427, 0.0953328, 0.247804, 0.12678, 0.034146, 0.418222, 0.013818, 0.50976, -0.0334932, 0.205228, 0.580702, 0.770931, 0.261628, 0.66641, -0.634725, 0.391179, 0.467634, -0.0528066, -0.882343, -3.80053e-05, -0.00181287, -0.000250004, 0.00381481, 0.000180167, -0.00964427, -0.101356, 0.00804729, -0.0116074, -2.64471, -0.277721, 3.14278, -0.703995, -0.00131996, 0.000759693, -0.00119511, 0.000168811, 0.00611312, -1.90747e-05, 0.00196029
20917, 13.7308, 0.0105496, -0.0682906, 0.110613, -0.234185, -0.37139, 0.71533, 0.0995048, 0.255256, 0.134421, 0.034234, 0.418417, 0.013816, 0.509768, -0.0334976, 0.205224, 0.580811, 0.770827, 0.261695, 0.66632, -0.634853, 0.391126, 0.467629, -0.0527976, -0.882347, 0.000571737, -0.00167455, 0.000499424, 0.0105141, -0.00138947, -0.0198313, -0.101328, 0.00807472, -0.0116168, -2.64469, -0.277568, 3.14278, -0.703967, 0.00105822, 2.88038e-05, -0.000520559, 0.000927772, 0.0215833, -0.000732909, 0.00138174
31272, 13.7418, 0.0105657, -0.0683051, 0.110612, -0.234143, -0.371447, 0.715158, 0.0994783, 0.255274, 0.134421, 0.034234, 0.418417, 0.013816, 0.509784, -0.0335121, 0.205223, 0.580998, 0.770646, 0.261813, 0.666157, -0.635073, 0.391047, 0.467629, -0.0527891, -0.882347, 0.00221019, 1.27547e-05, 0.0020118, 0.011747, -0.00718033, -0.0179676, -0.101305, 0.0081157, -0.0116201, -2.64465, -0.277302, 3.14278, -0.70393, 0.00179771, 0.000276207, 0.00199576, 0.00332792, 0.0216602, 0.00286796, 0.00340773
41561, 13.7518, 0.0105886, -0.0683274, 0.110613, -0.234105, -0.371512, 0.714967, 0.0994496, 0.255291, 0.134421, 0.034234, 0.418417, 0.013816, 0.509807, -0.0335344, 0.205224, 0.581204, 0.770448, 0.26194, 0.665973, -0.635314, 0.390968, 0.467634, -0.0527872, -0.882345, 0.00226849, -0.00237624, -0.000137446, 0.0169357, -0.00210218, -0.0319314, -0.101286, 0.00817032, -0.0116318, -2.64459, -0.277029, 3.14278, -0.703883, 0.000513792, 0.00599194, -0.000254323, 0.00616943, 0.0262626, 2.96992e-06, 0.0102059
51800, 13.7618, 0.0106229, -0.0683508, 0.110619, -0.234068, -0.371592, 0.714758, 0.103712, 0.257729, 0.119219, 0.034037, 0.418242, 0.013952, 0.509841, -0.0335578, 0.20523, 0.581424, 0.770233, 0.262084, 0.665769, -0.635575, 0.390892, 0.467652, -0.0527858, -0.882335, 0.00377294, -0.00304451, 0.00228512, 0.0181384, -0.00716465, -0.0351244, -0.101275, 0.00824059, -0.0116335, -2.6445, -0.276745, 3.14278, -0.703819, 0.000124439, 0.0034611, 0.000320113, 0.00872673, 0.0331171, -0.000199092, 0.00714698
62020, 13.7718, 0.0106657, -0.0683745, 0.110632, -0.234044, -0.371679, 0.714564, 0.107916, 0.250441, 0.111544, 0.034165, 0.418324, 0.013956, 0.509884, -0.0335815, 0.205243, 0.581618, 0.770038, 0.262226, 0.665575, -0.635811, 0.390838, 0.467686, -0.0527869, -0.882317, 0.00365518, -0.00212934, 0.00239746, 0.00950643, -0.00664395, -0.0193733, -0.101261, 0.00831158, -0.0116393, -2.64439, -0.276477, 3.14278, -0.703771, 0.000916562, 0.0029013, -0.000889505, 0.00870336, 0.0199885, -0.000283712, 0.00194707
72241, 13.7828, 0.0107121, -0.0683939, 0.110646, -0.234025, -0.371759, 0.714401, 0.107824, 0.25047, 0.11917, 0.034165, 0.418576, 0.013955, 0.50993, -0.0336009, 0.205257, 0.581774, 0.769877, 0.262351, 0.665412, -0.636006, 0.390798, 0.467724, -0.0527848, -0.882297, 0.00518112, -0.00322579, 0.00259003, 0.0101915, -0.00816332, -0.0219765, -0.101242, 0.00838986, -0.0116425, -2.64427, -0.276218, 3.14278, -0.70376, -0.000531288, 0.00637895, -0.00075096, 0.0129783, 0.0233047, 0.000375774, 0.000192181
82456, 13.7928, 0.0107645, -0.0684088, 0.110673, -0.234024, -0.371846, 0.714271, 0.112008, 0.24805, 0.119023, 0.034131, 0.418528, 0.013822, 0.509983, -0.0336158, 0.205284, 0.581883, 0.769756, 0.262467, 0.665274, -0.636153, 0.390795, 0.467785, -0.0527845, -0.882265, 0.00598176, -0.00331593, 0.00398726, 0.0112992, -0.0109821, -0.0241436, -0.10123, 0.00845073, -0.0116374, -2.64414, -0.276011, 3.14278, -0.703757, -0.000696539, 0.00469302, 4.14995e-05, 0.0142687, 0.0269004, 6.36291e-05, -0.000282966
92670, 13.8028, 0.0108227, -0.0684141, 0.110709, -0.234035, -0.37194, 0.714171, 0.111983, 0.248045, 0.119013, 0.034131, 0.418528, 0.013822, 0.510041, -0.0336211, 0.20532, 0.581947, 0.76967, 0.262575, 0.665161, -0.636256, 0.390818, 0.467866, -0.0527806, -0.882222, 0.00566841, -0.000404783, 0.00434258, 0.00778486, -0.0110961, -0.0133721, -0.101201, 0.00850017, -0.0116374, -2.644, -0.275852, 3.14278, -0.703751, 0.00471178, 0.00261492, -0.00104805, 0.0128982, 0.0191047, -0.000141618, 0.000174717
102862, 13.8128, 0.0108818, -0.0684169, 0.110747, -0.234054, -0.372033, 0.714096, 0.112025, 0.248006, 0.111372, 0.03413, 0.418276, 0.013823, 0.5101, -0.0336239, 0.205358, 0.581978, 0.769613, 0.262673, 0.66507, -0.636326, 0.390861, 0.467957, -0.0527769, -0.882174, 0.00626905, 0.0012111, 0.0039007, 0.000294806, -0.0106655, 0.0015808, -0.101178, 0.00854799, -0.0116353, -2.64386, -0.275741, 3.14279, -0.703744, 0.00419901, 0.00528923, -0.000111429, 0.0151664, 0.00248546, 0.000713819, 0.000459926
113091, 13.8228, 0.0109513, -0.0684165, 0.110796, -0.234089, -0.372126, 0.714048, 0.111943, 0.24802, 0.11899, 0.034131, 0.418528, 0.013822, 0.510169, -0.0336235, 0.205407, 0.581963, 0.769595, 0.262759, 0.665002, -0.636347, 0.390941, 0.468073, -0.0527778, -0.882112, 0.00747378, 0.00104543, 0.00480276, -0.00554, -0.0118263, 0.0116307, -0.101143, 0.00859749, -0.0116374, -2.64367, -0.275672, 3.14278, -0.703749, 0.00393692, 0.00590043, 6.29592e-05, 0.0183645, 0.00176181, -9.60181e-05, -0.0104254
123487, 13.8338, 0.011028, -0.0684019, 0.110855, -0.234136, -0.372229, 0.71404, 0.103456, 0.247947, 0.119024, 0.034139, 0.418629, 0.01382, 0.510246, -0.0336089, 0.205466, 0.581911, 0.76961, 0.262833, 0.664965, -0.63633, 0.391031, 0.46819, -0.0527706, -0.882051, 0.00697107, 0.00329697, 0.0060907, 0.00277663, -0.0151565, -6.87458e-05, -0.101104, 0.00862628, -0.0116326, -2.64351, -0.275657, 3.14278, -0.70374, 0.00720721, 0.00104744, 0.000832726, 0.0153669, 0.000843615, 0.000447266, 0.00841551
133893, 13.8438, 0.0110965, -0.0683892, 0.11091, -0.234181, -0.372321, 0.714039, 0.103478, 0.243005, 0.12674, 0.034301, 0.418502, 0.013955, 0.510314, -0.0335962, 0.205521, 0.581845, 0.769636, 0.262899, 0.664938, -0.636298, 0.39113, 0.46831, -0.0527653, -0.881987, 0.00651508, 0.00162619, 0.00526746, -0.00189747, -0.0126708, 0.0053513, -0.101062, 0.00865199, -0.0116344, -2.64335, -0.275655, 3.14278, -0.703741, 0.00431028, 0.00227765, 0.000259518, 0.0151429, -0.000236729, -6.41104e-05, -0.000656785
144260, 13.8548, 0.0111704, -0.0683715, 0.110972, -0.23423, -0.372426, 0.714038, 0.103461, 0.24298, 0.126724, 0.034301, 0.418502, 0.013955, 0.510388, -0.0335785, 0.205583, 0.581772, 0.769666, 0.262975, 0.664908, -0.636263, 0.391238, 0.468444, -0.0527565, -0.881917, 0.00754672, 0.00310025, 0.00732206, -0.00135419, -0.0169326, 0.00664011, -0.101011, 0.00867227, -0.0116345, -2.64318, -0.275654, 3.14278, -0.703735, 0.0072977, -0.000708, 0.000439009, 0.0163978, 0.00022062, -0.000132995, 0.00100521
154663, 13.8648, 0.0112275, -0.0683571, 0.111022, -0.23427, -0.372507, 0.714041, 0.103431, 0.242901, 0.134321, 0.034079, 0.418376, 0.013954, 0.510446, -0.0335641, 0.205633, 0.581708, 0.769694, 0.263033, 0.664888, -0.63623, 0.391325, 0.46855, -0.0527495, -0.881861, 0.00438858, -0.000673753, 0.00378393, -0.000932625, -0.00903761, -0.000659751, -0.100965, 0.00868366, -0.01164, -2.64305, -0.275655, 3.14278, -0.703736, 0.00139417, 0.00121631, -0.00177627, 0.0103983, -0.00032799, -0.000100705, 0.00062967
164986, 13.8748, 0.0112893, -0.068334, 0.111074, -0.234308, -0.372594, 0.714055, 0.103434, 0.24294, 0.126698, 0.034301, 0.418502, 0.013955, 0.510507, -0.033541, 0.205685, 0.581628, 0.769734, 0.263093, 0.664879, -0.636183, 0.391418, 0.468663, -0.0527345, -0.881802, 0.00573669, 0.00217322, 0.00567541, 0.00138693, -0.0133712, 0.000104417, -0.100909, 0.00869796, -0.0116372, -2.64291, -0.275653, 3.14278, -0.703741, 0.0053339, -0.000778191, 0.000173064, 0.0124187, 0.000101859, -6.71548e-05, 0.00601645
175547, 13.8858, 0.0113598, -0.0683122, 0.111135, -0.234353, -0.372695, 0.714061, 0.103464, 0.242826, 0.126663, 0.034078, 0.418124, 0.013955, 0.510578, -0.0335192, 0.205746, 0.581547, 0.76977, 0.263166, 0.664857, -0.63614, 0.391524, 0.468794, -0.0527219, -0.881733, 0.00719538, 0.00129061, 0.00566908, -0.00131682, -0.0139554, 0.00364231, -0.100854, 0.0087123, -0.0116344, -2.64275, -0.275654, 3.14278, -0.703737, 0.0033635, 0.00301859, 0.000712967, 0.0168661, 2.81455e-06, 0.00017404, 0.000516797
185947, 13.8958, 0.0114213, -0.0682908, 0.111187, -0.234391, -0.372783, 0.714069, 0.103414, 0.247725, 0.118919, 0.033916, 0.418251, 0.013819, 0.510639, -0.0334978, 0.205798, 0.581475, 0.769804, 0.263229, 0.664841, -0.636101, 0.391615, 0.468907, -0.0527087, -0.881673, 0.00656667, 0.000154323, 0.00524669, -0.000117491, -0.0130057, -0.00044939, -0.100799, 0.0087266, -0.0116344, -2.64261, -0.275654, 3.14278, -0.703733, 0.00158653, 0.00271987, 0.000408049, 0.0154577, 0.00162757, 0.000206687, 0.00117523
196301, 13.9068, 0.0114891, -0.0682675, 0.11125, -0.234439, -0.372884, 0.714082, 0.107674, 0.25024, 0.111383, 0.034165, 0.418324, 0.013956, 0.510707, -0.0334745, 0.205861, 0.581384, 0.769848, 0.263299, 0.664826, -0.636048, 0.391726, 0.46904, -0.0526953, -0.881603, 0.00532495, 0.00336528, 0.00515556, 0.000468244, -0.0121065, 0.00524269, -0.100739, 0.00872804, -0.0116344, -2.64246, -0.275655, 3.14278, -0.70374, 0.0079891, -0.000672031, 0.000502423, 0.0110648, 0.00490041, 0.000249622, -0.00118069
206731, 13.9168, 0.0115564, -0.0682535, 0.111314, -0.23449, -0.372987, 0.714079, 0.107576, 0.250176, 0.126607, 0.033944, 0.418449, 0.013953, 0.510774, -0.0334605, 0.205925, 0.581313, 0.769876, 0.263373, 0.664794, -0.636014, 0.391835, 0.469173, -0.0526903, -0.881533, 0.00857596, 0.00209216, 0.00846598, -0.00254028, -0.0192365, 0.00648294, -0.100694, 0.00872873, -0.0116372, -2.64231, -0.275654, 3.14278, -0.70374, 0.00682612, -0.000945627, -0.000760432, 0.0189195, 0.000415344, -0.000483682, -0.000957125
217093, 13.9268, 0.0116239, -0.0682312, 0.111376, -0.234544, -0.373106, 0.71408, 0.107585, 0.250178, 0.134239, 0.034166, 0.418319, 0.013953, 0.510851, -0.0334377, 0.205997, 0.581227, 0.769912, 0.263459, 0.664762, -0.635973, 0.391957, 0.469325, -0.0526784, -0.881453, 0.00603623, 0.00386975, 0.00579105, -0.00080646, -0.0138797, 0.00781025, -0.100633, 0.00872876, -0.0116372, -2.64214, -0.275654, 3.14278, -0.703732, 0.00915938, -0.000507602, -0.000361145, 0.0126864, 0.000221844, 0.000715912, 0.00100462
227538, 13.9378, 0.0117046, -0.0682114, 0.111452, -0.234595, -0.373213, 0.714081, 0.107584, 0.250213, 0.126613, 0.034388, 0.418445, 0.013955, 0.510923, -0.0334184, 0.206063, 0.581147, 0.769946, 0.263537, 0.664734, -0.635932, 0.39207, 0.469464, -0.0526685, -0.88138, 0.00617312, 0.00199387, 0.00552946, -0.000668374, -0.0131152, 0.00369815, -0.100582, 0.00873405, -0.0116344, -2.64198, -0.275651, 3.14278, -0.703732, 0.00525815, 0.00073835, -2.92216e-05, 0.0138709, -2.59469e-06, -2.56417e-05, 0.00173726
237969, 13.9478, 0.0117809, -0.0681892, 0.111522, -0.234649, -0.373327, 0.714089, 0.107613, 0.250095, 0.126585, 0.034165, 0.418067, 0.013955, 0.510999, -0.0333962, 0.206133, 0.581055, 0.769988, 0.263616, 0.66471, -0.635882, 0.392193, 0.469613, -0.052657, -0.881301, 0.00657411, 0.0029833, 0.00599081, -0.002303, -0.0136846, 0.00838608, -0.100525, 0.0087375, -0.0116319, -2.64181, -0.275652, 3.14278, -0.703736, 0.0060261, 0.000346711, 0.00121591, 0.0146739, -0.000258864, -0.000489411, -0.00110883
248304, 13.9588, 0.0118723, -0.0681759, 0.111602, -0.234716, -0.37346, 0.714076, 0.107499, 0.250064, 0.126535, 0.033944, 0.418449, 0.013953, 0.51109, -0.0333829, 0.206213, 0.580975, 0.770015, 0.263714, 0.66466, -0.635849, 0.392331, 0.469783, -0.0526544, -0.88121, 0.00821884, 0.000630397, 0.00761277, -0.00211454, -0.0177772, 0.00306805, -0.100471, 0.00875623, -0.0116397, -2.6416, -0.275651, 3.14278, -0.703728, 0.0048805, 0.000669332, -0.00188091, 0.018736, -0.000272644, -0.000171131, 0.000172421
258738, 13.9688, 0.011951, -0.0681625, 0.111672, -0.234775, -0.373573, 0.714076, 0.11177, 0.252536, 0.134257, 0.034193, 0.418265, 0.014089, 0.511169, -0.0333695, 0.206283, 0.580893, 0.77005, 0.263792, 0.664627, -0.635807, 0.392454, 0.46993, -0.0526509, -0.881132, 0.00708218, 0.00133498, 0.00649407, -0.00171564, -0.0151685, 0.00403811, -0.100431, 0.00876979, -0.0116372, -2.64142, -0.275655, 3.14278, -0.703732, 0.0042439, 0.000621351, -0.000112763, 0.0160465, -0.000170189, -0.000166203, 0.000253492
269085, 13.9788, 0.0120388, -0.0681424, 0.111749, -0.234836, -0.373701, 0.714073, 0.115931, 0.250056, 0.126437, 0.033936, 0.418347, 0.013955, 0.511269, -0.0333504, 0.20637, 0.58079, 0.770094, 0.263892, 0.664586, -0.635755, 0.392608, 0.470116, -0.0526439, -0.881033, 0.0104941, 0.00280026, 0.00984926, -0.00352391, -0.0232262, 0.00962962, -0.100372, 0.00879139, -0.0116372, -2.64119, -0.275655, 3.14278, -0.703737, 0.00864843, 0.000299452, -0.00101095, 0.0232292, -0.000183069, 0.000565588, -0.00199267
279469, 13.9898, 0.0121505, -0.0681281, 0.111843, -0.234917, -0.373855, 0.714065, 0.111724, 0.252468, 0.134213, 0.034193, 0.418265, 0.014089, 0.511368, -0.0333351, 0.206454, 0.580701, 0.770126, 0.263994, 0.664536, -0.635716, 0.392755, 0.470296, -0.0526398, -0.880938, 0.0116826, 0.00271279, 0.0112788, -0.00339543, -0.0263332, 0.00882448, -0.100326, 0.00881936, -0.0116316, -2.64096, -0.275654, 3.14278, -0.703732, 0.00754168, -0.000427801, 0.00025787, 0.0257771, 0.000160047, 0.000355942, -0.00126864
289863, 13.9998, 0.0122465, -0.0681146, 0.111914, -0.234979, -0.373978, 0.714057, 0.111676, 0.252409, 0.126544, 0.03397, 0.418395, 0.014088, 0.511464, -0.0333216, 0.206525, 0.580621, 0.770155, 0.264083, 0.664494, -0.635681, 0.392884, 0.470454, -0.0526356, -0.880853, 0.0109035, 0.000735493, 0.00875715, -0.00205082, -0.0213175, 0.00307378, -0.100281, 0.00887123, -0.0116294, -2.64073, -0.275655, 3.14278, -0.703726, 0.00368666, 0.00440711, 0.000111991, 0.0258146, -0.000101155, 5.83492e-06, 0.000928011
300192, 14.0108, 0.0123686, -0.068101, 0.11201, -0.235064, -0.374138, 0.714048, 0.115906, 0.25004, 0.126419, 0.03438, 0.418344, 0.013957, 0.511587, -0.033308, 0.206621, 0.580516, 0.770196, 0.264196, 0.664438, -0.635632, 0.393057, 0.470662, -0.0526342, -0.880742, 0.012324, 0.000298001, 0.0108792, -0.0028839, -0.0256326, 0.00306682, -0.100223, 0.00892617, -0.0116341, -2.64044, -0.275654, 3.14278, -0.703731, 0.00420944, 0.00252418, -0.000879507, 0.028662, 0.000117275, -0.000357236, 0.000132602
310474, 14.0208, 0.012481, -0.068087, 0.112093, -0.235137, -0.37428, 0.71404, 0.115883, 0.250006, 0.126397, 0.03438, 0.418344, 0.013957, 0.511699, -0.033294, 0.206704, 0.580422, 0.770232, 0.264298, 0.664389, -0.635589, 0.393209, 0.470847, -0.0526308, -0.880644, 0.0109053, 0.00100712, 0.00617717, -0.00345562, -0.0163279, 0.00712503, -0.100177, 0.0089885, -0.0116283, -2.64017, -0.275654, 3.14278, -0.70373, 0.00346612, 0.0109839, 0.000938945, 0.0276903, 0.000227363, -0.000100128, -0.00332751
320733, 14.0308, 0.0125961, -0.068077, 0.112175, -0.235211, -0.374422, 0.714026, 0.111624, 0.257272, 0.134045, 0.034253, 0.418262, 0.013953, 0.511814, -0.033284, 0.206786, 0.580336, 0.770262, 0.2644, 0.664335, -0.635552, 0.39336, 0.47103, -0.052631, -0.880546, 0.0105716, 0.00109591, 0.00668438, -0.00172971, -0.0170522, 0.00369341, -0.100135, 0.00906164, -0.0116259, -2.63989, -0.275655, 3.14278, -0.703726, 0.00434571, 0.00881284, 0.000162952, 0.0264381, 2.08531e-05, -0.000506, 0.000834103
330987, 14.0408, 0.0127252, -0.0680643, 0.112272, -0.235298, -0.374587, 0.714014, 0.115828, 0.259682, 0.126459, 0.034057, 0.418338, 0.014088, 0.511943, -0.0332713, 0.206883, 0.580231, 0.770301, 0.264517, 0.664275, -0.635505, 0.393537, 0.471243, -0.0526303, -0.880432, 0.0144304, -0.000701511, 0.00987424, -0.00125236, -0.0251789, -0.00138229, -0.100082, 0.00913095, -0.0116259, -2.63958, -0.275655, 3.14278, -0.703727, 0.00146543, 0.0105342, 0.000344509, 0.0358197, -5.47518e-05, -0.000128584, 0.00366602
341220, 14.0518, 0.0128746, -0.0680567, 0.112385, -0.235402, -0.374777, 0.713991, 0.115826, 0.259655, 0.134079, 0.034279, 0.418208, 0.014089, 0.512093, -0.0332637, 0.206996, 0.580119, 0.770338, 0.264652, 0.664197, -0.63546, 0.393742, 0.471491, -0.0526362, -0.880299, 0.0176404, -0.000698672, 0.0152838, -0.00421881, -0.0362863, 0.0025155, -0.100032, 0.00921121, -0.0116285, -2.63922, -0.275655, 3.14278, -0.703729, 0.00335828, 0.0046309, -0.000830562, 0.0414618, 1.13388e-05, -0.000312737, -3.81923e-05
351541, 14.0618, 0.0130111, -0.0680477, 0.112486, -0.235495, -0.374948, 0.713975, 0.111556, 0.257203, 0.126352, 0.034474, 0.418388, 0.013955, 0.512229, -0.0332547, 0.207097, 0.580014, 0.770376, 0.264774, 0.664131, -0.635414, 0.393928, 0.471714, -0.0526393, -0.880179, 0.013422, 0.00125815, 0.0108585, -0.00309251, -0.026249, 0.00555394, -0.0999918, 0.00928896, -0.0116212, -2.63889, -0.275654, 3.14278, -0.703734, 0.0051957, 0.00523882, 0.000213165, 0.0317122, 0.000230582, -4.5397e-05, -0.000398326
361761, 14.0718, 0.0131519, -0.0680431, 0.112592, -0.235593, -0.37513, 0.713945, 0.111581, 0.25213, 0.126394, 0.034192, 0.418013, 0.01409, 0.51237, -0.0332501, 0.207203, 0.579919, 0.770402, 0.264906, 0.664049, -0.635381, 0.394119, 0.471946, -0.052647, -0.880054, 0.0141221, 0.00266418, 0.00960362, -0.000739487, -0.0245775, 0.00444399, -0.0999553, 0.00936527, -0.0116177, -2.63855, -0.275651, 3.14278, -0.703729, 0.00664291, 0.00998205, 0.00164649, 0.0344099, 0.000295641, 8.26706e-05, 0.00408999
372040, 14.0818, 0.0132805, -0.068054, 0.112694, -0.235695, -0.375299, 0.713901, 0.107295, 0.249619, 0.126277, 0.034165, 0.418067, 0.013955, 0.512499, -0.033261, 0.207305, 0.579849, 0.770413, 0.265028, 0.663954, -0.635366, 0.394303, 0.472166, -0.0526692, -0.879935, 0.014064, -0.000887602, 0.0124048, -0.00262409, -0.0297209, 7.17054e-05, -0.0999412, 0.0094247, -0.0116255, -2.63824, -0.275655, 3.14278, -0.703724, 0.00218295, 0.0032873, -0.000886116, 0.0328537, -8.71131e-05, 0.00027223, 0.00152355
382265, 14.0928, 0.0134144, -0.0680611, 0.112803, -0.2358, -0.375479, 0.713862, 0.107211, 0.244655, 0.133949, 0.034106, 0.418322, 0.014089, 0.512632, -0.0332681, 0.207414, 0.579766, 0.770431, 0.265157, 0.663861, -0.635343, 0.394496, 0.472398, -0.0526879, -0.879809, 0.0108254, 0.000116545, 0.0081145, -0.00274537, -0.0196949, 0.00331083, -0.0999252, 0.00948021, -0.0116251, -2.63792, -0.275649, 3.14278, -0.703731, 0.00236841, 0.00599584, 0.000362784, 0.0263626, 0.000528642, -0.000508593, -0.00125919
392497, 14.1028, 0.0135225, -0.0680771, 0.112891, -0.235891, -0.375625, 0.713816, 0.111511, 0.247069, 0.126385, 0.034132, 0.418016, 0.014225, 0.512741, -0.0332841, 0.207502, 0.579715, 0.770432, 0.265263, 0.663771, -0.635339, 0.394655, 0.472587, -0.0527134, -0.879706, 0.00810644, -0.00107585, 0.00554736, -0.00132608, -0.0141331, -0.00091745, -0.0999301, 0.00952379, -0.0116283, -2.63766, -0.275654, 3.14278, -0.703726, 0.000138155, 0.00607998, -0.000450925, 0.020265, -2.15419e-05, 7.86311e-06, 0.000712651
402714, 14.1128, 0.0136323, -0.0680992, 0.112988, -0.235991, -0.375782, 0.713759, 0.111475, 0.251971, 0.12629, 0.034192, 0.418013, 0.01409, 0.51285, -0.0333062, 0.207599, 0.57967, 0.770427, 0.265378, 0.663667, -0.635343, 0.394824, 0.472789, -0.0527452, -0.879596, 0.0100396, -0.00558638, 0.0096301, -0.00197759, -0.0228801, -0.00970229, -0.0999379, 0.00955157, -0.0116389, -2.6374, -0.275651, 3.14278, -0.703726, -0.00179011, 0.00121361, -0.00689481, 0.0238284, -0.000158618, 0.000356139, 0.00137108
412927, 14.1228, 0.013739, -0.0681151, 0.113085, -0.236087, -0.375937, 0.713712, 0.11571, 0.254403, 0.126346, 0.034218, 0.417959, 0.014225, 0.512957, -0.0333221, 0.207696, 0.579614, 0.77043, 0.265489, 0.663573, -0.635337, 0.394992, 0.472989, -0.0527714, -0.879487, 0.00901208, -0.00124629, 0.00880028, -0.00223395, -0.0207127, -0.000434797, -0.099939, 0.00957193, -0.0116452, -2.63715, -0.275649, 3.14278, -0.703729, 0.000784802, 0.00010822, -0.00128941, 0.0205165, 6.49982e-07, 0.000440859, -1.25128e-05
423141, 14.1328, 0.0138502, -0.0681337, 0.113187, -0.236188, -0.376102, 0.713656, 0.119893, 0.251944, 0.12618, 0.034184, 0.417911, 0.014092, 0.513081, -0.0333434, 0.20781, 0.579554, 0.77043, 0.265622, 0.663457, -0.635334, 0.39519, 0.473225, -0.0528049, -0.879358, 0.0126158, -0.00381648, 0.0121332, -0.00338023, -0.0283818, -0.00425991, -0.0999527, 0.00959103, -0.0116457, -2.63686, -0.275649, 3.14278, -0.703729, -0.00478617, 0.000924002, 0.000121027, 0.0294161, -3.32578e-05, 9.29917e-05, -0.000410132
433366, 14.1438, 0.0139664, -0.068143, 0.113294, -0.236292, -0.376271, 0.713618, 0.119882, 0.251962, 0.118553, 0.034406, 0.418038, 0.014094, 0.513184, -0.03335, 0.207905, 0.579485, 0.770445, 0.26573, 0.663378, -0.635315, 0.395355, 0.473421, -0.0528225, -0.879251, 0.0103037, 0.00026547, 0.00953657, -0.00267409, -0.0223544, 0.00298348, -0.0999454, 0.00960707, -0.0116436, -2.63662, -0.275651, 3.14278, -0.703731, 0.000772463, 0.00117041, 0.00189427, 0.0236934, -0.000473388, -1.00267e-05, 0.000114876
443556, 14.1538, 0.0140777, -0.06816, 0.113396, -0.236392, -0.376437, 0.713564, 0.119774, 0.251892, 0.133757, 0.034185, 0.418163, 0.014091, 0.513296, -0.033367, 0.208007, 0.579431, 0.770443, 0.265851, 0.663274, -0.635314, 0.39553, 0.473633, -0.0528504, -0.879135, 0.0110971, -0.00103783, 0.00935468, -0.00191011, -0.0225174, -0.000745655, -0.0999454, 0.00962452, -0.011652, -2.63636, -0.275649, 3.14278, -0.703727, 0.000933849, 0.00380861, -0.000461953, 0.0264075, 0.00038467, -9.33593e-06, 0.00100205
453766, 14.1638, 0.0141855, -0.0681678, 0.113496, -0.236487, -0.376596, 0.713524, 0.119812, 0.251823, 0.126101, 0.034184, 0.417911, 0.014092, 0.513404, -0.0333748, 0.208107, 0.579363, 0.770454, 0.265967, 0.663186, -0.635299, 0.395702, 0.473839, -0.0528697, -0.879023, 0.0108657, -0.000130425, 0.0106639, -0.00123347, -0.0247717, -0.000729288, -0.0999397, 0.00963905, -0.0116495, -2.63611, -0.275649, 3.14278, -0.703726, 0.00252144, -0.00024761, -0.000345868, 0.024643, 0.000364572, -0.000140361, 0.00292232
463956, 14.1738, 0.014293, -0.0681742, 0.113594, -0.23658, -0.376753, 0.713488, 0.119813, 0.246905, 0.118546, 0.034345, 0.418042, 0.014229, 0.513511, -0.0333812, 0.208205, 0.579291, 0.77047, 0.266079, 0.663103, -0.635279, 0.395872, 0.474042, -0.0528875, -0.878912, 0.011409, -0.000594937, 0.0109239, -0.00469387, -0.0252172, 0.00467308, -0.0999347, 0.00965674, -0.0116437, -2.63586, -0.27565, 3.14278, -0.703728, 0.0012419, 0.000541424, 4.4215e-05, 0.0261695, -0.000237478, -4.76658e-05, -0.00361965
474161, 14.1838, 0.0143959, -0.0681868, 0.113688, -0.23668, -0.376919, 0.713439, 0.119759, 0.251745, 0.12605, 0.034184, 0.417911, 0.014092, 0.513623, -0.0333945, 0.208307, 0.57923, 0.770474, 0.266199, 0.663005, -0.635272, 0.396049, 0.474254, -0.0529121, -0.878796, 0.0102721, -0.0026461, 0.0100953, -0.00212604, -0.0228745, -0.00416703, -0.0999391, 0.00967354, -0.0116409, -2.6356, -0.27565, 3.14278, -0.703725, -0.00342302, 7.0083e-05, 0.000652022, 0.0240669, 3.348e-05, -0.00106775, 0.00140052
484374, 14.1948, 0.0145029, -0.068197, 0.113786, -0.236766, -0.377061, 0.713403, 0.111266, 0.25166, 0.126087, 0.034192, 0.418013, 0.01409, 0.513721, -0.033404, 0.208397, 0.57917, 0.770484, 0.266302, 0.662925, -0.635258, 0.396204, 0.474439, -0.0529317, -0.878695, 0.00718179, -0.00171264, 0.00476471, -0.00282812, -0.00792762, -0.00160063, -0.0999332, 0.00969197, -0.0116439, -2.63537, -0.275651, 3.14278, -0.703727, -0.000812796, 0.00522364, -0.000179436, 0.020241, -0.000167772, -0.00709239, -0.000184538
494562, 14.2048, 0.0145921, -0.0682069, 0.113865, -0.236843, -0.377189, 0.713367, 0.111256, 0.246689, 0.126137, 0.034132, 0.418016, 0.014225, 0.51381, -0.0334139, 0.208476, 0.579121, 0.770489, 0.266394, 0.66285, -0.63525, 0.396342, 0.474604, -0.0529502, -0.878605, 0.00791298, -0.000844136, 0.00714506, -0.00156183, -0.0169219, -0.000565286, -0.0999332, 0.00971316, -0.0116436, -2.63516, -0.27565, 3.14278, -0.703727, 0.000311741, 0.00157152, -0.000240598, 0.018545, -7.36358e-05, 1.78135e-05, 0.000803076
504768, 14.2148, 0.0146783, -0.0682184, 0.113946, -0.236922, -0.377319, 0.713327, 0.111234, 0.246657, 0.126116, 0.034132, 0.418016, 0.014225, 0.513896, -0.0334254, 0.208557, 0.579074, 0.770491, 0.266489, 0.662771, -0.635246, 0.396481, 0.474772, -0.0529705, -0.878514, 0.00652501, -0.000931104, 0.00451961, -0.00152214, -0.00829192, -0.00172952, -0.0999356, 0.00972132, -0.0116443, -2.63496, -0.275648, 3.14278, -0.703726, -9.70993e-05, 0.00427731, 0.000389846, 0.0177904, 0.000538627, -0.00530362, 0.000981277
515046, 14.2249, 0.0147462, -0.0682295, 0.114007, -0.236983, -0.377418, 0.713293, 0.115364, 0.244234, 0.133591, 0.034098, 0.41822, 0.014091, 0.513964, -0.0334365, 0.208618, 0.579043, 0.770489, 0.266562, 0.662708, -0.635247, 0.396586, 0.474898, -0.0529878, -0.878444, 0.00584995, -0.000193621, 0.0042995, -0.000376709, -0.0112959, -0.000358314, -0.0999389, 0.00973633, -0.0116471, -2.6348, -0.275644, 3.14278, -0.703726, -1.82763e-05, 0.00369028, 0.000830455, 0.0140858, 7.35776e-05, 0.000906507, 0.00139465
525254, 14.2358, 0.0148239, -0.068243, 0.114082, -0.237058, -0.377535, 0.713258, 0.115354, 0.239264, 0.133652, 0.034038, 0.418224, 0.014226, 0.514042, -0.03345, 0.208693, 0.578999, 0.770494, 0.266645, 0.662637, -0.635239, 0.396716, 0.475051, -0.0530098, -0.87836, 0.00673553, -0.00135974, 0.00665196, -0.00215972, -0.0153374, -0.000448521, -0.0999443, 0.00974064, -0.0116517, -2.63462, -0.275648, 3.14278, -0.70373, -0.00107653, 4.28658e-06, -0.000143105, 0.0155444, -0.000343803, -5.99487e-05, -0.000540737
535444, 14.2458, 0.0148843, -0.0682451, 0.114137, -0.237109, -0.377624, 0.713238, 0.115339, 0.239243, 0.133638, 0.034038, 0.418224, 0.014226, 0.514102, -0.0334521, 0.208748, 0.578958, 0.770502, 0.266709, 0.66259, -0.635229, 0.396811, 0.475165, -0.0530181, -0.878298, 0.0052341, -0.000505125, 0.003636, -0.00159943, -0.00907194, 0.00108233, -0.0999397, 0.00975019, -0.0116468, -2.63448, -0.275645, 3.14278, -0.703731, -2.27073e-05, 0.00380908, 0.00016652, 0.0130852, -0.000192874, -8.61677e-05, -0.000886638
545652, 14.2558, 0.0149314, -0.0682458, 0.11418, -0.237147, -0.377693, 0.713221, 0.115382, 0.244147, 0.125917, 0.034097, 0.417968, 0.014092, 0.514149, -0.0334528, 0.208791, 0.578929, 0.770506, 0.266761, 0.662552, -0.635223, 0.396882, 0.475253, -0.0530239, -0.87825, 0.00429488, 0.000671502, 0.00376898, 0.0013372, -0.0147462, 0.00116545, -0.099934, 0.00975977, -0.011644, -2.63437, -0.275648, 3.14278, -0.703722, 0.000257159, 0.00193429, 0.000959898, 0.00726456, 0.000196633, 0.00953575, 0.00127427
555886, 14.2658, 0.0149748, -0.0682433, 0.114219, -0.237182, -0.377757, 0.713212, 0.115309, 0.244151, 0.133537, 0.034098, 0.41822, 0.014091, 0.514193, -0.0334503, 0.20883, 0.578892, 0.770518, 0.266806, 0.662525, -0.635209, 0.396951, 0.475336, -0.0530262, -0.878205, 0.00671777, -0.000466599, 0.00609174, -0.00127172, -0.0145155, -6.60533e-05, -0.0999251, 0.00976583, -0.0116384, -2.63427, -0.275646, 3.14278, -0.703725, 0.000364327, 0.00127546, 0.000127114, 0.0156534, -0.000248578, 0.000196503, 0.000914653
566093, 14.2768, 0.0150196, -0.0682399, 0.114265, -0.237222, -0.377828, 0.713204, 0.111151, 0.246534, 0.126035, 0.034132, 0.418016, 0.014225, 0.514238, -0.0334469, 0.208876, 0.57885, 0.770532, 0.266857, 0.662496, -0.635191, 0.397029, 0.475428, -0.0530288, -0.878155, 0.00553859, 0.00045511, 0.00500218, -0.00145002, -0.0118516, 0.00240463, -0.0999142, 0.00976089, -0.0116334, -2.63417, -0.275648, 3.14278, -0.703726, 0.00189421, 0.000965667, 0.000203996, 0.0127373, 0.000241909, 0.000174063, -0.000563587
576281, 14.2868, 0.0150506, -0.0682422, 0.114296, -0.237251, -0.377877, 0.713192, 0.111079, 0.246552, 0.133657, 0.034132, 0.418268, 0.014224, 0.514269, -0.0334492, 0.208907, 0.578828, 0.770536, 0.266892, 0.662469, -0.635186, 0.397082, 0.475492, -0.0530348, -0.87812, 0.00459539, 1.49063e-05, 0.00492433, -0.00204314, -0.0108978, 0.00232801, -0.0999122, 0.00975809, -0.011633, -2.6341, -0.275647, 3.14278, -0.703728, 0.000681743, -0.00114738, 0.000312877, 0.0102464, -0.000370789, -0.000349636, -0.00119792
586481, 14.2968, 0.0150688, -0.0682412, 0.114316, -0.237267, -0.377909, 0.713183, 0.111111, 0.241625, 0.141383, 0.034295, 0.418141, 0.01436, 0.514287, -0.0334482, 0.208927, 0.578817, 0.770537, 0.266916, 0.662451, -0.635185, 0.397112, 0.475531, -0.0530361, -0.878099, 0.00127434, -0.000568989, 0.00184668, -0.000417389, -0.00304616, -0.00134006, -0.0999065, 0.00975387, -0.0116325, -2.63406, -0.275645, 3.14278, -0.703723, -0.000580482, -0.00160711, -1.93978e-05, 0.00301041, 0.0003163, -0.00160428, 0.000289207
596723, 14.3068, 0.0150808, -0.0682462, 0.114325, -0.237279, -0.377923, 0.713178, 0.111136, 0.246511, 0.12602, 0.034132, 0.418016, 0.014225, 0.514299, -0.0334532, 0.208936, 0.578812, 0.770537, 0.266925, 0.662441, -0.635184, 0.397131, 0.475551, -0.0530418, -0.878088, -0.000472654, -0.000457606, -0.000457013, -0.000463056, 0.00162625, -0.000218104, -0.0999109, 0.00976059, -0.0116351, -2.63403, -0.275645, 3.14278, -0.703729, -0.00105314, -2.73226e-05, 0.0001582, -0.000740923, -3.53349e-05, -0.000884571, -0.000866583
606908, 14.3168, 0.0150894, -0.0682524, 0.114334, -0.23729, -0.377937, 0.713168, 0.111106, 0.241617, 0.141378, 0.034295, 0.418141, 0.01436, 0.514307, -0.0334594, 0.208945, 0.578814, 0.770532, 0.266936, 0.662426, -0.63519, 0.397146, 0.475569, -0.0530488, -0.878077, 0.000429696, -0.000311759, 0.00034024, -9.94455e-05, -0.00096119, -0.000405934, -0.0999134, 0.00975917, -0.0116428, -2.63401, -0.275645, 3.14278, -0.703729, 5.65081e-05, 0.000271525, -0.000557209, 0.00102479, 0.000184479, 0.000221217, -0.000259586
617077, 14.3278, 0.0150922, -0.0682584, 0.114334, -0.237293, -0.377937, 0.71316, 0.115352, 0.239137, 0.125958, 0.034037, 0.417972, 0.014228, 0.51431, -0.0334654, 0.208945, 0.578823, 0.770525, 0.266936, 0.662418, -0.635198, 0.397146, 0.475569, -0.0530541, -0.878077, -0.000161099, -0.0017708, -0.000238451, 0.00128283, 0.000562012, -0.00512427, -0.0999183, 0.00976873, -0.0116486, -2.634, -0.275644, 3.14278, -0.703728, -0.00131497, 0.000413685, -0.00142048, -8.55295e-05, 0.00418348, -0.000211039, -0.00149677
627241, 14.3368, 0.0150907, -0.0682533, 0.114326, -0.237286, -0.37793, 0.713162, 0.11528, 0.24411, 0.133509, 0.034098, 0.41822, 0.014091, 0.514309, -0.0334631, 0.208938, 0.578827, 0.770524, 0.266932, 0.662423, -0.6352, 0.397136, 0.475558, -0.0530511, -0.878083, 0.000424742, -0.00053134, 0.000463219, 0.000972412, -0.0050384, -0.000692228, -0.0999166, 0.00978094, -0.0116463, -2.634, -0.275645, 3.14278, -0.703722, -0.000344557, 0.000633697, -0.00126483, -0.000821915, 0.000255493, 0.00660353, -0.000322007
637446, 14.3478, 0.015085, -0.0682542, 0.114317, -0.237277, -0.377915, 0.713168, 0.119606, 0.246563, 0.125971, 0.034124, 0.417915, 0.014228, 0.514303, -0.0334612, 0.208928, 0.578831, 0.770524, 0.266921, 0.662433, -0.635199, 0.39712, 0.475539, -0.0530479, -0.878094, -0.000240046, -0.000281504, -0.000704658, 0.000318235, 0.00137518, -0.000931059, -0.0999141, 0.00979302, -0.0116464, -2.63401, -0.275645, 3.14278, -0.703722, 0.000324539, 0.00123761, -0.000905984, -0.00015206, 4.15298e-05, -1.29889e-05, 0.000354701
647734, 14.3578, 0.0150832, -0.068251, 0.114309, -0.23727, -0.377903, 0.713178, 0.119599, 0.251506, 0.125893, 0.034184, 0.417911, 0.014092, 0.514301, -0.033458, 0.20892, 0.578827, 0.770531, 0.266911, 0.662446, -0.635192, 0.39711, 0.475525, -0.0530438, -0.878102, 0.000480141, -0.000212492, 0.00024707, 0.00346729, -0.00462993, -0.00460548, -0.0999113, 0.00980941, -0.0116436, -2.63401, -0.275646, 3.14278, -0.703727, -0.000343852, 0.00120754, -0.000438627, -0.000467417, 0.00114752, 0.00612199, 0.00411222
657970, 14.3678, 0.0150802, -0.0682494, 0.114296, -0.237259, -0.377886, 0.713185, 0.115328, 0.25396, 0.133666, 0.034219, 0.418211, 0.014224, 0.514298, -0.0334595, 0.208905, 0.578838, 0.770527, 0.266898, 0.662454, -0.635197, 0.397089, 0.4755, -0.0530429, -0.878115, 0.000308422, 0.00144085, 0.000325675, 0.000102986, -0.000793303, 0.00266085, -0.0999174, 0.0098374, -0.0116408, -2.63401, -0.275645, 3.14278, -0.703726, 0.00220033, -0.000284793, 0.000703691, 0.00034152, 0.000458404, 0.000156523, -0.000158576
668185, 14.3788, 0.0150799, -0.0682505, 0.114281, -0.237249, -0.377867, 0.713189, 0.115359, 0.253994, 0.141329, 0.034441, 0.418081, 0.014224, 0.514298, -0.0334575, 0.208892, 0.57884, 0.77053, 0.266884, 0.662468, -0.635193, 0.397073, 0.47548, -0.0530391, -0.878126, -0.000249344, -0.00178917, -0.00231482, -0.000508355, 0.00436228, -0.00190525, -0.0999109, 0.00987145, -0.0116436, -2.634, -0.275647, 3.14278, -0.703727, 0.000564091, 0.0055505, -0.00409029, 0.00128075, -0.000271064, -1.03892e-05, -0.00157583
678444, 14.3888, 0.0150769, -0.068257, 0.11427, -0.237243, -0.377854, 0.713181, 0.115361, 0.253998, 0.141331, 0.034441, 0.418081, 0.014224, 0.514295, -0.033464, 0.208881, 0.57886, 0.770518, 0.266877, 0.662464, -0.635207, 0.397056, 0.475461, -0.0530433, -0.878136, -3.00246e-05, -0.000873115, 0.000469789, -0.000183207, -0.000950424, -0.00142669, -0.0999183, 0.00989242, -0.0116488, -2.634, -0.275643, 3.14278, -0.703724, -0.000805883, -0.00111215, -0.000868293, -0.000316591, 0.000230566, 0.000175838, -0.000486492
688622, 14.3988, 0.0150763, -0.0682636, 0.114255, -0.237235, -0.377835, 0.713179, 0.11961, 0.251522, 0.125904, 0.034184, 0.417911, 0.014092, 0.514294, -0.0334706, 0.208866, 0.578876, 0.770511, 0.266863, 0.662467, -0.635216, 0.397037, 0.475436, -0.0530472, -0.878149, -0.00148338, -0.000933852, -0.0039681, 0.000619962, 0.00808747, -0.00183024, -0.099925, 0.00992925, -0.0116548, -2.63399, -0.275643, 3.14278, -0.703725, -0.000749341, 0.00651874, -0.00127781, -0.00131475, 0.000265504, -0.000284191, -0.000532085
698801, 14.4088, 0.0150774, -0.0682679, 0.114247, -0.237232, -0.377825, 0.713177, 0.119603, 0.256464, 0.125836, 0.034244, 0.417908, 0.013957, 0.514295, -0.0334749, 0.208858, 0.578885, 0.770506, 0.266855, 0.662468, -0.635221, 0.397027, 0.475424, -0.0530498, -0.878156, -0.000925552, -0.000177793, -0.00254731, -0.000648552, 0.00869817, -0.000344418, -0.0999307, 0.00995349, -0.011657, -2.63398, -0.275642, 3.14278, -0.703727, -0.000357777, 0.00358967, 0.000521192, 0.000768711, 0.000267072, -0.00597695, -0.000573922
708981, 14.4198, 0.0150815, -0.0682831, 0.11424, -0.237233, -0.377818, 0.713157, 0.123799, 0.258967, 0.133547, 0.034272, 0.418106, 0.014091, 0.514299, -0.0334901, 0.208851, 0.578916, 0.770484, 0.266853, 0.662449, -0.635247, 0.397016, 0.475413, -0.0530622, -0.878161, 5.16581e-05, -0.00106174, -0.000458239, 0.000721472, 0.000410625, -0.00302888, -0.0999456, 0.00998444, -0.0116696, -2.63396, -0.275637, 3.14278, -0.703722, -0.00096109, 0.00151057, -0.00107254, 0.000532252, 0.000325215, 0.000509045, 0.000883423
719159, 14.4298, 0.0150905, -0.0682926, 0.114238, -0.237237, -0.377819, 0.713145, 0.123799, 0.258967, 0.133547, 0.034272, 0.418106, 0.014091, 0.514309, -0.0334996, 0.208849, 0.57893, 0.770473, 0.266855, 0.662437, -0.63526, 0.397017, 0.475413, -0.0530704, -0.878161, 0.00174984, -0.00208868, -0.00118932, 0.00236212, 0.000612975, -0.00717657, -0.0999521, 0.0100132, -0.0116792, -2.63393, -0.275636, 3.14278, -0.70372, -0.000671981, 0.00773213, -0.00253892, 0.00611997, 0.0030257, 0.000768086, 0.00160299
729332, 14.4398, 0.0151032, -0.0683048, 0.114238, -0.237247, -0.377822, 0.713136, 0.123862, 0.258945, 0.125926, 0.034271, 0.417854, 0.014092, 0.514321, -0.0335118, 0.208849, 0.578939, 0.770466, 0.266855, 0.662425, -0.635267, 0.397025, 0.475418, -0.0530816, -0.878157, 0.00135953, -0.00143275, 0.000484563, -0.000243472, -0.000673288, -0.00295342, -0.0999546, 0.0100455, -0.0116976, -2.63389, -0.275638, 3.14278, -0.703726, -0.00107404, 0.00221057, -0.00122521, 0.00441372, -4.86454e-05, -0.00156624, 0.000562345
739504, 14.4498, 0.0151254, -0.0683175, 0.11425, -0.237265, -0.377843, 0.713119, 0.123858, 0.258939, 0.125922, 0.034271, 0.417854, 0.014092, 0.514343, -0.0335245, 0.208861, 0.578945, 0.770457, 0.26687, 0.662401, -0.635277, 0.397049, 0.475445, -0.0530945, -0.878142, 0.0036573, -0.00237067, 0.00255269, -0.00143172, -0.00657812, -0.00253097, -0.0999528, 0.0100732, -0.011719, -2.63383, -0.275638, 3.14278, -0.703727, -0.000584389, 0.00299241, -0.00323631, 0.00944095, -0.000143776, 0.000257009, -0.00128532
749676, 14.4598, 0.0151546, -0.0683357, 0.114264, -0.237289, -0.377871, 0.713089, 0.11958, 0.261383, 0.133678, 0.034306, 0.418154, 0.014224, 0.514373, -0.0335427, 0.208875, 0.578961, 0.770436, 0.266893, 0.662362, -0.635301, 0.397077, 0.47548, -0.0531125, -0.878122, 0.00218374, -0.000406527, 0.0011888, 0.000248523, -0.00364026, -0.00130934, -0.09995, 0.0101122, -0.0117498, -2.63375, -0.275634, 3.14278, -0.703722, 0.000315529, 0.00251698, -0.000681406, 0.00556431, -3.27339e-06, 0.000563839, 0.00116198
759855, 14.4698, 0.0151878, -0.0683554, 0.114282, -0.237317, -0.377902, 0.713063, 0.123785, 0.258945, 0.133533, 0.034272, 0.418106, 0.014091, 0.514406, -0.0335624, 0.208893, 0.57897, 0.770422, 0.266915, 0.662325, -0.635316, 0.397114, 0.475521, -0.0531324, -0.878098, 0.00370801, -0.00106184, 0.0024267, 0.00329487, -0.00641468, -0.00881309, -0.0999528, 0.010153, -0.0117773, -2.63366, -0.275632, 3.14278, -0.703727, -0.000311882, 0.00314778, -0.000824884, 0.00961644, 0.000287095, -0.000477909, 0.00838528
770049, 14.4798, 0.0152251, -0.0683714, 0.114302, -0.237345, -0.377939, 0.713037, 0.128055, 0.261476, 0.126007, 0.03452, 0.418179, 0.014227, 0.514443, -0.0335784, 0.208913, 0.578975, 0.770409, 0.266943, 0.662287, -0.635331, 0.397153, 0.475567, -0.0531491, -0.878072, 0.00531063, -0.000686883, 0.00321286, -0.00086761, -0.00836571, -0.000447986, -0.0999559, 0.0101982, -0.0117968, -2.63356, -0.275632, 3.14278, -0.703724, 0.00103483, 0.00509687, -0.00113237, 0.0136592, 0.000271342, -0.000158535, 0.000106051
780364, 14.4908, 0.0152791, -0.068386, 0.114334, -0.237385, -0.377997, 0.713011, 0.13221, 0.258951, 0.125807, 0.034042, 0.418135, 0.014093, 0.514497, -0.033593, 0.208945, 0.578964, 0.770402, 0.266984, 0.662242, -0.635337, 0.397217, 0.475642, -0.0531661, -0.878031, 0.00438369, -0.00124043, 0.0012534, -0.000467005, -0.00436721, -0.00180415, -0.0999585, 0.0102513, -0.0118107, -2.63342, -0.275633, 3.14278, -0.703723, -0.000171789, 0.00786783, -0.00128256, 0.0124546, -0.000343742, -0.000202892, 0.000714075
790644, 14.5008, 0.0153344, -0.0683932, 0.11437, -0.237424, -0.37806, 0.712992, 0.128045, 0.266266, 0.118237, 0.034135, 0.417928, 0.014092, 0.514552, -0.0336002, 0.208981, 0.578941, 0.770404, 0.26703, 0.662205, -0.635334, 0.397286, 0.475724, -0.0531765, -0.877986, 0.00569749, -0.00125837, 0.0042273, -0.000680649, -0.0106676, -0.00208544, -0.099956, 0.010298, -0.0118146, -2.63328, -0.27563, 3.14278, -0.703726, -0.000561658, 0.00361433, -0.000607622, 0.014098, 0.000220648, 0.000200714, 0.000854425
800942, 14.5108, 0.0154151, -0.0684015, 0.114428, -0.237483, -0.378158, 0.712964, 0.132216, 0.273692, 0.125861, 0.034223, 0.418122, 0.01409, 0.514633, -0.0336085, 0.209039, 0.578902, 0.770409, 0.267101, 0.662147, -0.635328, 0.397392, 0.475851, -0.0531905, -0.877916, 0.00712246, -0.000606696, 0.00537032, 0.00159886, -0.0136362, -0.00541152, -0.099954, 0.0103524, -0.011815, -2.63308, -0.27563, 3.14278, -0.703724, 0.000157954, 0.00413572, 0.000181867, 0.0174521, -0.000211614, 5.9931e-05, 0.00677418
