timestamp, robot_time[1], robot_ee_pos_error[3], robot_ee_ori_error[3], sensed_forces_moments[6], robot_ee_position[3], robot_ee_orientation[9], robot_ee_linear_velocity[3], robot_ee_angular_velocity[3], joint_angles[7], joint_velocities[7], 
10383, 10.0119, -0.0275955, 0.0256786, 0.0574663, 0.0684782, 0.109885, -0.632821, 0.00385902, -0.00266085, -9.01247e-05, 0.044829, 0.424243, 0.030369, 0.471622, 0.0604716, 0.152077, 0.765161, -0.629237, -0.136346, -0.639345, -0.767565, -0.0456265, -0.0759449, 0.122084, -0.98961, -0.000947063, 0.000264223, -0.00106339, -0.000497969, 0.0026442, 0.000183043, 0.454358, 0.126837, -0.348259, -2.4284, 0.278727, 2.46533, 0.573625, 0.000694329, 0.00123127, 0.000220047, -0.00141339, 0.000343773, -6.58877e-05, 0.000395418
21032, 10.0219, -0.0276092, 0.0256738, 0.0574613, 0.0684738, 0.109895, -0.632822, -0.00882898, 0.00954728, 0.0152097, 0.044992, 0.424129, 0.030228, 0.471609, 0.0604668, 0.152072, 0.765158, -0.629238, -0.136355, -0.639346, -0.767565, -0.0456182, -0.0759568, 0.122083, -0.989609, -0.00250658, 0.000122623, -0.00138538, -6.39548e-05, 0.00393788, 0.00140238, 0.454355, 0.126818, -0.348262, -2.42844, 0.278721, 2.46534, 0.573622, 0.000476303, -0.00144901, 0.000416555, -0.00579369, -0.00020217, 0.000458822, -0.000653861
31528, 10.0331, -0.0276361, 0.0256721, 0.0574455, 0.0684569, 0.109937, -0.632822, -0.00891081, 0.00953999, 0.0151789, 0.044771, 0.424511, 0.030226, 0.471582, 0.0604651, 0.152056, 0.765152, -0.629237, -0.136391, -0.639348, -0.767565, -0.0455859, -0.0760049, 0.122082, -0.989606, -0.00397976, -0.000436314, -0.00275583, -0.000990793, 0.00739336, 0.00297666, 0.454361, 0.126806, -0.348265, -2.4285, 0.278721, 2.46534, 0.573622, 0.00075858, -0.000590067, -0.000423701, -0.00855259, -0.000768352, 0.000235289, -0.00242289
41947, 10.0429, -0.0276724, 0.0256731, 0.0574249, 0.0684337, 0.109993, -0.632816, -0.00462019, 0.0120703, 0.00765788, 0.045019, 0.424584, 0.030363, 0.471546, 0.0604661, 0.152036, 0.765149, -0.62923, -0.136439, -0.639343, -0.767571, -0.045543, -0.0760693, 0.122078, -0.989601, -0.00383733, -0.000345203, -0.00182649, 0.000319173, 0.00601939, 0.00143207, 0.454364, 0.126788, -0.348257, -2.42858, 0.278716, 2.46534, 0.573624, -0.000550831, -0.00309922, 0.000627191, -0.00902284, -0.000429696, 9.08694e-06, -0.00140996
52294, 10.0539, -0.0277226, 0.0256724, 0.0573948, 0.0684014, 0.110073, -0.632817, -0.00462477, 0.0119965, 0.0152664, 0.044797, 0.424457, 0.030361, 0.471495, 0.0604654, 0.152006, 0.765138, -0.62923, -0.136507, -0.639346, -0.767572, -0.0454816, -0.0761605, 0.122075, -0.989595, -0.00204843, -0.000433508, -0.00139816, -0.000332603, 0.00401763, -0.000830777, 0.454373, 0.126768, -0.348255, -2.42869, 0.278716, 2.46534, 0.573629, -0.000515589, -0.000443029, 0.000175784, -0.00450527, -3.81768e-05, 0.000107912, 0.00031799
62560, 10.0639, -0.0277687, 0.0256686, 0.0573651, 0.0683696, 0.110148, -0.632812, -0.00038043, 0.00962318, 0.00751502, 0.044985, 0.424536, 0.03023, 0.471449, 0.0604616, 0.151976, 0.765131, -0.629225, -0.13657, -0.639345, -0.767578, -0.0454228, -0.0762472, 0.12207, -0.989588, -0.00457954, 3.53803e-05, -0.00222787, 0.00047769, 0.0070724, 0.00188456, 0.454376, 0.126755, -0.348254, -2.42879, 0.278716, 2.46534, 0.573621, 0.000567192, -0.00348784, 0.000469364, -0.0107194, -1.8234e-05, 0.000305188, -0.0013474
72859, 10.0739, -0.027818, 0.0256562, 0.0573334, 0.068335, 0.110229, -0.632836, -0.000264766, 0.00466834, 0.00762354, 0.045146, 0.424158, 0.030367, 0.4714, 0.0604492, 0.151944, 0.7651, -0.629247, -0.13664, -0.639371, -0.76756, -0.045357, -0.0763384, 0.122066, -0.989582, -0.0039568, -0.001607, -0.00294872, -0.00117093, 0.00827195, -0.0046242, 0.454371, 0.126739, -0.348262, -2.4289, 0.278717, 2.46534, 0.573631, 2.07327e-05, -0.000251667, -0.00212711, -0.00881011, 0.000199867, 0.000384284, 0.00196667
83297, 10.0839, -0.0278696, 0.0256545, 0.0572995, 0.068298, 0.110314, -0.632829, 0.00398136, 0.00709314, 6.20077e-05, 0.04495, 0.424234, 0.030502, 0.471348, 0.0604475, 0.151911, 0.765093, -0.62924, -0.136711, -0.639367, -0.767567, -0.0452896, -0.076437, 0.122059, -0.989575, -0.00689836, -7.07015e-05, -0.00448238, -0.00096289, 0.0133542, 0.000641023, 0.454373, 0.126727, -0.348254, -2.42901, 0.278716, 2.46534, 0.573626, 0.000651931, -0.00165359, 0.00101406, -0.0146103, -0.000341546, -0.000199178, 0.00069922
93658, 10.0949, -0.0279234, 0.0256451, 0.0572664, 0.068263, 0.1104, -0.632839, -0.000261951, 0.004608, -2.96069e-05, 0.044924, 0.424288, 0.030367, 0.471295, 0.0604381, 0.151877, 0.765073, -0.629248, -0.136785, -0.639379, -0.767561, -0.0452226, -0.0765348, 0.122056, -0.989568, -0.00521278, 0.000126024, -0.0021146, 0.000678003, 0.00785921, 0.00110094, 0.45437, 0.126706, -0.348257, -2.42913, 0.278716, 2.46534, 0.573625, -0.000451878, -0.00515826, 0.0016578, -0.0123577, -0.000774448, -0.000123538, 0.000216403
104038, 10.1049, -0.0279722, 0.025636, 0.0572369, 0.0682325, 0.110477, -0.632854, -0.000246731, 0.00459447, -3.10931e-05, 0.044924, 0.424288, 0.030367, 0.471246, 0.060429, 0.151848, 0.76505, -0.629262, -0.136853, -0.639396, -0.76755, -0.0451626, -0.0766222, 0.122055, -0.989561, -0.00636367, 0.000224451, -0.00361939, 0.000124092, 0.0113902, 0.0003266, 0.454371, 0.126685, -0.348265, -2.42924, 0.278718, 2.46534, 0.573629, 0.000791394, -0.00306657, 0.00108914, -0.014005, 0.000376805, -8.87024e-05, 0.000645894
114280, 10.1159, -0.0280215, 0.0256238, 0.0572055, 0.068199, 0.110558, -0.632868, 0.00392879, -0.00275991, 0.00752742, 0.04483, 0.424495, 0.030368, 0.471197, 0.0604168, 0.151816, 0.765027, -0.629274, -0.136922, -0.639413, -0.76754, -0.0450988, -0.0767132, 0.122051, -0.989555, -0.00449866, -0.00122207, -0.00334044, -0.00489217, 0.0092076, 0.00324774, 0.454357, 0.126668, -0.348264, -2.42935, 0.278717, 2.46534, 0.573628, -0.00156738, -0.000116449, 0.00116068, -0.00937453, -0.00699535, 0.000100297, 0.00173418
124591, 10.1259, -0.0280629, 0.0256204, 0.0571791, 0.0681695, 0.110625, -0.632868, 0.00403153, -0.00277208, 0.00755621, 0.045051, 0.424113, 0.030369, 0.471155, 0.0604134, 0.15179, 0.765017, -0.629274, -0.136978, -0.639416, -0.767541, -0.0450449, -0.0767906, 0.122046, -0.989549, -0.00523131, -0.00198523, -0.003512, -0.00114942, 0.0105089, -0.00366292, 0.454368, 0.126656, -0.348271, -2.42944, 0.278717, 2.46534, 0.573627, -0.00171163, -0.00138289, -0.000958765, -0.0116592, -0.000575717, -0.000119225, 0.00099837
134897, 10.1359, -0.0281001, 0.0256171, 0.0571546, 0.0681429, 0.110686, -0.632869, 0.00401325, -0.00280313, -0.000104913, 0.044829, 0.424243, 0.030369, 0.471118, 0.0604101, 0.151766, 0.765008, -0.629274, -0.13703, -0.639418, -0.767541, -0.0449959, -0.0768613, 0.122042, -0.989544, -0.00190581, -0.0026392, -0.0014641, -0.00177413, 0.00419512, -0.00394872, 0.454368, 0.126647, -0.348268, -2.42952, 0.278717, 2.46534, 0.573626, -0.0046727, -0.000516444, -6.47071e-06, -0.00475717, -0.00247112, 0.000140371, 0.00110776
145216, 10.1459, -0.0281272, 0.0256109, 0.057137, 0.0681244, 0.11073, -0.632875, 0.00828184, -0.000341055, -1.5743e-05, 0.044856, 0.424189, 0.030504, 0.471091, 0.0604039, 0.151748, 0.764996, -0.62928, -0.137068, -0.639426, -0.767537, -0.0449608, -0.0769119, 0.12204, -0.989541, -0.00358027, -0.000872345, -0.00208195, -0.00110656, 0.00939342, -0.000876431, 0.454365, 0.126642, -0.348271, -2.42958, 0.278718, 2.46534, 0.573626, -0.000137829, -0.000316295, 0.000371029, -0.0101825, -0.000112824, 0.000547026, 0.000707284
155467, 10.1569, -0.028152, 0.0256106, 0.0571183, 0.0681016, 0.110774, -0.632871, 0.00404977, -0.00275971, -0.00770645, 0.045051, 0.42437, 0.030371, 0.471066, 0.0604036, 0.151729, 0.764993, -0.629276, -0.137103, -0.639423, -0.767542, -0.0449225, -0.0769637, 0.122032, -0.989538, -0.00302155, 3.80206e-05, -0.00250494, -0.00106133, 0.00652286, 0.00158589, 0.454368, 0.126641, -0.348267, -2.42963, 0.278716, 2.46534, 0.573623, 0.0010468, 0.000949678, 5.42945e-05, -0.00586106, -0.000104019, 7.15682e-05, -0.000666678
165712, 10.1669, -0.0281603, 0.0256064, 0.0571134, 0.0680974, 0.110787, -0.632879, 0.00405249, -0.00276187, -0.00770673, 0.045051, 0.42437, 0.030371, 0.471058, 0.0603994, 0.151724, 0.764985, -0.629283, -0.137115, -0.639431, -0.767535, -0.0449129, -0.0769779, 0.122033, -0.989536, -0.000170993, -0.000601651, -0.000238954, -0.000145431, 0.000194972, -0.000117018, 0.454362, 0.126636, -0.348268, -2.42965, 0.278717, 2.46534, 0.573624, -0.00120438, 7.76232e-05, 7.68314e-05, -0.000645291, -0.000136966, 0.000402354, -0.000980851
176015, 10.1769, -0.0281688, 0.0256049, 0.0571091, 0.0680929, 0.110799, -0.632879, 0.00403488, -0.00282389, -0.000106967, 0.044829, 0.424243, 0.030369, 0.471049, 0.0603979, 0.15172, 0.764983, -0.629283, -0.137126, -0.639432, -0.767536, -0.0449039, -0.0769916, 0.122033, -0.989535, 0.00078471, -0.000953404, 0.000521178, 5.91098e-05, -0.00140645, -0.00108367, 0.454367, 0.12663, -0.348274, -2.42967, 0.278717, 2.46534, 0.573622, -0.000792619, -8.59122e-06, -0.00139426, 0.00142413, -7.24985e-05, -0.000214476, -0.000956552
186230, 10.1869, -0.0281724, 0.0256069, 0.0571096, 0.0680948, 0.110802, -0.632878, 0.00828708, 0.00458529, -8.72344e-05, 0.044916, 0.424186, 0.030369, 0.471041, 0.0604019, 0.151718, 0.764985, -0.629279, -0.137136, -0.639429, -0.767538, -0.0449003, -0.0770019, 0.122036, -0.989534, -0.000454177, 0.000927058, -6.11968e-05, 0.000224728, 0.000229321, 0.00144716, 0.45437, 0.126618, -0.348268, -2.42969, 0.278717, 2.46534, 0.573626, 0.00127221, -0.00067007, 0.000721359, -0.0010407, 5.45045e-05, 0.000299112, 0.00042149
196441, 10.1979, -0.0281768, 0.0256037, 0.0571065, 0.0680894, 0.110809, -0.632881, 0.00829686, -0.000355533, -1.71658e-05, 0.044856, 0.424189, 0.030504, 0.471041, 0.0603967, 0.151717, 0.76498, -0.629285, -0.137135, -0.639434, -0.767534, -0.0448966, -0.0770026, 0.122034, -0.989534, 0.000273278, -0.000911866, -0.000341356, -0.000836853, 0.000657879, -0.00248733, 0.454363, 0.12662, -0.348271, -2.42969, 0.278713, 2.46534, 0.573626, -0.00108878, 0.00147563, -0.000680636, 0.000905887, -0.000269826, -0.000154561, 0.00101392
206680, 10.2079, -0.0281748, 0.0256009, 0.0571106, 0.0680981, 0.110803, -0.632889, 0.0040263, 0.00211676, -0.000177193, 0.044889, 0.42424, 0.030234, 0.471043, 0.0603939, 0.151722, 0.764974, -0.629293, -0.137132, -0.639442, -0.767527, -0.0449068, -0.076993, 0.122041, -0.989534, 5.93096e-05, -0.0017101, -8.22607e-05, -1.31859e-06, 0.000349078, -0.00355392, 0.45436, 0.126611, -0.348276, -2.42969, 0.278718, 2.46534, 0.573625, -0.00199473, 4.8138e-06, -0.00158904, -0.000283288, 0.000303466, -0.000178485, -0.00026353
216914, 10.2179, -0.0281738, 0.0256023, 0.0571138, 0.0681027, 0.110799, -0.632886, 0.00396562, 0.00213822, 0.00744284, 0.04489, 0.424492, 0.030232, 0.471044, 0.0603953, 0.151725, 0.764977, -0.62929, -0.137129, -0.63944, -0.767528, -0.0449133, -0.076987, 0.122043, -0.989534, -0.000324816, -0.00032283, -0.000437509, -0.00025379, 0.000463257, 0.000646113, 0.454363, 0.126604, -0.348277, -2.42969, 0.278718, 2.46534, 0.573624, 0.000549734, 0.000425563, -0.000987219, -0.0008592, 0.000185359, 0.000566219, -0.00134387
227166, 10.2279, -0.0281725, 0.0255993, 0.0571161, 0.0681055, 0.110795, -0.632892, -0.000184988, 0.00453905, -3.71184e-05, 0.044924, 0.424288, 0.030367, 0.471046, 0.0603923, 0.151727, 0.764973, -0.629296, -0.137126, -0.639446, -0.767523, -0.044917, -0.0769816, 0.122045, -0.989535, 7.30784e-05, -1.21098e-05, -1.00916e-05, -0.000273358, -5.17766e-05, -0.00044657, 0.454359, 0.126599, -0.34828, -2.42969, 0.278717, 2.46534, 0.573626, 0.000343612, 0.000180763, -0.000317954, 0.000166853, -0.00020286, 0.000105956, 0.000644918
237376, 10.2389, -0.0281711, 0.025601, 0.0571202, 0.0681117, 0.110789, -0.632893, 0.00402426, 0.00212092, -0.000177098, 0.044889, 0.42424, 0.030234, 0.471047, 0.060394, 0.151731, 0.764973, -0.629296, -0.137123, -0.639446, -0.767522, -0.0449253, -0.0769737, 0.122049, -0.989535, 0.00027165, 0.000749544, 0.000348907, 0.00043892, -0.000954612, 0.000725383, 0.454362, 0.12659, -0.348281, -2.42969, 0.278718, 2.46534, 0.573628, 0.0011105, -0.000319116, 0.000293387, 0.000549099, 0.000452212, 0.000190207, 0.000307
247614, 10.2489, -0.0281698, 0.0255986, 0.0571229, 0.0681161, 0.110784, -0.632893, -0.000156429, 0.00457228, 0.00761293, 0.045146, 0.424158, 0.030367, 0.471048, 0.0603916, 0.151734, 0.764973, -0.629296, -0.13712, -0.639446, -0.767522, -0.0449313, -0.0769675, 0.122052, -0.989535, 0.000989343, 0.000814235, 0.00227543, 0.00233614, -0.0049849, 0.00133575, 0.454359, 0.126584, -0.348284, -2.42969, 0.278718, 2.46534, 0.573623, 0.000163107, -0.00467373, 0.000674174, 0.000466021, 0.000243968, 0.000281374, -0.000725081
257849, 10.259, -0.0281683, 0.0256008, 0.0571274, 0.068122, 0.110778, -0.632891, -0.00018742, 0.00454418, -3.7014e-05, 0.044924, 0.424288, 0.030367, 0.47105, 0.0603938, 0.151738, 0.764976, -0.629294, -0.137116, -0.639445, -0.767523, -0.0449397, -0.076959, 0.122056, -0.989535, 5.16922e-05, 0.000965852, 0.00102211, 0.00118784, -0.00188161, 0.00173915, 0.454362, 0.126574, -0.348284, -2.42969, 0.278717, 2.46534, 0.573625, 0.000598741, -0.00281309, 0.00105369, -0.000631609, -0.00016542, 3.72837e-05, 1.06351e-05
268048, 10.2689, -0.0281657, 0.0255981, 0.0571333, 0.0681315, 0.110769, -0.632896, -0.000248639, 0.00457697, 0.00758303, 0.044925, 0.42454, 0.030365, 0.471052, 0.0603911, 0.151744, 0.764973, -0.629299, -0.13711, -0.639449, -0.767518, -0.0449521, -0.0769463, 0.122062, -0.989535, 0.000387472, 0.000595338, 0.00133224, 0.00145996, -0.00241142, -0.000301194, 0.454357, 0.126561, -0.348287, -2.42969, 0.278718, 2.46534, 0.573623, 7.69334e-05, -0.00306985, 0.000625961, -8.27531e-05, 0.000183214, -0.000121444, 0.000866399
278234, 10.2799, -0.0281628, 0.0255932, 0.0571393, 0.0681392, 0.110759, -0.632909, 0.0082799, 0.00459926, -8.68737e-05, 0.044916, 0.424186, 0.030369, 0.471055, 0.0603862, 0.15175, 0.764964, -0.629311, -0.137104, -0.639462, -0.767507, -0.0449622, -0.0769328, 0.122067, -0.989536, -0.000613052, -0.000686561, -0.000638056, -0.000272659, 0.00196028, -0.00159923, 0.454354, 0.126548, -0.348296, -2.42969, 0.278717, 2.46534, 0.573629, -0.00115474, 0.000502382, -9.76886e-05, -0.00109055, 8.81695e-05, -0.000400873, 0.000275397
288407, 10.2899, -0.0281556, 0.0255867, 0.057151, 0.0681579, 0.110733, -0.632921, 0.00827558, 0.00460544, -8.65557e-05, 0.044916, 0.424186, 0.030369, 0.471062, 0.0603797, 0.151762, 0.764958, -0.629323, -0.137085, -0.639473, -0.767496, -0.0449896, -0.0768988, 0.122077, -0.989537, 0.00109413, 0.000310886, 0.00214406, 0.00202443, -0.0043863, -0.00137163, 0.454348, 0.126524, -0.348307, -2.42969, 0.278718, 2.46535, 0.573627, -0.000670705, -0.00409559, 0.000461514, 0.000871639, 0.000276312, -7.65807e-06, 0.00097845
298565, 10.2999, -0.028153, 0.0255697, 0.0571567, 0.0681642, 0.110729, -0.632945, -0.000194494, 0.00455674, -3.66047e-05, 0.044924, 0.424288, 0.030367, 0.471065, 0.0603627, 0.151768, 0.764938, -0.629347, -0.137084, -0.639498, -0.767475, -0.0449953, -0.0768911, 0.122084, -0.989537, 0.00138769, -0.00186556, 0.001939, 0.000719697, -0.00435724, -0.00277929, 0.454337, 0.126511, -0.348334, -2.42969, 0.278718, 2.46534, 0.573622, -0.00253827, -0.00330773, -0.0019267, 0.00119229, -0.00123377, -1.02986e-05, -0.000601842
308777, 10.3099, -0.0281471, 0.0255595, 0.0571641, 0.0681732, 0.110707, -0.63296, 0.00827146, 0.00461027, -8.62055e-05, 0.044916, 0.424186, 0.030369, 0.471071, 0.0603525, 0.151775, 0.764929, -0.629362, -0.137066, -0.639512, -0.767462, -0.045011, -0.076865, 0.122086, -0.989539, -0.000760189, -0.00173145, -0.000544352, -0.000508046, 0.00134571, -0.00259672, 0.454339, 0.126497, -0.348358, -2.42969, 0.278715, 2.46535, 0.573622, 0.000118484, -0.000454969, -0.0033715, -0.00234947, -0.000148201, 0.000313587, -0.000649731
319056, 10.3199, -0.0281407, 0.0255361, 0.0571731, 0.0681832, 0.110688, -0.632996, 0.00826849, 0.00461339, -8.59349e-05, 0.044916, 0.424186, 0.030369, 0.471077, 0.0603291, 0.151784, 0.764901, -0.629399, -0.137053, -0.639548, -0.767432, -0.0450248, -0.0768403, 0.122092, -0.98954, 0.000496296, -0.00372747, 0.000296544, -0.00049142, -0.00127392, -0.00417599, 0.454335, 0.126479, -0.348405, -2.42969, 0.278714, 2.46535, 0.57362, -0.000474876, -0.000642155, -0.00717745, -0.000422989, -0.000232961, 0.000313582, -0.00331405
329281, 10.3309, -0.0281253, 0.025514, 0.0571918, 0.0682082, 0.110645, -0.633037, -0.00019886, 0.00958187, -0.0077253, 0.045205, 0.424411, 0.030233, 0.471093, 0.060307, 0.151803, 0.764874, -0.629439, -0.137021, -0.639587, -0.767397, -0.0450624, -0.0767851, 0.122104, -0.989543, 0.000451155, -0.00208905, 0.000818943, 0.0004099, -0.00162315, -0.00873682, 0.454332, 0.126449, -0.348453, -2.42968, 0.278715, 2.46536, 0.573622, -0.000357064, -0.00211969, -0.0042169, -0.000753968, 0.000706692, 0.000693184, 0.00353778
339607, 10.3409, -0.0281176, 0.0254885, 0.0572036, 0.0682211, 0.110621, -0.633081, 0.00818743, 0.00959588, 0.00745503, 0.044977, 0.424435, 0.030232, 0.4711, 0.0602815, 0.151815, 0.764841, -0.629483, -0.137004, -0.639631, -0.767359, -0.0450802, -0.0767542, 0.122111, -0.989544, 0.00106737, -0.00449575, 0.000248603, -0.00111946, -0.00130091, -0.00922721, 0.454329, 0.126425, -0.348506, -2.42968, 0.278713, 2.46536, 0.573626, 0.00011236, 0.000617625, -0.00934836, 0.000883398, 0.000280033, 0.00045237, -0.000180797
349894, 10.3509, -0.0281039, 0.0254538, 0.0572275, 0.0682542, 0.110579, -0.633138, 0.00824117, 0.00957577, -0.000164557, 0.044976, 0.424183, 0.030234, 0.471114, 0.0602468, 0.151838, 0.764799, -0.629539, -0.136976, -0.639687, -0.767309, -0.045124, -0.0766959, 0.122133, -0.989546, 0.00210389, -0.00343685, 0.00474264, 0.00358474, -0.00941496, -0.00953654, 0.45432, 0.126375, -0.348577, -2.42968, 0.278716, 2.46536, 0.573621, 0.00066655, -0.0105071, -0.00936573, -0.000466216, 0.000248458, 9.60085e-06, 0.000692301
360174, 10.3619, -0.0280888, 0.0254063, 0.0572509, 0.0682814, 0.110533, -0.633215, 0.012494, 0.0120642, -7.39443e-05, 0.045003, 0.424129, 0.030369, 0.471129, 0.0601993, 0.151862, 0.764742, -0.629616, -0.136944, -0.639763, -0.767244, -0.0451615, -0.0766354, 0.122149, -0.989549, 0.00226766, -0.00447913, 0.00251913, 0.000919697, -0.00573542, -0.0106426, 0.454313, 0.126327, -0.348675, -2.42968, 0.278713, 2.46536, 0.573621, -0.0010265, -0.00359723, -0.00909511, 0.00203051, 0.000335296, 4.15423e-05, 0.000402629
370350, 10.3719, -0.02807, 0.025352, 0.057277, 0.0683167, 0.110476, -0.633306, 0.0124848, 0.0120753, -7.31812e-05, 0.045003, 0.424129, 0.030369, 0.471148, 0.060145, 0.151888, 0.764674, -0.629707, -0.136904, -0.639853, -0.767166, -0.0452104, -0.0765587, 0.12217, -0.989552, 0.00141765, -0.00696848, 0.00196146, 0.000312629, -0.00363418, -0.0157537, 0.454298, 0.126275, -0.34878, -2.42968, 0.278716, 2.46537, 0.573619, -0.00136427, -0.00420411, -0.0136246, -0.000478631, 0.000144164, -0.000326994, 0.000778092
380637, 10.3819, -0.0280455, 0.0252874, 0.0573104, 0.0683555, 0.110409, -0.633413, 0.0124441, 0.0120575, -0.00773226, 0.04478, 0.424259, 0.030368, 0.471173, 0.0600804, 0.151921, 0.764594, -0.629814, -0.136856, -0.639959, -0.767075, -0.0452647, -0.0764708, 0.122192, -0.989556, 0.00309209, -0.00710149, 0.00351349, 0.00027903, -0.00783322, -0.0232951, 0.454278, 0.126214, -0.348904, -2.42967, 0.278712, 2.46537, 0.573622, -0.00162534, -0.00564296, -0.0140509, 0.00175331, -8.78895e-05, 0.00121573, 0.00782404
390872, 10.3919, -0.0280175, 0.0252073, 0.0573475, 0.0683993, 0.110333, -0.633538, 0.012452, 0.0170413, -0.000151216, 0.045063, 0.424126, 0.030233, 0.4712, 0.0600003, 0.151958, 0.764502, -0.629938, -0.136803, -0.640082, -0.766968, -0.0453258, -0.0763709, 0.122217, -0.989561, 0.00391161, -0.00721913, 0.00323479, -0.000292002, -0.0112964, -0.0168163, 0.454255, 0.126146, -0.349058, -2.42966, 0.278709, 2.46537, 0.573614, -0.00130269, -0.00385573, -0.0141885, 0.00255004, 4.1936e-06, 0.00470658, 0.00102618
401106, 10.4019, -0.0279849, 0.0251129, 0.0573874, 0.0684484, 0.110243, -0.633689, 0.0166973, 0.019527, -5.99084e-05, 0.045089, 0.424072, 0.030369, 0.471233, 0.0599059, 0.151998, 0.764389, -0.630089, -0.136738, -0.640231, -0.76684, -0.0453955, -0.0762527, 0.122243, -0.989567, 0.00386862, -0.00778643, 0.00547196, 0.00327297, -0.0125864, -0.0135321, 0.454221, 0.126074, -0.349231, -2.42965, 0.278708, 2.46538, 0.573608, -0.00461525, -0.00995256, -0.0133525, 0.00200581, -0.000130672, 0.000400008, -0.00422416
411386, 10.4129, -0.0279527, 0.024984, 0.057433, 0.0685073, 0.110144, -0.633895, 0.0166722, 0.0244846, -0.000138628, 0.04515, 0.424069, 0.030233, 0.471265, 0.059777, 0.152044, 0.764231, -0.630295, -0.136671, -0.640435, -0.766665, -0.0454735, -0.0761188, 0.122281, -0.989572, 0.00391482, -0.0139305, 0.00593138, 0.00280432, -0.0125456, -0.0280506, 0.454168, 0.125976, -0.349458, -2.42966, 0.27871, 2.46539, 0.573599, -0.00779881, -0.0125384, -0.0229371, -0.000443405, -0.000374685, 0.000171907, -0.00225514
421687, 10.4229, -0.0279143, 0.0248553, 0.0574815, 0.068563, 0.110042, -0.634101, 0.016596, 0.0245318, 0.00749282, 0.04515, 0.424321, 0.030232, 0.471304, 0.0596483, 0.152092, 0.764074, -0.630501, -0.136599, -0.640638, -0.766491, -0.0455497, -0.0759825, 0.122314, -0.989579, 0.00339935, -0.0121448, 0.00443347, 0.00102124, -0.00935027, -0.0268387, 0.45412, 0.125886, -0.349691, -2.42965, 0.278706, 2.46539, 0.573595, -0.0044131, -0.00858359, -0.0220202, 0.000405444, -0.000389131, 0.000125304, 0.000914839
431996, 10.4329, -0.027888, 0.024703, 0.057523, 0.0686089, 0.109962, -0.634328, 0.0208543, 0.0220746, 0.00765385, 0.045117, 0.42427, 0.030502, 0.47133, 0.059496, 0.152134, 0.763896, -0.630728, -0.136547, -0.640864, -0.766299, -0.0456063, -0.0758705, 0.122346, -0.989583, 0.00221321, -0.0159959, 0.00160778, -0.00194633, -0.00362391, -0.0324501, 0.454067, 0.125788, -0.349965, -2.42967, 0.278701, 2.46538, 0.573573, -0.0047669, -0.00337702, -0.0285023, -0.00134302, -0.000141725, 0.000285381, -0.000572307
442330, 10.4439, -0.0278461, 0.024514, 0.0575702, 0.0686602, 0.109851, -0.6346, 0.0165765, 0.0196203, 0.00756557, 0.04509, 0.424324, 0.030367, 0.471372, 0.059307, 0.152181, 0.763685, -0.631, -0.136468, -0.641132, -0.76607, -0.0456758, -0.0757228, 0.122376, -0.989591, 0.00351971, -0.0172176, 0.00316272, -0.0013565, -0.00649139, -0.0367072, 0.453995, 0.125697, -0.350297, -2.42967, 0.278696, 2.46538, 0.573532, -0.00434427, -0.00520914, -0.032038, 0.000682231, -0.00019174, -0.000539293, 0.000835151
452724, 10.4539, -0.0278071, 0.0243349, 0.0576133, 0.0687083, 0.109748, -0.634837, 0.0123598, 0.0171353, -0.000142821, 0.045063, 0.424126, 0.030233, 0.471411, 0.0591279, 0.152224, 0.763502, -0.631237, -0.136394, -0.641366, -0.76587, -0.0457424, -0.075586, 0.122403, -0.989598, 0.00355469, -0.0174656, 0.00396089, 0.000698246, -0.00922039, -0.0288385, 0.453937, 0.125615, -0.350621, -2.42967, 0.278694, 2.46538, 0.573465, -0.00717931, -0.00783974, -0.0300917, -0.000379406, 7.5755e-05, -0.000123369, -0.00834743
463052, 10.4639, -0.027769, 0.0241476, 0.0576517, 0.0687496, 0.109649, -0.635062, 0.0123534, 0.0122087, -6.11748e-05, 0.045003, 0.424129, 0.030369, 0.471449, 0.0589406, 0.152263, 0.763329, -0.631463, -0.136321, -0.641588, -0.765681, -0.0458017, -0.0754566, 0.122424, -0.989605, 0.00500038, -0.0215325, 0.00504691, 0.00129424, -0.013266, -0.0291511, 0.453875, 0.125544, -0.350956, -2.42967, 0.27869, 2.46538, 0.573368, -0.00911754, -0.00888379, -0.0368998, 0.000902072, 0.000367433, 0.000284875, -0.0170505
473300, 10.4749, -0.0277283, 0.0239404, 0.0576908, 0.0687874, 0.109543, -0.635311, 0.00386547, 0.0121714, -9.29458e-06, 0.04501, 0.424231, 0.030367, 0.47149, 0.0587334, 0.152302, 0.763137, -0.631712, -0.136242, -0.641833, -0.765472, -0.045858, -0.0753204, 0.12244, -0.989614, 0.00360211, -0.0172118, 0.00288268, -0.00156884, -0.00737037, -0.028024, 0.453816, 0.125473, -0.351334, -2.42967, 0.278682, 2.46538, 0.573265, -0.00348396, -0.00416231, -0.0326484, 0.00112698, -0.000730561, -0.000189173, -0.00725235
483601, 10.4849, -0.0276945, 0.0237556, 0.0577284, 0.06883, 0.109448, -0.635507, -0.000410429, 0.00970528, -9.77514e-05, 0.044984, 0.424285, 0.030231, 0.471524, 0.0585486, 0.152339, 0.762987, -0.631909, -0.136172, -0.642026, -0.765307, -0.0459196, -0.075196, 0.122462, -0.98962, 0.00320224, -0.0171974, 0.00359119, 0.000458152, -0.00862698, -0.0243429, 0.453766, 0.125396, -0.351675, -2.42968, 0.278678, 2.46538, 0.573136, -0.00389394, -0.00717602, -0.0325946, -0.000654257, 0.000139537, -0.000445796, -0.012109
493884, 10.4949, -0.0276613, 0.0235732, 0.0577653, 0.0688736, 0.109353, -0.635688, -0.000416044, 0.00477957, -1.62668e-05, 0.044924, 0.424288, 0.030367, 0.471557, 0.0583662, 0.152376, 0.762848, -0.632091, -0.136102, -0.642204, -0.765153, -0.0459829, -0.0750737, 0.122483, -0.989627, 0.00377751, -0.0147588, 0.00485581, 0.00228676, -0.0123792, -0.0156242, 0.453708, 0.12532, -0.352003, -2.42969, 0.278674, 2.46538, 0.572993, -0.00583546, -0.00954484, -0.0261102, 0.000129915, -0.000268829, 0.000268036, -0.0160855
504147, 10.5049, -0.0276289, 0.0233868, 0.0577989, 0.0689158, 0.109264, -0.635861, 0.00373914, 0.00242334, 0.0151251, 0.045112, 0.424361, 0.030233, 0.471591, 0.0581602, 0.152413, 0.762706, -0.632276, -0.136036, -0.642387, -0.764996, -0.046045, -0.0749539, 0.122507, -0.989633, 0.00375283, -0.0166407, 0.0044968, 0.000862198, -0.0104702, -0.0241219, 0.453626, 0.125244, -0.352357, -2.4297, 0.278669, 2.46537, 0.572807, -0.00300217, -0.00850668, -0.0326109, 0.000241773, -0.000235481, -0.000572585, -0.0110809
514373, 10.5159, -0.0275956, 0.0231821, 0.0578342, 0.0689611, 0.109177, -0.636049, 0.00381533, 0.00247732, -0.000113623, 0.045333, 0.424237, 0.030236, 0.471622, 0.0579751, 0.152445, 0.762571, -0.632452, -0.135975, -0.64256, -0.764847, -0.0461059, -0.0748406, 0.122532, -0.989639, 0.00210832, -0.0196425, 0.00118052, -0.000874905, -0.00413961, -0.0260294, 0.453526, 0.125177, -0.352649, -2.42971, 0.278669, 2.46537, 0.572647, -0.0125304, -0.00315391, -0.028344, -0.00223134, 9.30615e-05, 0.000141557, -0.0149675
524661, 10.5259, -0.0275665, 0.0229973, 0.05786, 0.0689948, 0.1091, -0.636221, -0.000497157, 0.00980808, 0.0151876, 0.045207, 0.424406, 0.03023, 0.471651, 0.0577903, 0.152471, 0.762438, -0.632624, -0.13592, -0.64273, -0.764701, -0.0461536, -0.0747404, 0.122549, -0.989644, 0.00369122, -0.0189067, 0.00411076, 0.00218162, -0.0112916, -0.0180661, 0.453425, 0.125124, -0.352937, -2.42972, 0.278667, 2.46537, 0.572486, -0.0132473, -0.00844397, -0.0271973, -0.000595626, -0.000116826, 6.73809e-05, -0.0223337
535053, 10.5359, -0.0275377, 0.0228133, 0.0578858, 0.0690257, 0.109025, -0.636411, 0.0037405, 0.0122978, 0.0152788, 0.045234, 0.424352, 0.030365, 0.47168, 0.0576063, 0.152497, 0.76229, -0.632815, -0.135865, -0.642917, -0.764541, -0.0461968, -0.0746407, 0.122566, -0.98965, 0.00230081, -0.0211301, 0.0013635, -0.00101608, -0.00437573, -0.0298609, 0.453325, 0.125071, -0.353224, -2.42973, 0.278663, 2.46537, 0.572352, -0.0149489, -0.00362258, -0.029073, -0.00234198, -0.000231843, 0.000138785, -0.0140036
545398, 10.5469, -0.0275153, 0.0225944, 0.0579023, 0.0690417, 0.108962, -0.636652, 0.0037504, 0.0123622, 0.00767001, 0.045455, 0.424479, 0.030367, 0.471703, 0.0573874, 0.152513, 0.762097, -0.633057, -0.135821, -0.643156, -0.764339, -0.0462164, -0.0745555, 0.122575, -0.989655, 0.00266142, -0.018315, 0.00307609, 0.000273555, -0.00676957, -0.0255375, 0.453213, 0.125025, -0.353567, -2.42976, 0.278658, 2.46537, 0.572216, -0.0068443, -0.00683111, -0.0318766, -0.00146465, -0.000197927, -0.00125144, -0.012826
555775, 10.5569, -0.0275026, 0.0223922, 0.0579081, 0.0690458, 0.108924, -0.636896, -0.000524955, 0.00982185, 0.0151908, 0.045207, 0.424406, 0.03023, 0.471715, 0.0571852, 0.152519, 0.761898, -0.633301, -0.135797, -0.643398, -0.764136, -0.0462146, -0.0744995, 0.122582, -0.989658, 0.00287493, -0.0241106, 0.00224888, -0.000405101, -0.00578573, -0.0386627, 0.453089, 0.124993, -0.353861, -2.4298, 0.278656, 2.46537, 0.572117, -0.0191073, -0.00571464, -0.0314963, -0.00261771, 1.37053e-05, 6.69259e-05, -0.0119507
566132, 10.5669, -0.0274972, 0.0221907, 0.0579048, 0.069034, 0.108904, -0.637162, -0.000427375, 0.019636, 0.00772137, 0.045327, 0.424145, 0.030365, 0.471721, 0.0569837, 0.152516, 0.761678, -0.633568, -0.135786, -0.643662, -0.763915, -0.0461887, -0.0744653, 0.122581, -0.989661, -0.000978142, -0.0244804, -0.00228617, -0.00395285, 0.0053546, -0.0402113, 0.452961, 0.124973, -0.354146, -2.42985, 0.27865, 2.46537, 0.572054, -0.0166011, -0.000379996, -0.0329645, -0.00868947, -0.000415031, 2.81226e-06, -0.00922498
576432, 10.5779, -0.0274981, 0.021963, 0.0578951, 0.0690176, 0.108898, -0.63749, -0.00042638, 0.0196269, 0.00772166, 0.045327, 0.424145, 0.030365, 0.47172, 0.056756, 0.152506, 0.761404, -0.633896, -0.135791, -0.643989, -0.763641, -0.0461482, -0.0744422, 0.122585, -0.989662, -0.0010889, -0.0225375, -0.00144948, -0.0024848, 0.00447196, -0.0416479, 0.452794, 0.124952, -0.354445, -2.42992, 0.27865, 2.46537, 0.572013, -0.0199159, -0.00297994, -0.0261236, -0.00926733, -0.00041925, 0.00010164, -0.00429762
586663, 10.5879, -0.0274996, 0.0217535, 0.0578808, 0.0689902, 0.1089, -0.637806, 0.00372533, 0.0172148, 0.015202, 0.045294, 0.424349, 0.03023, 0.471718, 0.0565465, 0.152492, 0.761139, -0.634213, -0.135798, -0.644304, -0.763379, -0.0460949, -0.0744316, 0.12258, -0.989664, 0.000884434, -0.0238114, -0.0015949, -0.00402758, 0.00339967, -0.0467595, 0.452617, 0.124947, -0.354695, -2.42998, 0.278641, 2.46537, 0.572002, -0.0215581, 0.00158071, -0.0271352, -0.00402537, 4.90505e-06, 0.00030932, -0.00195544
596943, 10.5979, -0.0275084, 0.0215356, 0.0578588, 0.0689562, 0.108924, -0.638137, 0.00379185, 0.0171691, 0.00758182, 0.045293, 0.424097, 0.030232, 0.47171, 0.0563286, 0.15247, 0.760859, -0.634543, -0.135827, -0.644633, -0.763105, -0.0460253, -0.0744453, 0.122577, -0.989663, -0.00210676, -0.0221548, -0.00365975, -0.00506972, 0.00980457, -0.044037, 0.452407, 0.124949, -0.354929, -2.43005, 0.278636, 2.46536, 0.57199, -0.0197899, 0.00174327, -0.0246359, -0.00935898, -0.00110674, -0.000259025, 0.000346705
607246, 10.6089, -0.0275193, 0.0212819, 0.0578343, 0.0689229, 0.108945, -0.638512, 0.00805809, 0.0196331, 0.00767171, 0.045319, 0.424044, 0.030367, 0.471699, 0.0560749, 0.152445, 0.76054, -0.634919, -0.135855, -0.645008, -0.762793, -0.0459541, -0.0744518, 0.122577, -0.989662, -0.000707495, -0.0234765, -0.00172016, -0.00293788, 0.00491046, -0.0472763, 0.452143, 0.124943, -0.355182, -2.43014, 0.278629, 2.46536, 0.571964, -0.0247241, -0.00168147, -0.0233029, -0.00831543, -0.000392897, 0.000492699, -0.000666359
617419, 10.6189, -0.0275307, 0.0210404, 0.0578037, 0.0688803, 0.108974, -0.638865, 0.00805528, 0.0245546, 0.00759158, 0.04538, 0.42404, 0.030231, 0.471687, 0.0558334, 0.152415, 0.760239, -0.635272, -0.135887, -0.64536, -0.7625, -0.0458722, -0.0744721, 0.12257, -0.989662, -0.00367231, -0.0237936, -0.00403049, -0.00405749, 0.0180298, -0.0449111, 0.451866, 0.124957, -0.355395, -2.43022, 0.278618, 2.46536, 0.571938, -0.028537, 0.00109275, -0.0201087, -0.00921238, -0.00296838, -0.00923906, -0.000489117
627710, 10.6289, -0.0275489, 0.0207969, 0.0577733, 0.0688391, 0.109008, -0.639213, 0.00804365, 0.0195661, 1.12888e-05, 0.045097, 0.424174, 0.030367, 0.471669, 0.0555899, 0.152384, 0.759942, -0.63562, -0.135924, -0.645708, -0.76221, -0.0457902, -0.0744973, 0.122565, -0.989661, -0.00290486, -0.0256966, -0.00361391, -0.0029618, 0.0103762, -0.0505095, 0.451578, 0.124954, -0.355601, -2.43032, 0.278601, 2.46536, 0.571906, -0.0292633, -0.00116887, -0.0229391, -0.0128624, 0.000301158, -0.000169402, -0.0023266
637996, 10.6399, -0.0275736, 0.0205157, 0.0577343, 0.0687695, 0.10905, -0.639586, 0.00804168, 0.0244801, -6.86134e-05, 0.045157, 0.424171, 0.030231, 0.471644, 0.0553087, 0.152345, 0.759622, -0.635995, -0.135959, -0.646079, -0.761903, -0.045675, -0.0745386, 0.122536, -0.989661, -0.000588523, -0.0260874, -0.0032535, -0.00562437, 0.00757265, -0.0486235, 0.451244, 0.124955, -0.355832, -2.43044, 0.278547, 2.46536, 0.571863, -0.033938, 0.00261865, -0.0189266, -0.00688148, -0.00317676, 0.000319361, -0.00181669
648229, 10.6499, -0.0275922, 0.0202431, 0.0576998, 0.0686477, 0.109066, -0.639888, 0.00376857, 0.0171459, 0.00759339, 0.045515, 0.424476, 0.030232, 0.471626, 0.0550361, 0.152311, 0.759366, -0.636304, -0.135945, -0.646376, -0.76166, -0.0455236, -0.0745774, 0.122441, -0.98967, -0.000474621, -0.0270095, -0.00262147, -0.014105, 0.00581125, -0.0386422, 0.45091, 0.124959, -0.356034, -2.43054, 0.278382, 2.46536, 0.571845, -0.0319023, 0.000891916, -0.0210844, -0.00719214, -0.0187029, 0.000773776, 0.000916495
658466, 10.6599, -0.0276138, 0.0199679, 0.0576657, 0.0685334, 0.109085, -0.640208, 0.00375718, 0.0170527, 0.0152051, 0.045294, 0.424349, 0.03023, 0.471604, 0.0547609, 0.152277, 0.759095, -0.636629, -0.135939, -0.64669, -0.761402, -0.0453765, -0.0746165, 0.122356, -0.989677, -0.00132246, -0.0275766, -0.00308416, -0.00960621, 0.00790397, -0.0451741, 0.450566, 0.124954, -0.356233, -2.43065, 0.278227, 2.46536, 0.571834, -0.0335342, 0.000398243, -0.0214963, -0.00915223, -0.0110604, 7.19435e-05, -0.00094569
668921, 10.6699, -0.0276457, 0.0196854, 0.0576212, 0.0684121, 0.109127, -0.640543, 0.00377048, 0.0170758, 0.00759634, 0.045515, 0.424476, 0.030232, 0.471572, 0.0544784, 0.152232, 0.758806, -0.636969, -0.135954, -0.647021, -0.761131, -0.0452128, -0.0746796, 0.122273, -0.989683, -0.00506717, -0.0314488, -0.00634389, -0.00832568, 0.0167742, -0.056034, 0.450215, 0.124957, -0.356438, -2.43078, 0.278084, 2.46536, 0.57182, -0.0383154, 0.00110683, -0.0241943, -0.0176885, -0.00632938, 0.000162594, -0.00185199
679413, 10.6809, -0.0276818, 0.0193668, 0.0575737, 0.0682834, 0.109173, -0.640935, 0.00382466, 0.0169458, 0.00758759, 0.045293, 0.424097, 0.030232, 0.471536, 0.0541598, 0.152185, 0.758469, -0.637367, -0.135972, -0.647409, -0.760811, -0.0450357, -0.0747452, 0.122188, -0.989688, -0.00363056, -0.0272947, -0.00412937, -0.0103739, 0.011458, -0.0425314, 0.449825, 0.124952, -0.356677, -2.43093, 0.277932, 2.46536, 0.571814, -0.035645, -0.00153025, -0.0182341, -0.0143089, -0.0136618, 0.00010309, -0.000530379
689758, 10.6909, -0.0277186, 0.019075, 0.0575233, 0.0681581, 0.109226, -0.641296, 0.00385047, 0.0169766, -2.14266e-05, 0.045514, 0.424224, 0.030233, 0.471499, 0.053868, 0.152134, 0.758157, -0.637732, -0.135998, -0.647765, -0.760518, -0.0448617, -0.0748194, 0.122107, -0.989693, -0.0046871, -0.0283692, -0.00577326, -0.0139276, 0.0144205, -0.0357605, 0.449489, 0.124962, -0.356915, -2.43107, 0.277802, 2.46536, 0.571804, -0.0315763, 0.00122525, -0.0233204, -0.0156625, -0.0172963, 4.48903e-05, -0.00537059
700044, 10.7019, -0.0277644, 0.0187421, 0.0574651, 0.0680225, 0.109293, -0.641712, 0.00385899, 0.0169328, -2.06193e-05, 0.045514, 0.424224, 0.030233, 0.471454, 0.0535351, 0.152076, 0.757796, -0.638153, -0.136036, -0.648178, -0.760178, -0.0446678, -0.0749066, 0.122025, -0.989696, -0.00520405, -0.0318447, -0.00635522, -0.0139956, 0.0168851, -0.0515363, 0.449128, 0.124968, -0.35721, -2.43124, 0.277671, 2.46536, 0.571785, -0.030666, 0.00133215, -0.0314023, -0.017673, -0.0145409, 7.12616e-05, 0.000990148
710337, 10.7119, -0.0277955, 0.0184308, 0.0574239, 0.0679161, 0.10933, -0.64212, 0.00383333, 0.0168683, -0.00767966, 0.045292, 0.424354, 0.030233, 0.471422, 0.0532238, 0.152035, 0.757446, -0.638564, -0.136055, -0.648581, -0.759843, -0.0445146, -0.0749552, 0.12196, -0.989701, -0.00335387, -0.0278339, -0.00405183, -0.00692882, 0.0115367, -0.0534818, 0.448801, 0.12496, -0.357502, -2.43138, 0.277559, 2.46536, 0.571779, -0.0271332, -0.000822975, -0.0286212, -0.0139555, -0.00473767, 0.000133681, 0.00126493
720699, 10.7219, -0.0278328, 0.0181119, 0.0573743, 0.0677986, 0.109383, -0.642538, 0.00808019, 0.0192397, 2.11291e-05, 0.045097, 0.424174, 0.030367, 0.471385, 0.0529049, 0.151985, 0.757084, -0.638987, -0.136086, -0.648996, -0.759498, -0.0443438, -0.0750217, 0.121891, -0.989704, -0.00157775, -0.0299128, -0.00289967, -0.0106087, 0.0080171, -0.0511795, 0.448464, 0.124963, -0.357797, -2.43153, 0.277447, 2.46536, 0.571774, -0.0300551, -0.000729294, -0.0296317, -0.010516, -0.0116722, 0.000113655, 0.000932288
730986, 10.7329, -0.027875, 0.0177564, 0.0573206, 0.0676726, 0.10944, -0.643003, 0.00810802, 0.024168, 0.00760192, 0.04538, 0.42404, 0.030231, 0.471343, 0.0525494, 0.151932, 0.756681, -0.639456, -0.13612, -0.649457, -0.759115, -0.0441588, -0.0750934, 0.121818, -0.989708, -0.0040355, -0.0308984, -0.00485614, -0.0112326, 0.0134662, -0.0528543, 0.448075, 0.12496, -0.358114, -2.4317, 0.277323, 2.46536, 0.571764, -0.0327551, -0.00044268, -0.0283496, -0.015585, -0.0119729, 7.06606e-05, 0.00121514
741278, 10.7429, -0.0279069, 0.0174164, 0.0572759, 0.0675581, 0.109473, -0.643441, 0.00814085, 0.0192514, 7.31581e-05, 0.045541, 0.42417, 0.030368, 0.471311, 0.0522094, 0.151887, 0.756305, -0.639899, -0.136133, -0.64989, -0.758753, -0.0439966, -0.0751379, 0.121746, -0.989713, -0.00291266, -0.0318264, -0.00429514, -0.0119982, 0.0115798, -0.0529039, 0.447685, 0.124953, -0.3584, -2.43185, 0.277194, 2.46537, 0.571754, -0.0364313, 0.000119709, -0.0267053, -0.0131783, -0.0137081, 8.3818e-05, 0.000757392
751705, 10.7529, -0.0279406, 0.0170719, 0.057231, 0.067438, 0.109513, -0.64388, 0.0123448, 0.0217329, -0.000145676, 0.045567, 0.424119, 0.0301, 0.471277, 0.0518649, 0.151842, 0.755926, -0.640343, -0.13615, -0.650324, -0.758391, -0.0438262, -0.0751914, 0.121671, -0.989718, -0.00335121, -0.0322201, -0.00438796, -0.00972172, 0.0124444, -0.0576742, 0.447267, 0.124944, -0.358668, -2.432, 0.277052, 2.46537, 0.571746, -0.040414, -0.000752438, -0.0240574, -0.0144352, -0.0105794, -2.59809e-05, 0.0015452
762185, 10.7639, -0.0279735, 0.0166736, 0.0571842, 0.0672931, 0.109543, -0.644364, 0.00812502, 0.0191089, 0.00768624, 0.045319, 0.424044, 0.030367, 0.471244, 0.0514666, 0.151795, 0.75551, -0.640834, -0.136151, -0.650802, -0.757992, -0.0436308, -0.0752416, 0.121571, -0.989727, -0.0027898, -0.0349508, -0.00406721, -0.0140807, 0.0106626, -0.052912, 0.446779, 0.124932, -0.358972, -2.43216, 0.276862, 2.46537, 0.57173, -0.0419338, -0.00095174, -0.0273174, -0.013899, -0.0183031, 0.000385706, -0.0016241
772543, 10.7739, -0.0280071, 0.0163005, 0.0571351, 0.0671327, 0.109574, -0.644793, 0.0123336, 0.0166322, 0.00754849, 0.045285, 0.423996, 0.030234, 0.471211, 0.0510935, 0.151746, 0.75514, -0.64127, -0.136145, -0.651224, -0.757642, -0.0434241, -0.0753027, 0.121452, -0.989737, -0.00437881, -0.0397223, -0.00540318, -0.018392, 0.0147642, -0.0579783, 0.446325, 0.124932, -0.359254, -2.43231, 0.276651, 2.46537, 0.571713, -0.0471037, -0.00116046, -0.0309038, -0.0179403, -0.0247093, 2.6314e-05, -9.68525e-05
782818, 10.7839, -0.0280432, 0.0159195, 0.0570798, 0.0669371, 0.109605, -0.645191, 0.0123488, 0.0166482, -5.84913e-05, 0.045507, 0.424123, 0.030235, 0.471175, 0.0507125, 0.151691, 0.754798, -0.641678, -0.136124, -0.651612, -0.757322, -0.0431848, -0.0753787, 0.121296, -0.98975, -0.00352268, -0.0340904, -0.00549696, -0.0205289, 0.0134543, -0.0405733, 0.445882, 0.124946, -0.359555, -2.43246, 0.276391, 2.46537, 0.571685, -0.038372, 0.00242192, -0.0274321, -0.0134279, -0.0275929, -8.36351e-05, -0.00275105
793060, 10.7939, -0.0280712, 0.0155324, 0.0570366, 0.0667376, 0.109607, -0.645569, 0.00807683, 0.0141162, -0.000144582, 0.04548, 0.424176, 0.0301, 0.471147, 0.0503254, 0.151648, 0.754476, -0.642068, -0.136071, -0.651979, -0.757019, -0.0429542, -0.0754286, 0.121123, -0.989767, -0.00313794, -0.038371, -0.00456359, -0.0213201, 0.0105586, -0.0385065, 0.445482, 0.124943, -0.35991, -2.4326, 0.2761, 2.46537, 0.571646, -0.0366564, -0.000100105, -0.037862, -0.0145249, -0.0298961, -2.72051e-05, -0.0116858
