timestamp, robot_time[1], robot_ee_pos_error[3], robot_ee_ori_error[3], sensed_forces_moments[6], robot_ee_position[3], robot_ee_orientation[9], robot_ee_linear_velocity[3], robot_ee_angular_velocity[3], joint_angles[7], joint_velocities[7], 
10252, 10.012, 0.0102794, 0.0618915, 0.086624, 0.124961, -0.346953, -0.305141, -0.0193961, 0.00146144, -0.0221237, 0.042576, 0.41778, 0.030302, 0.509497, 0.0966845, 0.181235, 0.886683, -0.329182, 0.324703, -0.276854, -0.940423, -0.197376, 0.370331, 0.0851145, -0.924992, 0.000119274, -0.00215131, 7.66775e-05, 8.92693e-05, -0.000982524, -0.00399187, 0.641302, 0.0901321, -0.407616, -2.57125, 0.293955, 3.03963, 0.275793, -0.00354821, -0.000834125, -0.000364017, -0.00141271, 0.000385752, 0.00166282, -0.000517458
20481, 10.022, 0.0102011, 0.0618472, 0.0865303, 0.124853, -0.346781, -0.305178, -0.0573928, 0.0331122, 0.00126494, 0.042783, 0.417826, 0.030419, 0.509419, 0.0966402, 0.181141, 0.886739, -0.329187, 0.324547, -0.276926, -0.940428, -0.197247, 0.370144, 0.0850306, -0.925075, -0.00847438, -0.00281404, -0.00746987, -0.00449573, 0.0187857, 0.000444795, 0.641292, 0.0901849, -0.407643, -2.57142, 0.293951, 3.03963, 0.275787, -0.0017862, -0.00130569, 0.000550598, -0.0191816, 5.99559e-05, -0.00137286, -0.00246599
30651, 10.032, 0.0101094, 0.061796, 0.0864213, 0.124731, -0.34656, -0.305234, -0.05741, 0.0331087, 0.00890816, 0.042784, 0.418077, 0.030417, 0.509327, 0.096589, 0.181032, 0.886806, -0.329205, 0.324344, -0.277025, -0.940431, -0.197098, 0.369908, 0.0849365, -0.925178, -0.0115398, -0.00453409, -0.0136027, -0.0119526, 0.0303705, -0.000100058, 0.641295, 0.090244, -0.407691, -2.57161, 0.293951, 3.0396, 0.275789, 0.000378434, 0.00799953, -0.00255345, -0.0238704, -0.00306311, -0.00115392, -0.000103185
40986, 10.042, 0.00998112, 0.0617253, 0.0862664, 0.124559, -0.346244, -0.305317, -0.0530879, 0.0305414, 0.00878138, 0.042527, 0.417651, 0.030284, 0.509199, 0.0965183, 0.180877, 0.886903, -0.329233, 0.324051, -0.277167, -0.940433, -0.196888, 0.36957, 0.0848047, -0.925325, -0.0124926, -0.00785381, -0.0154659, -0.0125012, 0.0364082, -0.0066454, 0.641289, 0.0903338, -0.407746, -2.57187, 0.293956, 3.03955, 0.275793, -0.00185637, 0.00942557, -0.0058009, -0.0256966, 0.000121039, -0.00435263, -0.00170086
51263, 10.053, 0.0098067, 0.0616308, 0.0860564, 0.124323, -0.345792, -0.305412, -0.0571865, 0.032965, 0.00136854, 0.042783, 0.417826, 0.030419, 0.509025, 0.0964238, 0.180667, 0.887048, -0.329254, 0.323632, -0.277347, -0.940441, -0.196594, 0.369087, 0.0846299, -0.925534, -0.0164423, -0.00945993, -0.0215306, -0.0179633, 0.0506158, -0.00774276, 0.641292, 0.090453, -0.407835, -2.57221, 0.293954, 3.03944, 0.275788, 0.000990868, 0.0162718, -0.00920394, -0.0318065, -0.000125547, -0.00727709, -0.000784443
61498, 10.063, 0.00963294, 0.0615289, 0.0858371, 0.124071, -0.345339, -0.305526, -0.0528824, 0.0304758, 0.00126609, 0.042749, 0.417778, 0.030286, 0.508851, 0.0963219, 0.180448, 0.887187, -0.329289, 0.323216, -0.277547, -0.940446, -0.196287, 0.368602, 0.0844361, -0.925745, -0.0197444, -0.0109742, -0.0250186, -0.0196937, 0.0621016, -0.00884167, 0.641283, 0.090599, -0.407921, -2.57255, 0.293953, 3.03935, 0.275793, -0.000998886, 0.017028, -0.00896135, -0.0373912, -0.000320283, -0.0127723, -0.000921057
71750, 10.073, 0.0094417, 0.0614204, 0.0855943, 0.123793, -0.344839, -0.305646, -0.0485594, 0.0230292, 0.0012586, 0.042654, 0.417733, 0.030288, 0.50866, 0.0962134, 0.180205, 0.887342, -0.329324, 0.322755, -0.277763, -0.940453, -0.195948, 0.368066, 0.0842232, -0.925977, -0.0178668, -0.0100261, -0.0229578, -0.0186936, 0.0511265, -0.00976578, 0.641278, 0.0907665, -0.408013, -2.57292, 0.293954, 3.03925, 0.2758, -0.00118785, 0.0168462, -0.00680092, -0.0363976, -0.000238587, -0.00256422, 0.00104208
81981, 10.083, 0.00924372, 0.0612983, 0.0853326, 0.123484, -0.344312, -0.305777, -0.0399715, 0.0180548, 0.00134439, 0.042586, 0.417635, 0.030425, 0.508462, 0.0960913, 0.179944, 0.887503, -0.329361, 0.322272, -0.277997, -0.940462, -0.195574, 0.367499, 0.0839818, -0.926225, -0.0203054, -0.011987, -0.0250915, -0.0190185, 0.0613388, -0.0125125, 0.641274, 0.0909669, -0.408124, -2.5733, 0.293954, 3.03915, 0.275801, 0.000131341, 0.0157619, -0.0114616, -0.0401722, -7.3025e-05, -0.0102667, 0.00094669
92197, 10.093, 0.00904101, 0.0611661, 0.085061, 0.123133, -0.343723, -0.305923, -0.0314679, 0.00825934, 0.00121678, 0.04268, 0.417921, 0.030295, 0.508242, 0.0959528, 0.179649, 0.887684, -0.329402, 0.321733, -0.27826, -0.940472, -0.195151, 0.366864, 0.0837067, -0.926501, -0.0207603, -0.0125276, -0.0271752, -0.0230557, 0.062332, -0.0108129, 0.641267, 0.0911999, -0.408249, -2.57372, 0.293954, 3.03904, 0.2758, 0.000434372, 0.0207543, -0.0115496, -0.0410714, 1.94522e-07, -0.00654218, -0.00117026
102434, 10.104, 0.00882226, 0.0610332, 0.0847596, 0.122798, -0.343179, -0.306062, -0.0271007, 0.000748983, -0.0140653, 0.042362, 0.417755, 0.030298, 0.50804, 0.0958262, 0.179371, 0.887849, -0.329442, 0.321236, -0.278509, -0.940481, -0.19475, 0.366275, 0.0834417, -0.926758, -0.0179989, -0.0151417, -0.0264268, -0.0224441, 0.0642138, -0.018768, 0.641263, 0.0914411, -0.408361, -2.5741, 0.293954, 3.03895, 0.275811, -0.00169308, 0.0241841, -0.016131, -0.032826, -9.68879e-05, -0.0137737, 0.00138418
112669, 10.114, 0.00863278, 0.0609108, 0.0844829, 0.122456, -0.34266, -0.306181, -0.0227589, -0.00664293, -0.0216794, 0.042489, 0.417837, 0.030302, 0.507851, 0.0957038, 0.179094, 0.888011, -0.329463, 0.320767, -0.278736, -0.940498, -0.194343, 0.36571, 0.0831691, -0.927006, -0.0176623, -0.010648, -0.0267613, -0.0243043, 0.0593249, -0.00968991, 0.641261, 0.0917113, -0.408468, -2.57445, 0.293953, 3.03888, 0.275811, -0.000787287, 0.028306, -0.00767616, -0.0313227, -0.000177858, -0.00658109, 0.0010059
122882, 10.124, 0.00847439, 0.0608062, 0.0842448, 0.122159, -0.342223, -0.30628, -0.0184603, -0.00914251, -0.0217821, 0.042455, 0.417789, 0.030169, 0.507692, 0.0955992, 0.178856, 0.888147, -0.329478, 0.320374, -0.278928, -0.940514, -0.19399, 0.365232, 0.0829302, -0.927215, -0.0169239, -0.0148947, -0.0267899, -0.0252152, 0.0606468, -0.0167006, 0.641258, 0.0919572, -0.408557, -2.57474, 0.293955, 3.03883, 0.275808, -0.00055199, 0.0285653, -0.0162386, -0.030666, 0.000403747, -0.00891076, -0.000659719
133114, 10.134, 0.00829365, 0.0606827, 0.083968, 0.121809, -0.34174, -0.306401, -0.00982, -0.0141546, -0.0293192, 0.042386, 0.417439, 0.030308, 0.507512, 0.0954757, 0.178579, 0.888293, -0.329503, 0.319943, -0.279156, -0.940531, -0.193582, 0.364702, 0.0826435, -0.92745, -0.0167485, -0.0131847, -0.0253539, -0.0237318, 0.0543774, -0.0139698, 0.641252, 0.0922534, -0.408658, -2.57508, 0.293953, 3.03881, 0.275815, -0.00392504, 0.0257662, -0.00956337, -0.0323696, -0.000301908, -0.00283957, -0.000123007
143359, 10.145, 0.0081409, 0.0605709, 0.0837159, 0.121481, -0.341322, -0.306506, -0.00557352, -0.0165701, -0.0294026, 0.042574, 0.417769, 0.030175, 0.507359, 0.0953639, 0.178327, 0.88842, -0.329519, 0.319573, -0.279357, -0.940549, -0.193203, 0.364238, 0.0823703, -0.927656, -0.0140176, -0.00856936, -0.0228744, -0.0225689, 0.0463743, -0.007011, 0.641252, 0.0925561, -0.408754, -2.57536, 0.293954, 3.03881, 0.275818, 0.000161561, 0.0276877, -0.00588723, -0.0248972, 0.000244299, -0.000274938, 0.000222818
153571, 10.155, 0.00802261, 0.060479, 0.0835099, 0.121208, -0.340986, -0.306587, -0.00547101, -0.0167013, -0.0446449, 0.042351, 0.417648, 0.030176, 0.507241, 0.095272, 0.178121, 0.888523, -0.329527, 0.319278, -0.279517, -0.940566, -0.192887, 0.363864, 0.0821411, -0.927823, -0.00824776, -0.0100593, -0.0182002, -0.0213198, 0.0334695, -0.0107832, 0.64125, 0.0928199, -0.408833, -2.57557, 0.293954, 3.03881, 0.275815, -0.000885051, 0.0282643, -0.0101945, -0.0138644, -9.72872e-05, 0.00201797, -0.000944338
163798, 10.165, 0.00792648, 0.0603909, 0.0833226, 0.12095, -0.34069, -0.306669, -0.00966275, -0.0241774, -0.0446211, 0.042265, 0.417705, 0.030176, 0.507144, 0.0951839, 0.177934, 0.88861, -0.329542, 0.31902, -0.279672, -0.94058, -0.192594, 0.363532, 0.0819204, -0.927973, -0.00897081, -0.00691121, -0.0182775, -0.022773, 0.0345544, 0.000491961, 0.641236, 0.0930873, -0.408904, -2.57573, 0.293954, 3.03881, 0.275814, -0.000537093, 0.027816, -0.00480535, -0.0135975, -0.00130316, 0.000133025, -0.005576
174127, 10.175, 0.00785216, 0.0603048, 0.0831514, 0.120703, -0.34043, -0.306759, -0.00536209, -0.0168292, -0.0445809, 0.042351, 0.417648, 0.030176, 0.50707, 0.0950978, 0.177762, 0.88868, -0.329571, 0.318795, -0.279831, -0.940589, -0.192321, 0.363239, 0.0817029, -0.928107, -0.00685967, -0.00887853, -0.0181666, -0.0238983, 0.0330002, -0.00443681, 0.64123, 0.0933642, -0.408989, -2.57584, 0.293955, 3.03881, 0.275821, -0.000660145, 0.0321343, -0.00870597, -0.00860199, 0.000147433, 0.000167924, -0.00577249
184349, 10.186, 0.00780056, 0.0602191, 0.0829948, 0.120461, -0.340213, -0.30684, -0.00532108, -0.0168887, -0.0445545, 0.042351, 0.417648, 0.030176, 0.507019, 0.0950121, 0.177606, 0.888737, -0.329594, 0.318614, -0.279975, -0.9406, -0.192057, 0.362989, 0.0814843, -0.928224, -0.00419028, -0.00846969, -0.013997, -0.0175656, 0.025325, -0.0109357, 0.641214, 0.093657, -0.409072, -2.5759, 0.293954, 3.03882, 0.275816, -0.00197504, 0.02685, -0.00860667, -0.0042413, 0.000189594, -0.000146078, 8.63548e-05
194566, 10.196, 0.00776563, 0.0601445, 0.0828691, 0.12026, -0.340039, -0.306916, -0.00535237, -0.0169075, -0.0369032, 0.042352, 0.4179, 0.030175, 0.506984, 0.0949375, 0.17748, 0.888779, -0.329621, 0.318469, -0.280101, -0.940606, -0.191841, 0.362788, 0.0813003, -0.928318, -0.00257142, -0.00620529, -0.0118535, -0.0160755, 0.0203607, -0.00679968, 0.641198, 0.0939056, -0.409149, -2.57593, 0.293953, 3.03882, 0.275812, -0.0014488, 0.0256284, -0.00590818, -0.000317471, -8.2125e-05, 0.000106953, -0.000517893
204794, 10.206, 0.00774804, 0.0600682, 0.0827653, 0.120081, -0.339904, -0.307002, -0.0094825, -0.00960948, -0.044446, 0.042446, 0.417692, 0.030174, 0.506966, 0.0948612, 0.177376, 0.888802, -0.329666, 0.318358, -0.280232, -0.940605, -0.191655, 0.362632, 0.0811286, -0.928395, -0.000986975, -0.00778958, -0.00808606, -0.0117862, 0.0133933, -0.0111066, 0.64118, 0.094134, -0.409238, -2.57593, 0.293953, 3.03882, 0.275808, -0.00266253, 0.0180142, -0.00918758, -5.30011e-05, 2.11162e-05, 0.000514651, -0.000833523
214989, 10.216, 0.00774053, 0.0599893, 0.0826779, 0.11992, -0.339802, -0.307106, -0.0136829, -0.00227527, -0.0443722, 0.04254, 0.417737, 0.030172, 0.506959, 0.0947823, 0.177289, 0.888806, -0.329734, 0.318276, -0.280374, -0.940596, -0.191496, 0.362512, 0.0809665, -0.928455, -0.000879316, -0.00950427, -0.00841867, -0.0118746, 0.0142527, -0.0158552, 0.641163, 0.0943395, -0.409339, -2.57592, 0.293953, 3.03883, 0.275812, -0.00203298, 0.0186234, -0.0129776, -0.000307022, -0.000106502, 0.000316297, 0.00102796
225214, 10.227, 0.00773931, 0.0598937, 0.0826045, 0.119771, -0.339715, -0.307239, -0.0221458, 0.00258341, -0.0443903, 0.042608, 0.417835, 0.030034, 0.506957, 0.0946867, 0.177215, 0.888794, -0.329835, 0.318205, -0.280541, -0.940574, -0.191357, 0.362411, 0.0808076, -0.928509, -0.000118186, -0.00897753, -0.00655915, -0.011326, 0.0110502, -0.0125613, 0.641126, 0.0945124, -0.409459, -2.57591, 0.293953, 3.03883, 0.275809, -0.00118419, 0.0153005, -0.0140004, 0.000678171, -0.00284416, -0.000447978, 3.30888e-05
235428, 10.237, 0.00773557, 0.0597951, 0.0825437, 0.119642, -0.339639, -0.307383, -0.0221484, 0.00248772, -0.03677, 0.042387, 0.417709, 0.030033, 0.506954, 0.0945881, 0.177155, 0.888774, -0.329951, 0.318141, -0.280715, -0.940545, -0.191243, 0.362327, 0.0806653, -0.928554, -0.000681816, -0.0086937, -0.00576746, -0.00788813, 0.0104312, -0.0153181, 0.641086, 0.0946407, -0.409585, -2.57592, 0.293953, 3.03883, 0.275806, -0.00233278, 0.011662, -0.0121253, -0.00144662, -0.000142846, -0.000287445, 0.00109263
245704, 10.247, 0.00773915, 0.0596898, 0.0824915, 0.119519, -0.339579, -0.307539, -0.0178602, 0.0050043, -0.0442814, 0.042635, 0.417782, 0.03017, 0.506957, 0.0944828, 0.177103, 0.888743, -0.330081, 0.318091, -0.280898, -0.940512, -0.19114, 0.36226, 0.0805229, -0.928592, -0.000533313, -0.0101254, -0.00628717, -0.00965918, 0.0110375, -0.0157997, 0.641046, 0.0947601, -0.409728, -2.57592, 0.293954, 3.03883, 0.275799, -0.00123975, 0.0130743, -0.0156673, -0.00130188, 0.000488506, -0.000274316, -0.00160749
255953, 10.257, 0.00774909, 0.0595747, 0.082454, 0.119409, -0.339541, -0.307716, -0.0178531, 0.00498569, -0.0442751, 0.042635, 0.417782, 0.03017, 0.506967, 0.0943677, 0.177065, 0.888697, -0.330237, 0.31806, -0.281097, -0.940469, -0.191057, 0.362219, 0.080386, -0.92862, 4.07894e-05, -0.0116425, -0.00596708, -0.0102078, 0.0101228, -0.0182283, 0.641008, 0.0948492, -0.409898, -2.57592, 0.29395, 3.03883, 0.275795, -0.000732016, 0.0130439, -0.0193451, -0.000821159, -0.000531305, -0.000118507, -0.00141074
266214, 10.268, 0.00777135, 0.0594449, 0.0824366, 0.119319, -0.339535, -0.307937, -0.0178967, 0.00488452, -0.0443223, 0.042191, 0.417785, 0.030168, 0.506989, 0.0942379, 0.177048, 0.888622, -0.330442, 0.318054, -0.281334, -0.940408, -0.191007, 0.362217, 0.0802541, -0.928632, 0.00161609, -0.0124863, -0.00188653, -0.00413529, 0.00336362, -0.0241869, 0.640977, 0.0949054, -0.410111, -2.57591, 0.293951, 3.03883, 0.275799, -0.0017998, 0.0047332, -0.0215444, -0.000204851, -0.000170926, -0.000508811, 0.00122003
276412, 10.278, 0.00779436, 0.059312, 0.0824311, 0.119243, -0.339544, -0.308156, -0.0220724, 0.012337, -0.0442114, 0.042729, 0.417826, 0.030167, 0.507012, 0.094105, 0.177042, 0.888543, -0.330649, 0.318061, -0.281565, -0.940346, -0.190974, 0.362233, 0.0801339, -0.928637, 0.00174779, -0.0133139, -0.0021512, -0.00554653, 0.00363495, -0.0240982, 0.640948, 0.0949279, -0.410336, -2.57591, 0.293949, 3.03883, 0.275792, 0.000998558, 0.00565575, -0.0257875, 9.49925e-06, -0.000227986, -0.000619332, -0.000335888
286668, 10.288, 0.00782774, 0.0591692, 0.0824423, 0.119182, -0.339581, -0.3084, -0.0220701, 0.00739513, -0.0441333, 0.042669, 0.41783, 0.030303, 0.507046, 0.0939622, 0.177053, 0.888444, -0.330885, 0.318091, -0.281816, -0.940272, -0.190966, 0.36228, 0.0800195, -0.928628, 0.00274494, -0.0107171, 0.00213217, 3.91308e-05, -0.00401753, -0.0197795, 0.640918, 0.0949242, -0.410586, -2.5759, 0.293948, 3.03883, 0.275786, -0.00184055, -0.00345666, -0.0196957, 0.000427803, -0.000125868, -0.000425969, -0.00161407
296926, 10.298, 0.00785585, 0.0590238, 0.0824459, 0.11911, -0.339605, -0.308642, -0.0221005, 0.0122604, -0.0366038, 0.042508, 0.4177, 0.030166, 0.507074, 0.0938168, 0.177057, 0.888351, -0.331117, 0.31811, -0.282067, -0.940201, -0.190945, 0.362313, 0.0798975, -0.928626, 0.00318456, -0.0159086, 0.00088356, -0.00125951, -0.00164907, -0.0313425, 0.640886, 0.094928, -0.410836, -2.5759, 0.293943, 3.03883, 0.275779, -0.00550227, -0.000822475, -0.0255789, 6.50465e-05, -3.27121e-05, -0.000488822, 0.000490451
307183, 10.308, 0.00789098, 0.0588453, 0.0824563, 0.119021, -0.339641, -0.308944, -0.0221074, 0.0122545, -0.036605, 0.042508, 0.4177, 0.030166, 0.507112, 0.0936221, 0.177068, 0.888232, -0.331407, 0.318141, -0.282381, -0.940112, -0.190919, 0.36236, 0.0797433, -0.928621, 0.00327016, -0.0149098, 0.000869977, -0.00292021, -0.00252696, -0.0263055, 0.640846, 0.0949168, -0.411176, -2.5759, 0.293944, 3.03882, 0.275736, -0.0019201, 2.80525e-05, -0.0271098, 0.000687014, 0.000112393, 0.000123089, -0.00289456
317409, 10.319, 0.00793984, 0.058652, 0.0824766, 0.118936, -0.339706, -0.309162, -0.0221219, 0.0122473, -0.0366084, 0.042508, 0.4177, 0.030166, 0.507158, 0.093445, 0.177088, 0.888131, -0.331615, 0.318205, -0.282609, -0.94005, -0.190887, 0.36243, 0.079605, -0.928605, 0.00433482, -0.0193482, 0.00186606, -0.0048884, -0.0047206, -0.0286476, 0.6408, 0.094906, -0.411481, -2.57588, 0.293938, 3.03882, 0.275638, -0.00427133, -0.00197307, -0.0338003, 0.000602446, -0.000352536, -0.00015319, -0.00960745
327638, 10.329, 0.00798271, 0.0584682, 0.082487, 0.118833, -0.339754, -0.309364, -0.0306206, 0.0121246, -0.0289498, 0.042294, 0.417674, 0.030162, 0.507201, 0.0932612, 0.177098, 0.888043, -0.331803, 0.318257, -0.282825, -0.939997, -0.19083, 0.362478, 0.0794547, -0.928599, 0.0036127, -0.0152892, 0.000991505, -0.00496817, -0.00312763, -0.0221375, 0.640744, 0.0949121, -0.411786, -2.57586, 0.293936, 3.03881, 0.275509, -0.00265165, 0.000371657, -0.0273211, 0.00149384, -0.000353506, -0.000228623, -0.00788267
337861, 10.339, 0.00802309, 0.0582702, 0.0824922, 0.118713, -0.339797, -0.309565, -0.0306507, 0.0122278, -0.0212802, 0.042739, 0.417923, 0.030162, 0.507241, 0.0930632, 0.177103, 0.887956, -0.331986, 0.318306, -0.283043, -0.939946, -0.190756, 0.362519, 0.0792888, -0.928597, 0.00577451, -0.0207698, 0.00207986, -0.00561476, -0.00525739, -0.0306712, 0.640701, 0.0949221, -0.412128, -2.57585, 0.293935, 3.0388, 0.275354, -0.0097992, 0.000247552, -0.0316214, 0.00423499, -0.000400919, -0.00134239, -0.0107263
348134, 10.349, 0.00806254, 0.058062, 0.0824924, 0.118571, -0.339835, -0.309719, -0.0306432, 0.0120837, -0.0289492, 0.042294, 0.417674, 0.030162, 0.507281, 0.092855, 0.177103, 0.887889, -0.332117, 0.318357, -0.283219, -0.939915, -0.190649, 0.362546, 0.0791104, -0.928602, 0.00301285, -0.0197849, -0.000154851, -0.011816, 0.00280936, -0.0144117, 0.640668, 0.0949433, -0.412537, -2.57585, 0.293934, 3.03878, 0.275105, 0.000800088, 0.000315185, -0.0394406, 0.000789672, 0.000393025, -0.00758407, -0.0254513
358381, 10.36, 0.00809039, 0.0578252, 0.0824746, 0.118385, -0.339825, -0.309848, -0.0390972, 0.0169669, -0.0213127, 0.042584, 0.417642, 0.030025, 0.507308, 0.0926182, 0.177086, 0.887849, -0.332212, 0.31837, -0.283383, -0.939899, -0.190486, 0.362518, 0.0789025, -0.928631, 0.00371764, -0.0246968, -0.00164146, -0.0152042, 0.00298151, -0.0222903, 0.640627, 0.09497, -0.412911, -2.57585, 0.293933, 3.03872, 0.274827, -0.00507279, 0.00454906, -0.0422801, 0.000550111, 1.33965e-05, -0.00436449, -0.0263182
368599, 10.37, 0.00810942, 0.0575958, 0.0824503, 0.118199, -0.339754, -0.309953, -0.0432957, 0.0193467, -0.0211608, 0.042618, 0.41769, 0.030158, 0.507327, 0.0923888, 0.177061, 0.88784, -0.33228, 0.318324, -0.283527, -0.939891, -0.190308, 0.362425, 0.0787098, -0.928683, 0.00272419, -0.0233174, -0.00079676, -0.0165912, 0.00391505, -0.0096, 0.640572, 0.0949939, -0.413302, -2.57585, 0.293934, 3.03858, 0.274504, -0.00393711, -6.11135e-05, -0.0412967, -0.00107813, 0.000269034, -0.00824003, -0.0376112
378831, 10.38, 0.00812354, 0.0573574, 0.0824149, 0.117998, -0.339631, -0.310066, -0.0390878, 0.0267413, -0.013504, 0.042706, 0.417885, 0.030156, 0.507342, 0.0921504, 0.177026, 0.887849, -0.332348, 0.318227, -0.283687, -0.939884, -0.190107, 0.362278, 0.0785094, -0.928758, 0.000565184, -0.0268106, -0.00474408, -0.0188676, 0.0245139, -0.0118154, 0.640485, 0.0950297, -0.413682, -2.57584, 0.293931, 3.03838, 0.274173, -0.0118552, 0.00328174, -0.0409503, 0.000686183, -0.000268891, -0.0282354, -0.0407062
389061, 10.39, 0.0081221, 0.0570897, 0.0823591, 0.117767, -0.33941, -0.310225, -0.0390085, 0.0266375, -0.0287582, 0.042483, 0.417764, 0.030157, 0.50734, 0.0918827, 0.17697, 0.887879, -0.332451, 0.318035, -0.283907, -0.939865, -0.189868, 0.362032, 0.0782879, -0.928872, -0.000369634, -0.0277294, -0.00532212, -0.0152088, 0.0327833, -0.0198987, 0.640389, 0.0950695, -0.41411, -2.57584, 0.293933, 3.03808, 0.273831, -0.0114087, 0.00181033, -0.0438711, 0.00106324, -5.66721e-05, -0.037707, -0.0338501
399281, 10.401, 0.00810515, 0.056771, 0.0822769, 0.117491, -0.339055, -0.310469, -0.0347024, 0.0339218, -0.0210998, 0.042348, 0.41758, 0.030156, 0.507323, 0.091564, 0.176888, 0.887931, -0.332623, 0.317711, -0.284231, -0.939826, -0.189577, 0.361651, 0.0780284, -0.929043, -0.000241141, -0.0265141, -0.00727655, -0.0166135, 0.0413057, -0.0193336, 0.64027, 0.0951197, -0.414618, -2.57584, 0.293938, 3.03763, 0.273478, -0.00614952, 0.00813533, -0.0471658, 0.00671111, 0.00031897, -0.0466739, -0.0315165
409509, 10.411, 0.00808488, 0.0564451, 0.082191, 0.117214, -0.338672, -0.310753, -0.0303715, 0.0412666, -0.0210491, 0.042435, 0.417523, 0.030155, 0.507303, 0.0912381, 0.176802, 0.887979, -0.332833, 0.317357, -0.284596, -0.939774, -0.189288, 0.361245, 0.0777653, -0.929223, -0.00392128, -0.0289974, -0.0113755, -0.0173644, 0.0537798, -0.0270388, 0.640145, 0.0951684, -0.415136, -2.57584, 0.29394, 3.03715, 0.273155, -0.00596297, 0.00971627, -0.0505044, -0.000143701, -1.96893e-05, -0.0510147, -0.0261048
419735, 10.421, 0.00806232, 0.0560804, 0.0821007, 0.116914, -0.338241, -0.311079, -0.030328, 0.0412861, -0.0209839, 0.042657, 0.417901, 0.030156, 0.50728, 0.0908734, 0.176712, 0.888031, -0.333077, 0.316956, -0.285011, -0.939711, -0.188976, 0.36079, 0.0774806, -0.929423, -0.00129309, -0.041665, -0.00847204, -0.0179082, 0.0511862, -0.0418702, 0.639991, 0.0952058, -0.415706, -2.57584, 0.293938, 3.0366, 0.272801, -0.019927, 0.00243767, -0.0628223, -2.72069e-05, 0.0002754, -0.056002, -0.0381211
429948, 10.431, 0.00803884, 0.0556863, 0.0820058, 0.116594, -0.337783, -0.311416, -0.0302411, 0.0461605, -0.0210159, 0.042717, 0.417898, 0.03002, 0.507257, 0.0904793, 0.176617, 0.888089, -0.333327, 0.31653, -0.285444, -0.939647, -0.188641, 0.360306, 0.0771782, -0.929636, -0.00205766, -0.0419747, -0.00931598, -0.0176225, 0.0540767, -0.0438213, 0.639801, 0.0952407, -0.416299, -2.57584, 0.293941, 3.03601, 0.272396, -0.0214588, 0.002824, -0.0617144, -0.00114119, -0.000166022, -0.057296, -0.0359692
440141, 10.441, 0.00800809, 0.0552504, 0.0818964, 0.116223, -0.337259, -0.311701, -0.0343432, 0.0484885, -0.0208206, 0.042752, 0.417946, 0.030153, 0.507226, 0.0900434, 0.176507, 0.888189, -0.333512, 0.316053, -0.285839, -0.939609, -0.188233, 0.359744, 0.0768465, -0.929881, -0.00382589, -0.0448738, -0.0108827, -0.0254196, 0.0675169, -0.0254876, 0.639549, 0.0952822, -0.41701, -2.57584, 0.293939, 3.03526, 0.271784, -0.0192585, 0.00117841, -0.0706344, -0.000533226, 8.4867e-05, -0.0751613, -0.061223
450407, 10.452, 0.00795691, 0.0547339, 0.0817501, 0.115749, -0.336552, -0.311922, -0.046919, 0.0409035, -0.0207063, 0.042673, 0.418105, 0.030151, 0.507175, 0.0895269, 0.176361, 0.888383, -0.333603, 0.315413, -0.286205, -0.939608, -0.187679, 0.358975, 0.076458, -0.93021, -0.00487876, -0.0468001, -0.0123749, -0.0286486, 0.0751117, -0.0204311, 0.639305, 0.0953321, -0.417706, -2.57583, 0.29394, 3.03441, 0.271078, -0.0231645, 0.00176302, -0.0707777, -0.000627692, -0.00018051, -0.0829108, -0.0699454
460600, 10.462, 0.00788939, 0.0542493, 0.0815963, 0.115283, -0.335786, -0.312044, -0.0552216, 0.0406837, -0.00530722, 0.042681, 0.417949, 0.030148, 0.507107, 0.0890423, 0.176207, 0.888632, -0.333592, 0.31472, -0.286475, -0.93964, -0.187104, 0.35814, 0.0761068, -0.930561, -0.00779812, -0.0480335, -0.0168776, -0.0337395, 0.0967558, -0.0107108, 0.639027, 0.0953749, -0.418406, -2.57582, 0.293941, 3.03342, 0.270247, -0.0291105, 0.00596185, -0.0678647, 0.00108349, -0.000317149, -0.10365, -0.0812973
470808, 10.472, 0.0077976, 0.0537318, 0.0814125, 0.114768, -0.334899, -0.312161, -0.0635178, 0.0454277, -0.00524654, 0.042749, 0.418048, 0.03001, 0.507016, 0.0885248, 0.176024, 0.888929, -0.33356, 0.313914, -0.286759, -0.939682, -0.186457, 0.357174, 0.0757291, -0.930963, -0.00942281, -0.0523231, -0.0191007, -0.0373392, 0.106681, -0.0117964, 0.638741, 0.095428, -0.419161, -2.57583, 0.29394, 3.03231, 0.269349, -0.025504, 0.00681472, -0.079461, -0.000869774, 6.25776e-06, -0.11216, -0.0881416
481002, 10.482, 0.00768687, 0.0532067, 0.081211, 0.114215, -0.333875, -0.312166, -0.0675865, 0.0378234, -0.0128133, 0.04244, 0.418235, 0.03001, 0.506905, 0.0879997, 0.175822, 0.889317, -0.333399, 0.312987, -0.286948, -0.939769, -0.185729, 0.356057, 0.0753605, -0.93142, -0.010622, -0.0519798, -0.01911, -0.0416846, 0.115585, 0.00877972, 0.638479, 0.0954763, -0.419968, -2.57582, 0.29394, 3.03101, 0.268301, -0.027094, 0.00333648, -0.0789292, 0.000869914, 0.000100326, -0.127203, -0.109803
491195, 10.492, 0.00754923, 0.0526616, 0.0809866, 0.113626, -0.332728, -0.312105, -0.0672978, 0.0327932, -0.0125687, 0.042824, 0.418235, 0.030147, 0.506767, 0.0874546, 0.175598, 0.889772, -0.33316, 0.311947, -0.287089, -0.939883, -0.18493, 0.354805, 0.0749888, -0.931928, -0.014071, -0.0541444, -0.0218264, -0.0440235, 0.133888, 0.0154191, 0.638203, 0.0955159, -0.420914, -2.57582, 0.293947, 3.02943, 0.267016, -0.0251373, 0.00402194, -0.0862506, 0.000794857, 0.000558681, -0.150984, -0.120125
501406, 10.503, 0.00737824, 0.0520514, 0.0807177, 0.112949, -0.331334, -0.31202, -0.0712712, 0.0301127, -0.0125213, 0.042797, 0.418288, 0.030012, 0.506596, 0.0868444, 0.175329, 0.890326, -0.332866, 0.310676, -0.28724, -0.94002, -0.183997, 0.353288, 0.0745783, -0.932537, -0.0171976, -0.0555255, -0.0271243, -0.0480274, 0.155587, 0.0176962, 0.637962, 0.0955615, -0.421813, -2.57583, 0.293946, 3.02783, 0.265808, -0.0251705, 0.00796223, -0.088231, -0.000393539, 0.000252918, -0.163928, -0.123545
511691, 10.513, 0.00720673, 0.0514974, 0.08046, 0.11233, -0.329958, -0.311956, -0.0709601, 0.025037, -0.0199181, 0.042959, 0.418419, 0.030149, 0.506425, 0.0862904, 0.175071, 0.890863, -0.332606, 0.309413, -0.2874, -0.940141, -0.183129, 0.351802, 0.0742181, -0.933128, -0.019326, -0.0555944, -0.0272106, -0.0419092, 0.167882, 0.0132399, 0.637732, 0.0956022, -0.422728, -2.57582, 0.293947, 3.02612, 0.264611, -0.0228215, 0.00253878, -0.0918859, -0.000930932, 0.00366395, -0.179957, -0.121707
521901, 10.523, 0.00702072, 0.0509247, 0.0801848, 0.111702, -0.328481, -0.311991, -0.0749102, 0.0223694, -0.0198672, 0.042932, 0.418472, 0.030014, 0.506239, 0.0857177, 0.174796, 0.8914, -0.332438, 0.308044, -0.287666, -0.94023, -0.182254, 0.35022, 0.0738472, -0.933752, -0.0195752, -0.0531386, -0.0281359, -0.0393479, 0.170577, 0.00618858, 0.637505, 0.0956507, -0.423686, -2.57581, 0.293948, 3.02431, 0.263483, -0.0165879, 0.00613692, -0.0935082, 0.00081394, 0.000287757, -0.180568, -0.105803
532114, 10.533, 0.00682476, 0.0503313, 0.0798992, 0.111077, -0.326921, -0.312191, -0.0787991, 0.0295362, -0.019661, 0.043027, 0.418517, 0.030012, 0.506043, 0.0851243, 0.17451, 0.891907, -0.332431, 0.306581, -0.288101, -0.940262, -0.181397, 0.348568, 0.0734633, -0.9344, -0.0195385, -0.060523, -0.02815, -0.0356392, 0.177504, -0.0156861, 0.637329, 0.0957012, -0.424738, -2.5758, 0.293949, 3.02242, 0.262494, -0.0165698, 0.00383427, -0.108725, 0.000494023, -0.000231947, -0.189315, -0.0971553
542321, 10.544, 0.00658987, 0.0496861, 0.0795758, 0.110402, -0.32508, -0.312463, -0.0826577, 0.0219139, -0.0195016, 0.04294, 0.418574, 0.030012, 0.505808, 0.0844791, 0.174187, 0.892487, -0.332472, 0.304842, -0.288638, -0.940278, -0.180456, 0.346633, 0.0730661, -0.935151, -0.0226415, -0.0586365, -0.0297798, -0.0308737, 0.194794, -0.0176526, 0.637185, 0.0957381, -0.425943, -2.57578, 0.293946, 3.02019, 0.26147, -0.00930725, 0.00141951, -0.11358, 0.000522542, -0.000124, -0.208442, -0.0905451
552512, 10.554, 0.00636508, 0.0490995, 0.0792741, 0.109791, -0.323305, -0.312732, -0.0864789, 0.0291482, -0.0268905, 0.043256, 0.418746, 0.030011, 0.505583, 0.0838925, 0.173885, 0.89304, -0.332527, 0.303158, -0.289154, -0.940286, -0.179589, 0.344774, 0.0727208, -0.935865, -0.0205686, -0.0595029, -0.0275045, -0.0271661, 0.192563, -0.0232022, 0.637081, 0.0957669, -0.427077, -2.57574, 0.293948, 3.01803, 0.26055, -0.0127432, -0.000134761, -0.113552, 0.00571416, 0.000354929, -0.212322, -0.088046
562703, 10.564, 0.00613281, 0.0485291, 0.0789718, 0.109208, -0.321459, -0.313061, -0.0818621, 0.0215885, -0.0267858, 0.043162, 0.418701, 0.030013, 0.505351, 0.0833221, 0.173583, 0.893593, -0.332644, 0.301395, -0.28973, -0.940269, -0.178749, 0.342852, 0.0724054, -0.936595, -0.021995, -0.0558036, -0.0285665, -0.0240268, 0.206375, -0.0191071, 0.636977, 0.0957852, -0.428191, -2.57568, 0.293951, 3.01578, 0.259716, -0.00907053, 0.000564035, -0.111824, 0.0104383, 2.40174e-05, -0.229927, -0.0843024
572919, 10.574, 0.00588883, 0.0479449, 0.0786658, 0.108624, -0.319553, -0.313423, -0.0814426, 0.0264077, -0.0343075, 0.043443, 0.418824, 0.02988, 0.505107, 0.0827379, 0.173277, 0.894152, -0.332791, 0.299572, -0.290341, -0.940241, -0.177903, 0.340874, 0.0720941, -0.937341, -0.0239372, -0.0591233, -0.0303707, -0.0250286, 0.213855, -0.0227575, 0.636882, 0.0957835, -0.429347, -2.57563, 0.293949, 3.01346, 0.258889, -0.00943292, 0.000277964, -0.117485, 0.00689335, 0.000336338, -0.234666, -0.0867202
583110, 10.584, 0.00563762, 0.0473492, 0.0783571, 0.108026, -0.317592, -0.313718, -0.089481, 0.0212185, -0.0340052, 0.043391, 0.418929, 0.030013, 0.504856, 0.0821422, 0.172968, 0.894749, -0.332866, 0.297698, -0.290891, -0.940237, -0.17702, 0.338831, 0.0717904, -0.938104, -0.023355, -0.0610533, -0.0295607, -0.0252946, 0.216138, -0.0206646, 0.636789, 0.0957701, -0.430537, -2.57557, 0.293948, 3.01105, 0.257958, -0.00714703, -0.00166383, -0.117661, 0.0119373, -0.000131543, -0.239984, -0.0918681
593333, 10.595, 0.00538117, 0.0467215, 0.0780376, 0.107387, -0.315502, -0.31395, -0.076352, 0.0186228, -0.0340127, 0.043349, 0.41878, 0.029882, 0.504599, 0.0815145, 0.172649, 0.895409, -0.332866, 0.295708, -0.291395, -0.940261, -0.176064, 0.336649, 0.0714811, -0.938913, -0.0228475, -0.0587552, -0.0291784, -0.0261375, 0.212928, -0.0154853, 0.636694, 0.0957639, -0.431807, -2.57546, 0.293947, 3.00844, 0.256884, -0.00803861, 0.000801923, -0.119481, 0.0112245, -0.000245904, -0.238213, -0.0938874
603547, 10.605, 0.00517226, 0.0461307, 0.0777703, 0.1068, -0.313703, -0.314092, -0.0716587, 0.0061561, -0.0490752, 0.043415, 0.418614, 0.030023, 0.50439, 0.0809237, 0.172381, 0.895993, -0.332802, 0.294005, -0.291775, -0.940306, -0.175192, 0.334759, 0.0711875, -0.939611, -0.0208232, -0.0591068, -0.0268215, -0.0315279, 0.198622, -0.00105191, 0.636608, 0.0957532, -0.433005, -2.57534, 0.293942, 3.00614, 0.255796, -0.00967444, -0.000236503, -0.118329, 0.0110421, -0.000895191, -0.225623, -0.110381
613740, 10.615, 0.0049857, 0.0455645, 0.0775257, 0.106226, -0.311995, -0.314092, -0.0670552, 0.0183206, -0.0489958, 0.043562, 0.418553, 0.029887, 0.504204, 0.0803575, 0.172137, 0.896592, -0.332605, 0.292398, -0.292004, -0.940396, -0.174326, 0.332952, 0.0709177, -0.940273, -0.0185376, -0.0574326, -0.0244098, -0.0347345, 0.188896, 0.0144583, 0.636521, 0.0957472, -0.434159, -2.57518, 0.293947, 3.0039, 0.25459, -0.00915917, -0.000360523, -0.116191, 0.0150494, 0.000501237, -0.220751, -0.125633
623964, 10.625, 0.00481368, 0.0450085, 0.0772961, 0.105639, -0.310366, -0.313878, -0.0666818, 0.0328966, -0.0487723, 0.043743, 0.418541, 0.029885, 0.504032, 0.0798015, 0.171907, 0.897235, -0.332197, 0.290886, -0.292014, -0.94056, -0.173422, 0.331206, 0.0706573, -0.940909, -0.0149825, -0.0549209, -0.0206432, -0.0375816, 0.179125, 0.0336442, 0.636425, 0.0957425, -0.435288, -2.575, 0.293945, 3.00171, 0.253176, -0.00747133, -0.00123868, -0.115063, 0.0234708, 0.000356175, -0.221046, -0.142431
634155, 10.635, 0.00466904, 0.044447, 0.0770891, 0.105044, -0.308837, -0.313523, -0.0747978, 0.0277295, -0.0408565, 0.043913, 0.418516, 0.030018, 0.503887, 0.07924, 0.1717, 0.89789, -0.331654, 0.289481, -0.291878, -0.940771, -0.172504, 0.329547, 0.0703965, -0.941511, -0.013985, -0.0548959, -0.0197319, -0.0477151, 0.170289, 0.0629413, 0.636288, 0.0957416, -0.436522, -2.57476, 0.293948, 2.99937, 0.251406, -0.0126537, -0.000912409, -0.109695, 0.0235482, -6.80473e-05, -0.213872, -0.1736
644366, 10.646, 0.00452839, 0.0438099, 0.076879, 0.104347, -0.307246, -0.312857, -0.0617751, 0.0399251, -0.0560929, 0.044052, 0.418611, 0.029886, 0.503746, 0.0786029, 0.17149, 0.898672, -0.33078, 0.288051, -0.291451, -0.941101, -0.171421, 0.327787, 0.0700982, -0.942147, -0.0124329, -0.0589794, -0.0188632, -0.0564213, 0.161196, 0.0754258, 0.636179, 0.0957415, -0.43769, -2.57452, 0.293949, 2.99728, 0.249515, -0.0087397, 0.000127726, -0.120849, 0.0229547, -0.000155478, -0.205431, -0.195172
654589, 10.656, 0.00442147, 0.0432327, 0.076704, 0.103675, -0.30595, -0.311948, -0.0487447, 0.0421187, -0.0559524, 0.043848, 0.418077, 0.030023, 0.503639, 0.0780257, 0.171315, 0.899435, -0.329685, 0.286923, -0.290756, -0.941506, -0.170373, 0.326309, 0.0698147, -0.942681, -0.0107864, -0.056698, -0.0175853, -0.067444, 0.149099, 0.110512, 0.63606, 0.0957542, -0.438839, -2.57428, 0.293942, 2.99533, 0.247317, -0.0115743, 0.00179172, -0.113267, 0.0245487, -0.000330145, -0.195333, -0.228071
664780, 10.666, 0.00434502, 0.0426607, 0.076562, 0.103004, -0.304781, -0.310813, -0.0484988, 0.0320091, -0.0636116, 0.043726, 0.417834, 0.029892, 0.503563, 0.0774537, 0.171173, 0.90023, -0.328371, 0.285935, -0.289824, -0.941985, -0.169311, 0.324943, 0.0695481, -0.943173, -0.00673928, -0.0578584, -0.0137795, -0.073258, 0.134737, 0.125564, 0.635922, 0.0957521, -0.439967, -2.574, 0.293944, 2.99345, 0.24487, -0.0161688, 0.000647675, -0.112831, 0.0300837, -0.00664681, -0.18858, -0.242829
675000, 10.676, 0.00429303, 0.0420884, 0.076442, 0.10234, -0.30369, -0.309592, -0.0525439, 0.0243611, -0.063517, 0.043639, 0.417891, 0.029892, 0.503511, 0.0768814, 0.171053, 0.901025, -0.326977, 0.285027, -0.288799, -0.942489, -0.168256, 0.323651, 0.0692873, -0.943636, -0.00586823, -0.0564696, -0.0127379, -0.0729484, 0.131264, 0.134173, 0.63576, 0.0957501, -0.441079, -2.57368, 0.293944, 2.99161, 0.242329, -0.0174075, 0.000554875, -0.108761, 0.0324634, -0.000445534, -0.187709, -0.254655
685266, 10.687, 0.00427, 0.0414685, 0.0763462, 0.101641, -0.302628, -0.308179, -0.0439161, 0.0191293, -0.0634435, 0.043127, 0.417796, 0.030028, 0.503488, 0.0762615, 0.170957, 0.901872, -0.325388, 0.284163, -0.287585, -0.943058, -0.16714, 0.322368, 0.0690178, -0.944095, -0.00489928, -0.0580438, -0.0114179, -0.0727887, 0.119578, 0.131156, 0.635533, 0.0957334, -0.442242, -2.57329, 0.293943, 2.98969, 0.239474, -0.0253739, -0.000995222, -0.102869, 0.0288959, -0.000132986, -0.173335, -0.255447
695485, 10.697, 0.00426395, 0.0409206, 0.0762724, 0.100996, -0.301771, -0.306679, -0.0522851, 0.0139448, -0.063527, 0.043074, 0.417904, 0.029757, 0.503482, 0.0757136, 0.170883, 0.902677, -0.323734, 0.283498, -0.28626, -0.943645, -0.166101, 0.321294, 0.0687808, -0.944478, 7.53419e-05, -0.0573704, -0.00715246, -0.0822178, 0.0983866, 0.161486, 0.635275, 0.095725, -0.443213, -2.57293, 0.293944, 2.98805, 0.236678, -0.0303629, -0.000494381, -0.0972546, 0.0353965, 0.000251674, -0.159897, -0.288244
705666, 10.707, 0.0042809, 0.0403677, 0.0762166, 0.10032, -0.301034, -0.304892, -0.0522388, 0.00871716, -0.0481382, 0.042793, 0.418032, 0.02989, 0.503499, 0.0751607, 0.170828, 0.903534, -0.321793, 0.282975, -0.284645, -0.944326, -0.165003, 0.320317, 0.0685388, -0.944828, 0.00154411, -0.0567661, -0.00597029, -0.0923103, 0.0916531, 0.194939, 0.634958, 0.0957221, -0.444135, -2.57255, 0.293944, 2.9865, 0.233565, -0.0357405, -2.5196e-05, -0.0912166, 0.0383124, 0.000354446, -0.157618, -0.323065
715842, 10.717, 0.00431097, 0.0398377, 0.0761719, 0.0996058, -0.300376, -0.302669, -0.0690836, 0.00834789, -0.0479631, 0.042809, 0.418235, 0.029885, 0.503529, 0.0746307, 0.170783, 0.904508, -0.319416, 0.282557, -0.282595, -0.945149, -0.16381, 0.319382, 0.0683179, -0.94516, 0.00585007, -0.0534551, -0.00221084, -0.0999141, 0.0720806, 0.224015, 0.634578, 0.0957266, -0.444954, -2.57214, 0.293943, 2.98498, 0.230025, -0.0375075, 0.00111522, -0.0834825, 0.0444488, -0.000133994, -0.144296, -0.348044
726004, 10.727, 0.00436099, 0.0393078, 0.0761415, 0.0988589, -0.299789, -0.300156, -0.0690458, 0.0129835, -0.055622, 0.042647, 0.418362, 0.02975, 0.503579, 0.0741008, 0.170753, 0.905549, -0.316746, 0.28223, -0.280256, -0.946063, -0.162549, 0.318494, 0.0680998, -0.945476, 0.0049977, -0.0509227, -0.00316322, -0.111714, 0.0760414, 0.267057, 0.634167, 0.0957404, -0.445748, -2.57169, 0.293943, 2.98348, 0.22617, -0.043052, 0.00233035, -0.0738782, 0.0465711, -0.00194553, -0.151536, -0.386678
736172, 10.738, 0.00441403, 0.0387422, 0.076115, 0.0980498, -0.299106, -0.297271, -0.0901058, 0.0149983, -0.0553015, 0.042696, 0.418613, 0.029878, 0.503632, 0.0735352, 0.170726, 0.906735, -0.313689, 0.281835, -0.277562, -0.947095, -0.161152, 0.317477, 0.0678957, -0.945832, 0.00493471, -0.0518044, -0.00251958, -0.11032, 0.0814845, 0.270733, 0.633696, 0.095735, -0.446582, -2.57117, 0.293943, 2.98175, 0.221826, -0.0449356, -5.25346e-05, -0.0751522, 0.04924, -0.000836696, -0.16202, -0.393601
746339, 10.748, 0.00445629, 0.0382348, 0.0760875, 0.0973201, -0.298428, -0.294615, -0.0942905, 0.0123504, -0.0476446, 0.043115, 0.418915, 0.029744, 0.503674, 0.0730278, 0.170698, 0.907833, -0.310876, 0.281417, -0.275082, -0.948034, -0.159876, 0.316495, 0.067728, -0.946173, 0.00669041, -0.0500378, -0.000106963, -0.10926, 0.0776708, 0.279701, 0.633247, 0.095727, -0.447315, -2.57068, 0.293942, 2.9801, 0.217852, -0.0440992, -0.00209581, -0.0739137, 0.0540964, 0.00049787, -0.164992, -0.40147
756492, 10.758, 0.004509, 0.0377438, 0.0760707, 0.0965851, -0.297731, -0.291762, -0.0983489, 0.019394, -0.055126, 0.043208, 0.418708, 0.029743, 0.503727, 0.0725368, 0.170682, 0.908991, -0.307864, 0.280989, -0.272409, -0.949027, -0.158563, 0.315482, 0.0675881, -0.946521, 0.00426979, -0.050658, -0.00264603, -0.114857, 0.0889079, 0.297104, 0.632812, 0.0957195, -0.448046, -2.57013, 0.293943, 2.97836, 0.213691, -0.0457992, -0.000798497, -0.0735345, 0.0529333, 0.000222884, -0.175318, -0.419839
766672, 10.768, 0.00458324, 0.037275, 0.0760723, 0.0958217, -0.297115, -0.288538, -0.0855185, 0.021631, -0.047362, 0.043449, 0.418423, 0.02988, 0.503801, 0.072068, 0.170683, 0.91023, -0.30448, 0.280664, -0.269362, -0.950126, -0.157175, 0.314523, 0.0674656, -0.946849, 0.00538929, -0.0418408, -0.00120144, -0.12558, 0.0839567, 0.351968, 0.632386, 0.0957214, -0.44875, -2.56953, 0.293943, 2.97664, 0.209175, -0.0406247, 0.000573941, -0.0626615, 0.0595863, 0.000192494, -0.177891, -0.46014
776883, 10.778, 0.00466104, 0.036814, 0.0760733, 0.0950154, -0.296502, -0.284984, -0.0812314, 0.0139271, -0.0473467, 0.043355, 0.418378, 0.029883, 0.503879, 0.071607, 0.170684, 0.911559, -0.300762, 0.280362, -0.265994, -0.951318, -0.155696, 0.313541, 0.0673511, -0.947183, 0.00756729, -0.0467851, -0.000317314, -0.135534, 0.0808772, 0.372373, 0.631954, 0.0957382, -0.449438, -2.5689, 0.293945, 2.97488, 0.204323, -0.0439789, 0.00223652, -0.0697267, 0.0641203, 4.182e-05, -0.180459, -0.491866
787039, 10.788, 0.00474652, 0.0363721, 0.0760845, 0.094223, -0.295862, -0.281335, -0.0853979, 0.0110027, -0.05503, 0.042883, 0.418183, 0.029747, 0.503965, 0.0711651, 0.170696, 0.91291, -0.296948, 0.280032, -0.262529, -0.952521, -0.154214, 0.31253, 0.0672667, -0.947523, 0.00875763, -0.0448152, 0.00147874, -0.134891, 0.0831652, 0.384833, 0.631521, 0.0957503, -0.450103, -2.56822, 0.293943, 2.97304, 0.199405, -0.0443408, 0.000452615, -0.067732, 0.0705412, -0.000338992, -0.191106, -0.501387
797198, 10.799, 0.0048256, 0.0359169, 0.0760861, 0.0933553, -0.295028, -0.277158, -0.0938148, 0.000676516, -0.0474266, 0.042548, 0.418167, 0.02961, 0.504044, 0.0707099, 0.170697, 0.914467, -0.292585, 0.279544, -0.258561, -0.953874, -0.152546, 0.311282, 0.0672193, -0.947937, 0.00933047, -0.040389, 0.00204321, -0.132163, 0.0870867, 0.39311, 0.631029, 0.0957654, -0.450776, -2.56743, 0.293945, 2.97084, 0.193871, -0.0459277, 0.00150089, -0.0589966, 0.0767232, 0.000120189, -0.199831, -0.501641
807342, 10.809, 0.00492274, 0.0355465, 0.0761148, 0.0925964, -0.29429, -0.273159, -0.0938025, -0.00460425, -0.047304, 0.042267, 0.418552, 0.029744, 0.504141, 0.0703395, 0.170726, 0.915917, -0.288423, 0.279121, -0.254747, -0.95514, -0.151036, 0.310162, 0.067231, -0.948303, 0.00997761, -0.0350073, 0.00367347, -0.133429, 0.0915194, 0.421827, 0.630564, 0.0957743, -0.451308, -2.56662, 0.29395, 2.96877, 0.188699, -0.0466345, -0.000327752, -0.0504444, 0.0844388, 0.000204319, -0.214334, -0.521729
