timestamp, robot_time[1], robot_ee_pos_error[3], robot_ee_ori_error[3], sensed_forces_moments[6], robot_ee_position[3], robot_ee_orientation[9], robot_ee_linear_velocity[3], robot_ee_angular_velocity[3], joint_angles[7], joint_velocities[7], 
10312, 10.9239, 0.0144109, -0.0667886, 0.113326, -0.238802, -0.378681, 0.724755, 0.0810903, 0.424096, 0.149056, 0.033866, 0.419309, 0.016289, 0.513629, -0.0319956, 0.207937, 0.562851, 0.78328, 0.263952, 0.672971, -0.619681, 0.403863, 0.479904, -0.0496828, -0.875913, -0.00252203, -0.000583108, -0.00440841, -0.000575536, 0.0098388, 0.000660111, -0.0910274, 0.0116202, -0.0189348, -2.63884, -0.27473, 3.1544, -0.72306, -0.00156225, 0.00500118, -0.000162978, -0.0039289, -0.00101966, -0.000823759, -0.00181825
21120, 10.9339, 0.0144282, -0.0667828, 0.113334, -0.238791, -0.378715, 0.72471, 0.0895401, 0.429088, 0.148923, 0.033918, 0.419204, 0.016156, 0.513646, -0.0319898, 0.207945, 0.56289, 0.783236, 0.264002, 0.672926, -0.619737, 0.403852, 0.479923, -0.0496708, -0.875903, 0.00179726, -0.000123438, -0.000836157, 0.0059132, 0.000709445, -0.00900681, -0.0909843, 0.0116398, -0.0189452, -2.6388, -0.274626, 3.1544, -0.723062, 0.00130938, 0.0063531, 0.00107726, 0.00558936, 0.0126653, -0.000616058, 0.000168475
31409, 10.9449, 0.0144585, -0.0667792, 0.113351, -0.238793, -0.378767, 0.724666, 0.0895527, 0.424215, 0.141388, 0.03408, 0.419334, 0.016293, 0.513677, -0.0319862, 0.207962, 0.562913, 0.783199, 0.264061, 0.672874, -0.619785, 0.403865, 0.479968, -0.0496606, -0.875879, 0.00428919, 0.00140815, 0.00312444, 0.0038462, -0.0101235, -0.00241778, -0.0909361, 0.0116707, -0.0189639, -2.63873, -0.274526, 3.15441, -0.723073, 0.00718251, 0.00270385, -0.00232286, 0.00881255, 0.00944345, 0.00366421, -0.000660025
41839, 10.955, 0.0145029, -0.0667672, 0.113372, -0.238792, -0.378826, 0.724623, 0.0895283, 0.429152, 0.141312, 0.03414, 0.419331, 0.016158, 0.513721, -0.0319742, 0.207983, 0.56293, 0.783164, 0.264129, 0.672823, -0.61983, 0.40388, 0.48002, -0.0496437, -0.875852, 0.0053013, 0.00122453, 0.00151685, 0.00511599, -0.00568163, -0.00526746, -0.0908891, 0.011724, -0.0189598, -2.63862, -0.274419, 3.15441, -0.723074, 0.00580302, 0.00890615, -0.000159581, 0.0138592, 0.0124996, 0.000134084, -0.000103075
52269, 10.9659, 0.0145604, -0.0667567, 0.113401, -0.238801, -0.378905, 0.724573, 0.0937745, 0.421684, 0.141223, 0.033823, 0.418907, 0.01616, 0.513778, -0.0319637, 0.208012, 0.562939, 0.783129, 0.264213, 0.672761, -0.619876, 0.403914, 0.480096, -0.0496271, -0.875811, 0.00369258, 0.00147377, -0.000167332, 0.00400005, -0.00170264, -0.00288157, -0.0908324, 0.0117891, -0.0189654, -2.63848, -0.274305, 3.15442, -0.723081, 0.0088718, 0.00920878, -0.00359896, 0.0104062, 0.00938297, 5.39607e-05, -0.000124623
62624, 10.9759, 0.0146209, -0.0667465, 0.113435, -0.238816, -0.378983, 0.724531, 0.0895652, 0.424165, 0.133743, 0.034079, 0.419082, 0.016294, 0.513839, -0.0319535, 0.208046, 0.56294, 0.783103, 0.264289, 0.672704, -0.61991, 0.403956, 0.480175, -0.0496145, -0.875768, 0.00314004, 0.00194034, 0.000946489, 0.00246938, -0.00326809, 0.000201956, -0.0907845, 0.0118512, -0.0189649, -2.63833, -0.274213, 3.15442, -0.723082, 0.00630534, 0.00494989, -0.000589121, 0.00798958, 0.0074628, -7.08927e-05, -0.00122484
72973, 10.9859, 0.0146851, -0.0667328, 0.113469, -0.238834, -0.379059, 0.724503, 0.0852892, 0.421683, 0.133643, 0.034052, 0.419136, 0.016159, 0.513903, -0.0319398, 0.20808, 0.562921, 0.783092, 0.26436, 0.67266, -0.619925, 0.404008, 0.480259, -0.0496001, -0.875723, 0.00579042, 0.000308391, 0.00282104, 0.00351676, -0.00834621, -0.00495045, -0.0907337, 0.0119182, -0.018963, -2.63817, -0.274141, 3.15442, -0.723084, 0.00454015, 0.00700102, -0.00114651, 0.0146501, 0.00920407, 0.000269694, 0.000305435
83231, 10.9969, 0.0147563, -0.066718, 0.113507, -0.238861, -0.379136, 0.724492, 0.0852583, 0.421598, 0.141242, 0.03383, 0.419009, 0.016158, 0.513974, -0.031925, 0.208118, 0.562878, 0.783102, 0.264422, 0.67263, -0.619913, 0.404076, 0.480351, -0.0495873, -0.875673, 0.00560173, 0.00286507, 0.00346872, -0.000823074, -0.00701447, 0.00520415, -0.0906858, 0.0119951, -0.0189602, -2.63799, -0.274102, 3.15442, -0.723088, 0.00780488, 0.00422351, -0.000634646, 0.0145403, 0.000339165, -0.00337688, 0.00141402
93525, 11.0069, 0.0148237, -0.0667101, 0.113547, -0.238897, -0.379209, 0.724484, 0.0852553, 0.416641, 0.14131, 0.03377, 0.419012, 0.016293, 0.514042, -0.0319171, 0.208158, 0.562834, 0.783116, 0.264475, 0.6726, -0.619895, 0.404151, 0.480445, -0.0495838, -0.875622, 0.0074919, -0.000114006, 0.00553708, -3.95622e-06, -0.0136845, -0.00115404, -0.0906554, 0.0120591, -0.0189598, -2.63782, -0.274096, 3.15442, -0.723083, 0.00110873, 0.00440182, 0.000790395, 0.0182517, 0.00285361, -0.000255925, 0.000581296
103776, 11.0169, 0.0148877, -0.0667085, 0.113588, -0.238937, -0.37928, 0.724474, 0.0852351, 0.421563, 0.141218, 0.03383, 0.419009, 0.016158, 0.514106, -0.0319155, 0.208199, 0.562792, 0.78313, 0.264525, 0.672569, -0.619878, 0.40423, 0.480538, -0.0495864, -0.875571, 0.00687074, -0.00147323, 0.00436589, -0.00168646, -0.01166, -0.000625803, -0.0906324, 0.0121126, -0.018965, -2.63766, -0.274091, 3.15442, -0.723088, 3.34047e-05, 0.00618434, -0.00146872, 0.017404, -0.000100428, 0.000572384, -0.000735056
113961, 11.0269, 0.0149527, -0.0667021, 0.113633, -0.238976, -0.379358, 0.724463, 0.0852594, 0.416634, 0.148936, 0.033993, 0.418882, 0.016293, 0.514171, -0.0319091, 0.208244, 0.562746, 0.783144, 0.264581, 0.672536, -0.619861, 0.404312, 0.480638, -0.0495849, -0.875516, 0.00898662, 6.50814e-05, 0.00691545, -0.00161985, -0.0167543, 0.001372, -0.0906103, 0.0121595, -0.0189598, -2.6375, -0.274085, 3.15442, -0.723086, 0.00166198, 0.0045901, 0.000500465, 0.0218284, 0.000387949, -0.000422456, 0.000456176
124116, 11.0379, 0.0150229, -0.0667028, 0.113687, -0.239029, -0.379446, 0.724448, 0.0852627, 0.416672, 0.141311, 0.034214, 0.419009, 0.016295, 0.514241, -0.0319098, 0.208298, 0.562697, 0.783158, 0.264642, 0.672493, -0.619842, 0.404412, 0.480754, -0.0495915, -0.875452, 0.00535837, 0.00111586, 0.0039658, -0.00163155, -0.00999917, 0.00442096, -0.0905937, 0.0121962, -0.0189623, -2.63733, -0.274083, 3.15442, -0.723092, 0.00308976, 0.00304771, 0.000233173, 0.0127347, 0.000390976, 0.000441365, -0.00157993
134470, 11.0479, 0.0150906, -0.0667061, 0.113745, -0.239083, -0.379541, 0.724421, 0.080988, 0.414179, 0.141206, 0.034188, 0.419063, 0.01616, 0.514309, -0.0319131, 0.208356, 0.56266, 0.783161, 0.264711, 0.672437, -0.619837, 0.404512, 0.480876, -0.0496009, -0.875385, 0.00467928, -0.000494885, 0.00391642, -0.00106353, -0.0095415, 7.89235e-05, -0.0905868, 0.0122171, -0.0189602, -2.63717, -0.274078, 3.15442, -0.723087, 0.000585317, 0.00172233, -0.000571482, 0.0111383, -6.49896e-05, 0.000191407, 2.20859e-05
144630, 11.0579, 0.0151537, -0.0667133, 0.113799, -0.239137, -0.379627, 0.724397, 0.0852054, 0.416597, 0.133632, 0.033992, 0.419139, 0.016295, 0.514372, -0.0319203, 0.20841, 0.562624, 0.783167, 0.264772, 0.672386, -0.619829, 0.404609, 0.480989, -0.0496138, -0.875321, 0.00575045, -0.00142697, 0.00617735, -0.00189517, -0.0140017, -0.00086987, -0.0905849, 0.0122367, -0.0189623, -2.63702, -0.274076, 3.15442, -0.723092, -0.00129624, -0.00125646, -0.000211809, 0.0129318, 0.000155191, -6.86061e-05, -0.000891917
154802, 11.0679, 0.0152101, -0.0667143, 0.113851, -0.239184, -0.379712, 0.724373, 0.0851742, 0.416518, 0.141229, 0.03377, 0.419012, 0.016293, 0.514428, -0.0319213, 0.208462, 0.56259, 0.78317, 0.264835, 0.672337, -0.619825, 0.404697, 0.481098, -0.0496206, -0.875262, 0.00706127, 0.000332955, 0.00715212, -0.000818987, -0.0163905, 0.000677556, -0.0905767, 0.0122429, -0.0189598, -2.63689, -0.274072, 3.15442, -0.723085, 0.000735221, -0.000792896, 0.0017876, 0.0157429, 0.00221309, -0.000160336, -0.00013925
165019, 11.0779, 0.0152695, -0.0667248, 0.113905, -0.239239, -0.379796, 0.724345, 0.0851608, 0.416496, 0.141215, 0.03377, 0.419012, 0.016293, 0.514487, -0.0319318, 0.208516, 0.562562, 0.78317, 0.264894, 0.672282, -0.619823, 0.404791, 0.481208, -0.0496366, -0.8752, 0.00559363, -0.000691079, 0.00505091, -0.00160113, -0.00911537, -0.00119937, -0.0905765, 0.012256, -0.0189673, -2.63675, -0.27407, 3.15442, -0.723088, 0.000386907, 0.000404541, -0.000101567, 0.0153962, -0.000221802, -0.0043654, -0.00160824
175398, 11.0889, 0.0153347, -0.0667333, 0.113968, -0.2393, -0.379896, 0.724313, 0.0851897, 0.416562, 0.141239, 0.034214, 0.419009, 0.016295, 0.514553, -0.0319403, 0.208579, 0.562527, 0.783171, 0.264965, 0.672219, -0.619821, 0.404899, 0.481336, -0.049652, -0.875129, 0.00324728, -0.000882755, 0.0032119, -0.00033491, -0.00733304, -0.00196065, -0.0905784, 0.0122578, -0.018968, -2.6366, -0.274071, 3.15442, -0.723084, -0.000574935, -1.70077e-05, -0.000369593, 0.00758054, 0.000237414, -0.000279538, 0.000883169
185618, 11.0989, 0.0153916, -0.0667376, 0.114023, -0.239352, -0.379982, 0.72429, 0.0850838, 0.41654, 0.141194, 0.033993, 0.419391, 0.016293, 0.51461, -0.0319446, 0.208634, 0.562489, 0.783177, 0.265027, 0.67217, -0.619812, 0.404995, 0.481449, -0.0496622, -0.875066, 0.00528002, -0.000756658, 0.00591769, -0.0019798, -0.0130118, 0.000511267, -0.0905735, 0.0122582, -0.0189683, -2.63647, -0.274066, 3.15442, -0.723089, 0.000130848, -0.00189398, -0.000388716, 0.0117177, 0.00023169, -0.000483133, -0.00117988
195806, 11.1089, 0.0154478, -0.0667415, 0.114076, -0.239403, -0.380064, 0.724271, 0.085146, 0.41646, 0.148821, 0.033993, 0.418882, 0.016293, 0.514666, -0.0319485, 0.208687, 0.562451, 0.783186, 0.265084, 0.672125, -0.619801, 0.405087, 0.481557, -0.049672, -0.875006, 0.00659374, -0.00291915, 0.00667406, -0.00238149, -0.015246, -0.00305633, -0.0905729, 0.0122642, -0.0189645, -2.63634, -0.274066, 3.15442, -0.723093, -0.00551493, -0.000192006, 0.00127192, 0.0154286, -0.000147356, -0.00021743, -0.00123574
206021, 11.1189, 0.0155041, -0.0667498, 0.11413, -0.239455, -0.38015, 0.72424, 0.0851038, 0.416409, 0.141157, 0.03377, 0.419012, 0.016293, 0.514722, -0.0319568, 0.208741, 0.562424, 0.783183, 0.265147, 0.672068, -0.619803, 0.405179, 0.481668, -0.0496859, -0.874944, 0.00625815, -0.00145831, 0.00641083, -0.0008179, -0.00721589, -0.000231701, -0.0905732, 0.0122727, -0.0189653, -2.6362, -0.274062, 3.15442, -0.723088, -0.000182811, 0.00454054, 8.37141e-05, 0.0118624, -0.000349068, -6.11901e-05, 0.000497159
216192, 11.1299, 0.0155622, -0.0667569, 0.114188, -0.239511, -0.380245, 0.72421, 0.0851331, 0.416476, 0.141182, 0.034214, 0.419009, 0.016295, 0.51478, -0.0319639, 0.208799, 0.56239, 0.783184, 0.265216, 0.672009, -0.6198, 0.40528, 0.48179, -0.0496977, -0.874876, 0.00576212, -0.00152896, 0.00610072, -0.00142126, -0.0139996, -0.00185847, -0.0905729, 0.0122668, -0.0189701, -2.63608, -0.27406, 3.15443, -0.723089, 3.06958e-05, -0.00097511, -0.00171592, 0.0130111, 0.000316062, 8.75392e-05, -0.000103724
226407, 11.1399, 0.0156144, -0.0667636, 0.114239, -0.239559, -0.380325, 0.724184, 0.0850561, 0.416487, 0.148799, 0.034215, 0.419261, 0.016293, 0.514832, -0.0319706, 0.20885, 0.562363, 0.783185, 0.265274, 0.671958, -0.619799, 0.405366, 0.481893, -0.0497097, -0.874819, 0.005833, -0.000980426, 0.00590197, -0.0010724, -0.0135169, -0.00147694, -0.0905732, 0.0122684, -0.0189711, -2.63596, -0.274057, 3.15443, -0.723088, 0.00044822, -0.000406631, -0.00105119, 0.0133554, 0.000171411, -0.00021451, 0.000798623
236653, 11.1499, 0.0156606, -0.0667662, 0.114282, -0.239599, -0.380388, 0.724167, 0.0893201, 0.414021, 0.141018, 0.03418, 0.418961, 0.016162, 0.514879, -0.0319732, 0.208893, 0.562336, 0.783189, 0.265318, 0.671921, -0.619793, 0.405437, 0.481976, -0.0497188, -0.874773, 0.00353282, -8.98688e-05, 0.00314576, -0.000179236, -0.00755656, -0.000560591, -0.0905701, 0.0122731, -0.0189684, -2.63585, -0.274057, 3.15442, -0.723085, 0.000713032, 0.000787817, -0.000117507, 0.00824452, 0.00015239, 8.0847e-05, 0.00118227
246890, 11.1599, 0.0157089, -0.0667735, 0.11433, -0.239646, -0.380463, 0.724143, 0.0892801, 0.413972, 0.133356, 0.033958, 0.419091, 0.016162, 0.514927, -0.0319805, 0.208941, 0.562309, 0.78319, 0.265371, 0.671873, -0.619791, 0.405519, 0.482073, -0.0497314, -0.874718, 0.00214007, -0.000825359, 0.00237031, -0.000106256, -0.00528855, -0.00209746, -0.0905732, 0.0122706, -0.0189691, -2.63574, -0.274056, 3.15442, -0.723086, -0.000285897, -0.000610725, -0.000831636, 0.00488748, -2.12963e-05, -0.000234968, 0.00110859
257127, 11.1702, 0.0157603, -0.0667773, 0.114377, -0.239692, -0.380537, 0.724125, 0.0892795, 0.413913, 0.148604, 0.033958, 0.418834, 0.01616, 0.514978, -0.0319843, 0.208988, 0.562275, 0.783197, 0.265423, 0.671832, -0.619781, 0.405602, 0.482171, -0.0497404, -0.874664, 0.00568357, -0.000782987, 0.00505168, -0.00144148, -0.0117873, -0.000271636, -0.0905701, 0.012279, -0.0189686, -2.63562, -0.274057, 3.15442, -0.723088, -0.000406576, 0.00135307, 9.03868e-05, 0.0135418, -0.000296406, -0.00032617, 0.000203164
267369, 11.1809, 0.0158099, -0.0667836, 0.114428, -0.239741, -0.38062, 0.7241, 0.0850729, 0.416383, 0.14112, 0.034214, 0.419009, 0.016295, 0.515028, -0.0319906, 0.209039, 0.562244, 0.783199, 0.265483, 0.671782, -0.619777, 0.405691, 0.482277, -0.0497507, -0.874605, 0.00659065, -0.00423762, 0.00666295, 0.00297422, -0.0159738, -0.0146256, -0.0905722, 0.0122763, -0.0189693, -2.63551, -0.274057, 3.15443, -0.723088, -0.00620372, 5.53367e-05, 2.14436e-05, 0.0154008, 0.00366346, 0.000235158, 0.00600422
277588, 11.1909, 0.0158556, -0.0667922, 0.11447, -0.239784, -0.38068, 0.724082, 0.089274, 0.413947, 0.14097, 0.03418, 0.418961, 0.016162, 0.515074, -0.0319992, 0.209081, 0.56222, 0.783203, 0.265523, 0.671743, -0.619771, 0.405764, 0.482359, -0.0497653, -0.874559, 0.0042092, -0.00166027, 0.00395812, -0.00379164, -0.00894657, 0.00267019, -0.0905728, 0.0122823, -0.0189743, -2.6354, -0.274056, 3.15442, -0.723096, -0.00173744, 0.000632023, -0.000531131, 0.0100231, 0.000154707, -0.000106876, -0.00581589
287763, 11.2009, 0.015899, -0.0667958, 0.114511, -0.239822, -0.380746, 0.72406, 0.0893128, 0.418821, 0.141189, 0.034241, 0.418955, 0.01643, 0.515117, -0.0320028, 0.209122, 0.562198, 0.783202, 0.265572, 0.671701, -0.619772, 0.405833, 0.482443, -0.0497733, -0.874512, 0.00415328, -0.00125454, 0.00408932, -0.00143118, -0.0094338, -0.000846667, -0.0905728, 0.0122853, -0.0189715, -2.6353, -0.274052, 3.15442, -0.723091, -0.000936443, 0.000109516, -0.000581053, 0.00967092, 9.99875e-05, -3.1896e-05, -0.000869816
297950, 11.2109, 0.0159431, -0.0667961, 0.114556, -0.239863, -0.380814, 0.724049, 0.0892075, 0.413824, 0.140908, 0.033736, 0.418964, 0.01616, 0.515161, -0.0320031, 0.209167, 0.56216, 0.783214, 0.265618, 0.671669, -0.619757, 0.40591, 0.482533, -0.0497791, -0.874462, 0.00503152, 0.000236949, 0.0052393, -0.00192484, -0.0118136, 0.00255095, -0.0905648, 0.0122827, -0.0189715, -2.6352, -0.274057, 3.15442, -0.723093, 0.00136043, -0.000864524, 0.000117224, 0.0112432, -0.000338005, -0.000163342, -0.000908111
308216, 11.2219, 0.0159908, -0.0668033, 0.114601, -0.239907, -0.380887, 0.72402, 0.0891951, 0.413807, 0.140897, 0.033736, 0.418964, 0.01616, 0.515209, -0.0320103, 0.209212, 0.56214, 0.783209, 0.265672, 0.671618, -0.619762, 0.405986, 0.482626, -0.0497908, -0.87441, 0.00467378, -0.000365141, 0.00406292, -0.00110225, -0.00980879, 0.000430921, -0.0905675, 0.0122855, -0.0189715, -2.63509, -0.27405, 3.15442, -0.72309, 0.000825021, 0.00135998, -0.000510047, 0.0109935, 0.000288848, 0.000244426, -0.000384485
318463, 11.2319, 0.0160295, -0.0668088, 0.114639, -0.239944, -0.380944, 0.724005, 0.0934273, 0.416382, 0.148647, 0.034207, 0.419159, 0.016296, 0.515248, -0.0320158, 0.20925, 0.562116, 0.783213, 0.265712, 0.671584, -0.619755, 0.406051, 0.482701, -0.0498003, -0.874368, 0.00404644, -0.000703909, 0.00359526, -0.00181898, -0.00823297, 0.000938681, -0.09057, 0.0122886, -0.0189715, -2.635, -0.274051, 3.15442, -0.723094, -0.000584752, 0.000985316, 0.000113269, 0.00970604, -7.86867e-05, -0.000356883, -0.00158348
328630, 11.2419, 0.0160694, -0.0668141, 0.11468, -0.239982, -0.381008, 0.723982, 0.0934806, 0.416337, 0.141007, 0.034206, 0.418907, 0.016297, 0.515287, -0.0320211, 0.209291, 0.562096, 0.783211, 0.265759, 0.671541, -0.619757, 0.40612, 0.482784, -0.0498102, -0.874322, 0.00346271, -0.00028225, 0.00374111, -0.000901638, -0.00852639, 0.000204029, -0.0905746, 0.0122834, -0.0189687, -2.63491, -0.274051, 3.15442, -0.723088, -0.00119786, -0.000848532, 0.00137316, 0.00766967, 5.0854e-06, 5.82118e-05, -2.74887e-05
338837, 11.2519, 0.0161079, -0.0668186, 0.114716, -0.240018, -0.381063, 0.723969, 0.0934722, 0.416322, 0.140997, 0.034206, 0.418907, 0.016297, 0.515326, -0.0320256, 0.209327, 0.562069, 0.783218, 0.265796, 0.671511, -0.619748, 0.406184, 0.482857, -0.0498186, -0.874281, 0.00367477, 9.74947e-05, 0.00313715, -0.00165507, -0.00741972, 0.00245299, -0.09057, 0.0122887, -0.0189737, -2.63482, -0.274051, 3.15442, -0.723095, 0.000691157, 0.00114469, 0.000277848, 0.00867256, 1.15478e-05, 2.34876e-05, -0.00170326
349006, 11.2619, 0.0161386, -0.0668201, 0.114746, -0.240045, -0.381112, 0.723953, 0.0891869, 0.413771, 0.14851, 0.033958, 0.418834, 0.01616, 0.515357, -0.0320271, 0.209357, 0.562054, 0.783217, 0.265833, 0.67148, -0.619749, 0.406233, 0.482918, -0.0498233, -0.874247, 0.00116791, 0.000357263, 0.000641923, -0.000434521, -0.00183931, 0.0013811, -0.090567, 0.0122887, -0.0189725, -2.63475, -0.274047, 3.15442, -0.72309, 0.00095134, 0.00123903, -7.15619e-05, 0.00290096, -0.000222786, 0.000220885, -0.000315844
359232, 11.2729, 0.0161743, -0.0668264, 0.114784, -0.240082, -0.38117, 0.723933, 0.0891946, 0.413826, 0.14089, 0.03418, 0.418961, 0.016162, 0.515392, -0.0320334, 0.209395, 0.562033, 0.783217, 0.265874, 0.671442, -0.619748, 0.406298, 0.482995, -0.0498338, -0.874204, 0.00266911, -0.000535983, 0.00322324, -0.00103302, -0.00704668, -7.12514e-05, -0.0905697, 0.0122808, -0.0189744, -2.63467, -0.274047, 3.15442, -0.723091, -0.000375539, -0.00148178, -0.00011669, 0.00579997, -0.000213103, -0.000171442, -0.000290689
369456, 11.2829, 0.0161998, -0.0668311, 0.114808, -0.240106, -0.381207, 0.723921, 0.0891528, 0.408787, 0.140914, 0.033676, 0.418968, 0.016295, 0.515418, -0.0320381, 0.209419, 0.562021, 0.783218, 0.2659, 0.671418, -0.619747, 0.406339, 0.483042, -0.0498409, -0.874177, 0.00153496, -0.000908029, 0.00163052, -0.0012747, -0.00349551, 9.73664e-05, -0.0905676, 0.0122855, -0.0189799, -2.63461, -0.274045, 3.15442, -0.723094, 0.000743287, -0.000218858, -0.0020559, 0.00361853, 0.000482964, -0.000239946, -0.00213335
379640, 11.2929, 0.0162254, -0.0668319, 0.114831, -0.240127, -0.381244, 0.723911, 0.0891278, 0.408888, 0.148588, 0.034121, 0.419216, 0.016296, 0.515443, -0.0320389, 0.209442, 0.562005, 0.78322, 0.265927, 0.671397, -0.619744, 0.406378, 0.48309, -0.0498443, -0.874151, 0.00101006, 0.000283456, 0.00036602, -0.000169113, -0.00101287, 0.000720515, -0.0905719, 0.0122911, -0.0189719, -2.63455, -0.274046, 3.15442, -0.72309, -0.000238203, 0.00150736, 0.00101461, 0.00276205, -7.66412e-05, -0.000237957, 0.000106709
389811, 11.3029, 0.0162436, -0.0668372, 0.114852, -0.240148, -0.381276, 0.723897, 0.0891694, 0.40879, 0.148563, 0.033898, 0.418837, 0.016296, 0.515462, -0.0320442, 0.209463, 0.561999, 0.783216, 0.26595, 0.671373, -0.619748, 0.406413, 0.483131, -0.0498518, -0.874127, 0.000873263, -0.00106571, 0.00171188, 3.43764e-05, -0.00355151, -0.00258439, -0.0905726, 0.012283, -0.0189775, -2.63451, -0.274046, 3.15442, -0.723088, -0.000701992, -0.00201771, -0.00111698, 0.00158433, 0.000280295, -7.64845e-05, 0.000582688
400029, 11.3129, 0.0162567, -0.0668357, 0.114864, -0.240159, -0.381295, 0.723896, 0.0849567, 0.411215, 0.1487, 0.033932, 0.418885, 0.016429, 0.515475, -0.0320427, 0.209475, 0.561985, 0.783222, 0.265963, 0.671366, -0.61974, 0.406435, 0.483156, -0.0498518, -0.874114, 0.000277793, 0.000342002, 2.88027e-05, 0.000541791, -0.000168979, -0.000215674, -0.090569, 0.0122862, -0.0189747, -2.63447, -0.274046, 3.15442, -0.723088, 0.00045202, 0.000543077, 0.000409268, 0.000730957, 0.000789607, -8.0941e-05, 0.000425337
410286, 11.3239, 0.0162649, -0.0668361, 0.11487, -0.240164, -0.381306, 0.723891, 0.0849456, 0.416153, 0.148618, 0.033993, 0.418882, 0.016293, 0.515483, -0.0320431, 0.209481, 0.561983, 0.78322, 0.265972, 0.671358, -0.619743, 0.406445, 0.48317, -0.0498528, -0.874106, 0.000463586, 0.000816273, 0.000571137, 0.00149561, -0.00107918, -0.00144111, -0.0905665, 0.0122891, -0.0189768, -2.63446, -0.274045, 3.15442, -0.723087, 0.00130074, -0.000482876, 0.000430395, 0.000973873, 2.13023e-05, -0.000556621, 0.00352592
420524, 11.3339, 0.0162748, -0.0668346, 0.114879, -0.240173, -0.381325, 0.72389, 0.0891614, 0.408779, 0.148555, 0.033898, 0.418837, 0.016296, 0.515493, -0.0320416, 0.20949, 0.56197, 0.783225, 0.265986, 0.671352, -0.619737, 0.406464, 0.483194, -0.0498506, -0.874093, 0.000413865, 0.00192599, 6.93522e-05, 0.000334459, -0.000394864, 0.00324227, -0.0905669, 0.0122918, -0.0189719, -2.63444, -0.274042, 3.15443, -0.723092, 0.00139255, 0.000568693, 0.00240886, 0.000777251, 0.000142655, 0.000155304, 0.000518931
430758, 11.3439, 0.0162737, -0.0668364, 0.114879, -0.240172, -0.381319, 0.723889, 0.0891066, 0.41381, 0.148496, 0.034181, 0.419213, 0.01616, 0.515492, -0.0320434, 0.20949, 0.561976, 0.783223, 0.265981, 0.671352, -0.619739, 0.40646, 0.483187, -0.0498539, -0.874096, -0.000537874, 0.00112465, -0.000534533, 0.000286309, 0.00130122, 0.00182874, -0.0905698, 0.0122891, -0.0189719, -2.63444, -0.274043, 3.15442, -0.723091, 0.00117424, -0.000163832, 0.000930862, -0.00142127, 0.000282637, -6.96251e-05, 2.08971e-05
441009, 11.3539, 0.016278, -0.0668367, 0.114883, -0.240177, -0.381324, 0.723892, 0.0849433, 0.416148, 0.148615, 0.033993, 0.418882, 0.016293, 0.515496, -0.0320437, 0.209494, 0.561968, 0.783228, 0.265982, 0.671352, -0.619733, 0.406469, 0.483196, -0.049855, -0.874092, 0.00051705, 0.000165441, 0.00016501, -0.000830965, 7.74375e-05, 0.00154687, -0.0905697, 0.0122891, -0.0189722, -2.63443, -0.274046, 3.15442, -0.723096, 0.000809806, 0.00150036, 0.000502586, 0.000181282, -0.000257097, 0.000129569, 0.000645359
451242, 11.3649, 0.0162775, -0.0668353, 0.11488, -0.240174, -0.381321, 0.723893, 0.0933666, 0.416289, 0.148585, 0.034207, 0.419159, 0.016296, 0.515495, -0.0320423, 0.209491, 0.561969, 0.783228, 0.265981, 0.671355, -0.619733, 0.406465, 0.483191, -0.049853, -0.874094, 0.000202277, 0.00186141, -0.000240435, -0.000531184, 0.000713443, 0.00449328, -0.0905668, 0.0122947, -0.0189719, -2.63443, -0.274043, 3.15442, -0.723096, 0.00328266, 0.000774925, 0.000388578, 0.000556072, -5.43898e-05, -0.000452286, -0.000952192
461465, 11.3749, 0.0162772, -0.0668395, 0.11488, -0.240175, -0.381321, 0.723885, 0.0891422, 0.413759, 0.133215, 0.033958, 0.419091, 0.016162, 0.515495, -0.0320465, 0.209491, 0.561979, 0.78322, 0.265982, 0.671347, -0.619742, 0.406463, 0.483191, -0.049857, -0.874094, 0.000598088, -0.000774718, 0.00053474, 7.73831e-05, -0.00144486, -0.00174007, -0.0905669, 0.012295, -0.01898, -2.63443, -0.274043, 3.15442, -0.723091, 0.000571721, 0.000272068, -0.00196477, 0.00148236, -5.42926e-05, 0.000227021, 0.000485674
471689, 11.3849, 0.0162734, -0.066835, 0.114873, -0.240168, -0.381317, 0.72389, 0.0933215, 0.416201, 0.148536, 0.033763, 0.419162, 0.016294, 0.515491, -0.032042, 0.209484, 0.561976, 0.783222, 0.265981, 0.671354, -0.619741, 0.406455, 0.483184, -0.0498502, -0.874099, -0.000505448, 0.000467944, -0.00109251, 0.000537506, 0.00218283, 0.000273907, -0.0905644, 0.0123034, -0.0189754, -2.63444, -0.274042, 3.15443, -0.723089, 0.00118532, 0.00144306, -0.000347004, -0.00083823, 0.00024911, 5.57961e-05, 0.000402925
481945, 11.3949, 0.0162779, -0.0668391, 0.114879, -0.240175, -0.381325, 0.723884, 0.0891742, 0.418589, 0.141055, 0.033797, 0.418959, 0.016428, 0.515496, -0.0320461, 0.20949, 0.561978, 0.783219, 0.265987, 0.671345, -0.619744, 0.406464, 0.483194, -0.0498548, -0.874093, 0.000267401, -0.000589744, -3.37416e-05, -2.05359e-05, -8.67937e-05, -0.00111387, -0.0905669, 0.0123007, -0.01898, -2.63443, -0.274042, 3.15443, -0.72309, 0.000414004, 0.000837277, -0.00148344, 0.000930161, 1.03564e-05, -4.91724e-06, 4.00654e-05
492173, 11.4059, 0.0162777, -0.066836, 0.114878, -0.240173, -0.381323, 0.723891, 0.09343, 0.416259, 0.140955, 0.034206, 0.418907, 0.016297, 0.515496, -0.032043, 0.209489, 0.56197, 0.783226, 0.265984, 0.671353, -0.619736, 0.406464, 0.483193, -0.0498519, -0.874094, 0.00014908, 0.000296606, -0.000447672, -0.000582943, 0.000914588, 0.00173276, -0.0905696, 0.0123029, -0.0189719, -2.63443, -0.274045, 3.15443, -0.723093, -0.000423579, 0.00143749, 0.00105652, 0.000753621, 4.67436e-05, -0.000172317, -0.00133057
502377, 11.4159, 0.0162726, -0.0668364, 0.114874, -0.240169, -0.381313, 0.723891, 0.0849356, 0.421091, 0.148547, 0.034053, 0.418879, 0.016158, 0.515491, -0.0320434, 0.209485, 0.561979, 0.783222, 0.265976, 0.671355, -0.61974, 0.406453, 0.483179, -0.0498532, -0.874101, -0.000318572, 0.000765319, -0.000160167, 9.18254e-05, 0.000590819, 0.00124741, -0.0905669, 0.0122984, -0.0189747, -2.63444, -0.274042, 3.15442, -0.723091, 0.001207, -0.000522379, 0.000184519, -0.000905403, -0.000217075, -0.000221227, 0.000350571
512665, 11.4259, 0.0162736, -0.0668359, 0.114874, -0.240169, -0.381319, 0.723888, 0.0848512, 0.416151, 0.148586, 0.033771, 0.419264, 0.016292, 0.515492, -0.0320429, 0.209485, 0.561977, 0.783221, 0.265982, 0.671352, -0.619742, 0.406456, 0.483185, -0.0498512, -0.874098, 0.000167084, 0.000534654, -7.37789e-05, 4.7563e-05, 5.7175e-05, 0.00102016, -0.0905669, 0.0123012, -0.0189747, -2.63444, -0.274042, 3.15443, -0.723089, 0.000491785, 0.000517965, 0.00060113, 0.000438889, 0.000169785, 1.74289e-05, -8.50683e-05
522879, 11.4359, 0.0162721, -0.0668338, 0.114871, -0.240165, -0.381309, 0.723895, 0.0849362, 0.421092, 0.148547, 0.034053, 0.418879, 0.016158, 0.51549, -0.0320408, 0.209482, 0.561976, 0.783225, 0.265974, 0.671361, -0.619737, 0.406449, 0.483175, -0.0498503, -0.874104, -0.000226308, 0.000456911, -0.000748332, 0.000566912, 0.00140791, 0.00013488, -0.0905647, 0.0123039, -0.0189719, -2.63444, -0.274041, 3.15442, -0.723092, 9.21115e-06, 0.00126635, 0.000859424, -0.000251233, 0.000233094, 6.03151e-05, 0.000613502
533097, 11.4469, 0.0162725, -0.0668363, 0.114874, -0.240168, -0.381313, 0.723889, 0.0934314, 0.416262, 0.140957, 0.034206, 0.418907, 0.016297, 0.515491, -0.0320433, 0.209485, 0.56198, 0.783221, 0.265977, 0.671354, -0.619742, 0.406452, 0.483179, -0.0498531, -0.874101, 0.000135148, 0.000190383, 0.000759066, 9.45046e-05, -0.00151754, -3.35505e-06, -0.0905668, 0.0122987, -0.0189747, -2.63444, -0.274042, 3.15442, -0.723089, 0.0008312, -0.00160378, -0.000467676, -0.000196981, -9.1992e-05, 9.68495e-05, 0.000526591
543336, 11.4569, 0.0162717, -0.0668399, 0.114871, -0.240167, -0.38131, 0.723884, 0.0849446, 0.416153, 0.148617, 0.033993, 0.418882, 0.016293, 0.51549, -0.0320469, 0.209482, 0.561989, 0.783214, 0.265976, 0.67135, -0.61975, 0.406448, 0.483174, -0.0498561, -0.874103, -0.000425151, -0.000578728, -0.000548444, 0.0013246, 0.000963318, -0.00318767, -0.0905714, 0.0123036, -0.0189769, -2.63444, -0.27404, 3.15442, -0.723087, -0.00117841, 0.000434802, 9.05994e-05, -0.000859002, 0.00081298, 0.000204115, 0.00161363
553571, 11.4669, 0.0162762, -0.0668369, 0.114875, -0.24017, -0.381315, 0.723891, 0.0891484, 0.423651, 0.148646, 0.034302, 0.419204, 0.016293, 0.515494, -0.0320439, 0.209486, 0.561976, 0.783223, 0.265977, 0.671355, -0.619739, 0.406456, 0.483182, -0.0498538, -0.874099, 0.000216055, -0.000269767, 0.000169467, 0.00105105, -0.000340908, -0.0020389, -0.090564, 0.0123046, -0.0189778, -2.63443, -0.274042, 3.15442, -0.723093, 0.000928985, 8.22243e-05, -0.000814566, 0.000475677, 0.00334811, -0.000180162, -0.000933712
563766, 11.4769, 0.0162722, -0.0668363, 0.114872, -0.240167, -0.38131, 0.723892, 0.084945, 0.416152, 0.148617, 0.033993, 0.418882, 0.016293, 0.51549, -0.0320433, 0.209483, 0.561979, 0.783223, 0.265974, 0.671357, -0.61974, 0.406451, 0.483176, -0.0498529, -0.874103, -0.00074468, 0.000228873, -0.000380449, -5.31667e-06, 0.000978219, 0.000353526, -0.0905665, 0.0123018, -0.018975, -2.63444, -0.274042, 3.15442, -0.723092, 0.000670123, -0.00088709, -0.000628591, -0.0019585, -0.00134919, 0.000107253, 0.00101675
573943, 11.4869, 0.0162766, -0.0668343, 0.114876, -0.240171, -0.381316, 0.723895, 0.0933864, 0.41617, 0.140916, 0.033763, 0.418911, 0.016295, 0.515495, -0.0320413, 0.209487, 0.56197, 0.783228, 0.265977, 0.671359, -0.619733, 0.406459, 0.483185, -0.0498515, -0.874098, 0.000387784, 0.000791169, 0.000640838, -0.000609095, -0.00123582, 0.00243634, -0.0905644, 0.0123021, -0.0189723, -2.63443, -0.274042, 3.15442, -0.723096, 0.000152689, -0.000788175, 0.00141848, 0.000582534, -0.000214743, -8.07793e-05, -0.000785455
584118, 11.4979, 0.0162767, -0.0668352, 0.114877, -0.240171, -0.381316, 0.723894, 0.0934133, 0.41619, 0.148566, 0.033985, 0.41878, 0.016295, 0.515495, -0.0320422, 0.209488, 0.561971, 0.783227, 0.265978, 0.671357, -0.619734, 0.406459, 0.483185, -0.0498524, -0.874098, 0.000276946, -3.79339e-05, 0.00103116, -0.000947763, -0.00158296, 0.00116992, -0.0905637, 0.0123016, -0.0189747, -2.63443, -0.274041, 3.15442, -0.723097, 0.000614083, -0.00198191, -0.000555896, 0.000252099, 0.000100616, -0.000583272, -0.00145896
594287, 11.5079, 0.0162716, -0.0668378, 0.11487, -0.240166, -0.381308, 0.72389, 0.0891724, 0.413793, 0.140867, 0.03418, 0.418961, 0.016162, 0.51549, -0.0320448, 0.209481, 0.561983, 0.78322, 0.265973, 0.671356, -0.619742, 0.406448, 0.483173, -0.049854, -0.874104, -0.000333183, 0.000281734, -0.000499457, -4.48905e-05, 0.000912706, 0.000874074, -0.0905665, 0.0123055, -0.0189779, -2.63444, -0.274041, 3.15442, -0.723092, -6.13565e-06, 0.00042841, 0.000452668, -0.000775301, 4.23788e-05, 0.000311446, -0.000486161
604454, 11.5179, 0.0162758, -0.0668372, 0.114874, -0.240169, -0.381313, 0.723891, 0.0891036, 0.423561, 0.148597, 0.033858, 0.419207, 0.016291, 0.515494, -0.0320442, 0.209485, 0.561978, 0.783222, 0.265976, 0.671355, -0.61974, 0.406454, 0.48318, -0.0498536, -0.874101, 0.000177027, -0.00037339, -0.000128834, -0.000587754, -1.81067e-05, 0.000516925, -0.0905699, 0.0123078, -0.018972, -2.63443, -0.274038, 3.15442, -0.723096, -0.00149196, 0.000861785, 0.000769531, 0.000588219, -1.57539e-05, 0.000365075, -0.00134814
614682, 11.5279, 0.0162757, -0.0668382, 0.114873, -0.240169, -0.381314, 0.723887, 0.0934133, 0.416191, 0.148567, 0.033985, 0.41878, 0.016295, 0.515494, -0.0320452, 0.209484, 0.561982, 0.783219, 0.265978, 0.671352, -0.619744, 0.406453, 0.48318, -0.0498547, -0.874101, 0.000120486, -0.000574206, -8.25389e-05, 0.000871799, -0.00026468, -0.00250612, -0.0905691, 0.0123078, -0.0189751, -2.63443, -0.274041, 3.15442, -0.723089, -0.000898206, 0.000640117, -0.000205536, 0.00040097, 0.000117444, 0.000427782, 0.00154926
624977, 11.5379, 0.0162715, -0.0668365, 0.114869, -0.240165, -0.381306, 0.723893, 0.0891777, 0.418593, 0.141058, 0.033797, 0.418959, 0.016428, 0.515489, -0.0320435, 0.20948, 0.56198, 0.783223, 0.265971, 0.67136, -0.61974, 0.406447, 0.483171, -0.0498524, -0.874106, -0.000583036, -6.05345e-05, -0.000666242, -0.000483587, 0.00151802, 0.000935051, -0.0905637, 0.0123078, -0.0189776, -2.63444, -0.274037, 3.15442, -0.723097, -0.000714148, -0.000755776, -0.00130529, -0.000845222, -0.000646605, 4.54274e-05, 0.000770295
635208, 11.5489, 0.0162757, -0.0668385, 0.114874, -0.24017, -0.381313, 0.723888, 0.0891945, 0.423561, 0.148627, 0.034079, 0.418825, 0.016293, 0.515494, -0.0320455, 0.209485, 0.561981, 0.78322, 0.265977, 0.671353, -0.619743, 0.406453, 0.48318, -0.0498549, -0.874101, -0.000475387, -0.000130269, -0.00048963, -0.000584937, 0.00126768, 0.000909513, -0.0905665, 0.0123078, -0.0189779, -2.63443, -0.274038, 3.15442, -0.723094, -0.000603162, 6.61735e-05, 0.000287317, -0.00101269, 0.000132907, -0.000127064, -0.00155467
645490, 11.5589, 0.016277, -0.0668377, 0.114875, -0.24017, -0.381321, 0.723885, 0.0934297, 0.41626, 0.140956, 0.034206, 0.418907, 0.016297, 0.515495, -0.0320447, 0.209486, 0.56198, 0.783218, 0.265985, 0.671348, -0.619745, 0.406457, 0.483187, -0.0498526, -0.874096, 0.000206701, 9.33048e-05, 0.000465334, -5.72141e-05, -0.0010468, 0.00020965, -0.0905665, 0.0123088, -0.018977, -2.63443, -0.274037, 3.15443, -0.723091, 5.6835e-05, -0.000660489, 0.000133792, 0.00022189, -6.51451e-05, 0.000171187, 6.90868e-05
655773, 11.5689, 0.016275, -0.06684, 0.114871, -0.240167, -0.381311, 0.723883, 0.0849164, 0.416123, 0.140967, 0.03377, 0.419012, 0.016293, 0.515493, -0.032047, 0.209482, 0.56199, 0.783213, 0.265977, 0.671349, -0.619751, 0.406447, 0.483175, -0.0498558, -0.874103, 0.000277955, -0.00094976, 1.88306e-05, 0.000407831, -9.38078e-05, -0.00264729, -0.0905665, 0.0123134, -0.0189806, -2.63443, -0.274036, 3.15442, -0.723088, -7.15072e-05, 0.000755914, -0.00162052, 0.00104722, 0.000260689, -0.000249956, 0.000793991
666004, 11.579, 0.0162754, -0.0668388, 0.114872, -0.240167, -0.381312, 0.723885, 0.0891672, 0.423542, 0.140977, 0.033857, 0.418955, 0.016293, 0.515493, -0.0320458, 0.209483, 0.561987, 0.783215, 0.265978, 0.67135, -0.619749, 0.406449, 0.483177, -0.0498547, -0.874102, -0.000413252, -0.000886334, -0.000149665, 0.000103649, 0.000584489, -0.00194429, -0.0905667, 0.012311, -0.0189779, -2.63443, -0.274036, 3.15442, -0.723089, -0.00127904, -0.000535951, -0.000467279, -0.000900722, 0.00014398, -0.000236259, 4.65281e-05
676352, 11.5899, 0.0162757, -0.0668386, 0.114873, -0.240169, -0.381314, 0.723886, 0.0892121, 0.423622, 0.141027, 0.034301, 0.418952, 0.016295, 0.515494, -0.0320456, 0.209484, 0.561984, 0.783217, 0.265978, 0.671351, -0.619746, 0.406452, 0.483179, -0.0498548, -0.874101, 0.000145463, -0.000578818, 0.000515431, -8.98646e-05, -0.000667957, -0.00132437, -0.0905664, 0.0123082, -0.0189779, -2.63443, -0.274037, 3.15442, -0.723091, -0.000525914, -0.000919958, -0.000508734, 0.000344599, -8.07576e-05, -0.000612536, 0.000322672
686699, 11.5999, 0.0162759, -0.0668341, 0.114873, -0.240168, -0.381313, 0.723895, 0.0891938, 0.418661, 0.133447, 0.034019, 0.419085, 0.01643, 0.515494, -0.0320411, 0.209484, 0.561973, 0.783226, 0.265976, 0.67136, -0.619735, 0.406454, 0.48318, -0.0498508, -0.874101, 0.000341005, 0.00407958, 0.000339842, -0.000406806, -0.000337943, 0.00841374, -0.0905611, 0.0123082, -0.0189751, -2.63443, -0.27404, 3.15442, -0.723095, 0.00726055, -0.000695841, 0.000723532, 0.000150377, 2.61873e-05, -0.000485602, -0.000589453
696993, 11.6099, 0.0162758, -0.0668353, 0.114873, -0.240168, -0.381313, 0.723891, 0.0934134, 0.416191, 0.148567, 0.033985, 0.41878, 0.016295, 0.515494, -0.0320423, 0.209484, 0.561978, 0.783222, 0.265977, 0.671356, -0.61974, 0.406453, 0.48318, -0.0498521, -0.874101, 0.000540785, 0.000928945, 0.00074137, 7.08149e-05, -0.00148768, 0.00141734, -0.0905609, 0.0123082, -0.0189779, -2.63443, -0.274042, 3.15442, -0.723089, 0.00184068, -0.000701064, 8.13554e-05, 0.000964277, -2.10929e-06, -0.000199833, 0.000550326
707247, 11.6209, 0.0162765, -0.0668364, 0.114872, -0.240168, -0.381318, 0.723888, 0.0891752, 0.418591, 0.141056, 0.033797, 0.418959, 0.016428, 0.515495, -0.0320434, 0.209483, 0.561979, 0.78322, 0.265982, 0.671352, -0.619744, 0.406454, 0.483183, -0.049851, -0.874099, 0.000652665, -0.000546193, 0.000377908, 0.000237065, -0.00119177, -0.00148193, -0.090563, 0.0123135, -0.0189779, -2.63443, -0.274036, 3.15443, -0.723092, -0.000715203, 0.000767664, -0.000203408, 0.00170703, 9.76576e-05, 0.000229614, 0.000580434
717557, 11.6309, 0.0162748, -0.0668413, 0.11487, -0.240167, -0.38131, 0.723882, 0.0891714, 0.413793, 0.140867, 0.03418, 0.418961, 0.016162, 0.515493, -0.0320483, 0.209481, 0.561992, 0.783212, 0.265977, 0.671348, -0.619753, 0.406447, 0.483174, -0.049857, -0.874104, -0.00217827, -0.000194806, -0.00229178, 0.001053, 0.00553834, -0.00190423, -0.0905664, 0.012314, -0.0189832, -2.63443, -0.274036, 3.15442, -0.723088, 0.00105422, 0.000361757, -0.00175728, -0.00465821, 0.00034991, -0.000621003, 0.000929335
727851, 11.6409, 0.0162761, -0.0668381, 0.114871, -0.240168, -0.381315, 0.723888, 0.0891669, 0.423541, 0.140976, 0.033857, 0.418955, 0.016293, 0.515494, -0.0320451, 0.209482, 0.56198, 0.78322, 0.265979, 0.671353, -0.619743, 0.406453, 0.483181, -0.0498524, -0.8741, 0.00155599, 0.00180777, 0.00108501, -0.000566158, -0.0028026, 0.00447624, -0.0905664, 0.012316, -0.0189779, -2.63443, -0.274037, 3.15443, -0.723095, -8.72767e-05, 0.000858125, 0.00389678, 0.00343924, 0.000203122, 0.000274518, -0.000926253
738090, 11.6509, 0.0162768, -0.0668363, 0.114873, -0.240167, -0.381313, 0.723891, 0.0891674, 0.423542, 0.140977, 0.033857, 0.418955, 0.016293, 0.515494, -0.0320425, 0.209484, 0.561978, 0.783222, 0.265977, 0.671356, -0.619741, 0.406452, 0.483179, -0.0498519, -0.874101, 0.00029993, 0.000796348, 0.000670108, -0.000525933, -0.00134067, 0.00225794, -0.0905634, 0.0123089, -0.0189751, -2.63443, -0.274038, 3.15442, -0.723092, 0.000680287, -0.00106144, 0.000803317, 0.000279949, -0.000601124, 5.02294e-05, -0.000273258
748382, 11.6619, 0.0162753, -0.0668384, 0.114872, -0.240168, -0.381311, 0.723888, 0.0891768, 0.418592, 0.141057, 0.033797, 0.418959, 0.016428, 0.515493, -0.0320454, 0.209483, 0.561983, 0.783219, 0.265976, 0.671354, -0.619744, 0.40645, 0.483176, -0.0498545, -0.874102, 2.79836e-05, -0.000411441, 0.000243081, -0.000319208, -0.000347964, -0.00038105, -0.0905664, 0.0123114, -0.0189779, -2.63443, -0.274038, 3.15442, -0.723093, -0.000242316, -0.000497622, -0.000559758, 3.9318e-05, -0.000190713, -0.000163289, -0.000313648
758560, 11.6719, 0.0162755, -0.066836, 0.114872, -0.240166, -0.381311, 0.72389, 0.0892036, 0.418622, 0.148707, 0.034019, 0.418828, 0.016428, 0.515493, -0.032043, 0.209483, 0.56198, 0.783221, 0.265976, 0.671356, -0.619742, 0.40645, 0.483177, -0.0498522, -0.874102, 0.000384856, 0.00317938, 0.000354469, 0.000404337, -0.00081025, 0.00534004, -0.0905615, 0.0123114, -0.0189779, -2.63443, -0.274037, 3.15442, -0.723092, 0.00594071, -0.000426958, 0.000236364, 0.000299521, -0.000137401, 3.9966e-05, 0.00110187
768834, 11.6819, 0.0162794, -0.0668373, 0.114875, -0.24017, -0.381316, 0.723887, 0.0934127, 0.416191, 0.148566, 0.033985, 0.41878, 0.016295, 0.515497, -0.0320443, 0.209486, 0.56198, 0.783219, 0.26598, 0.671351, -0.619743, 0.406455, 0.483183, -0.0498536, -0.874099, 0.000277233, 0.000587263, 1.26723e-05, -0.000406523, -0.000124518, 0.00190094, -0.0905657, 0.0123142, -0.0189751, -2.63442, -0.274036, 3.15442, -0.723092, 0.000395488, 0.000569007, 0.000783181, 0.000699545, -4.61262e-05, 3.66016e-05, -0.000774354
779094, 11.6929, 0.0162751, -0.0668371, 0.11487, -0.240166, -0.381309, 0.723889, 0.0849079, 0.421063, 0.140887, 0.03383, 0.419009, 0.016158, 0.515493, -0.0320441, 0.209481, 0.561983, 0.783219, 0.265975, 0.671355, -0.619743, 0.406448, 0.483174, -0.049853, -0.874104, 0.000504805, 0.000252474, 0.000605291, -0.000756766, -0.0011472, 0.00165119, -0.0905636, 0.0123142, -0.0189779, -2.63443, -0.274036, 3.15442, -0.723093, 0.000724172, -0.000344574, -9.04558e-05, 0.00107752, 0.000112309, -0.000211178, -0.0013079
789393, 11.7029, 0.0162806, -0.0668387, 0.114876, -0.240172, -0.381324, 0.723882, 0.0848781, 0.41617, 0.156245, 0.033993, 0.419134, 0.016292, 0.515499, -0.0320457, 0.209487, 0.561982, 0.783216, 0.265987, 0.671345, -0.619748, 0.406459, 0.483191, -0.0498535, -0.874095, 0.000236173, -0.000450474, -4.40026e-05, 0.000960539, -0.00025345, -0.00246602, -0.0905664, 0.012315, -0.0189779, -2.63442, -0.274035, 3.15443, -0.72309, -0.000349621, 0.000780359, -0.000409826, 0.000745104, 0.000442414, 0.000194119, 0.0015358
799653, 11.7129, 0.0162746, -0.0668384, 0.114869, -0.240166, -0.381307, 0.72389, 0.0892225, 0.418683, 0.141098, 0.034241, 0.418955, 0.01643, 0.515493, -0.0320454, 0.20948, 0.561984, 0.78322, 0.265972, 0.671357, -0.619743, 0.406446, 0.483171, -0.049854, -0.874105, 0.00046971, -0.000209555, 0.000690493, -0.000413359, -0.00154494, 0.000124463, -0.0905664, 0.0123174, -0.0189779, -2.63443, -0.274038, 3.15442, -0.723094, -0.00055164, -0.000531356, 0.000139458, 0.000935807, -0.000545051, 0.000118202, -4.75371e-05
