timestamp, robot_time[1], robot_ee_pos_error[3], robot_ee_ori_error[3], sensed_forces_moments[6], robot_ee_position[3], robot_ee_orientation[9], robot_ee_linear_velocity[3], robot_ee_angular_velocity[3], joint_angles[7], joint_velocities[7], 
10285, 10.0119, 0.00770539, 0.00438593, 0.0588473, 0.127293, -0.132912, -0.674063, 0.00406742, -0.00227057, -0.00777116, 0.043739, 0.421543, 0.031304, 0.506923, 0.0391789, 0.153458, 0.724404, -0.684619, 0.0808505, -0.661869, -0.723498, -0.196165, 0.192794, 0.0885903, -0.977232, -0.000876259, 0.00536678, -0.000521118, -0.00158627, 0.00146793, 0.0164853, 0.878713, 0.193623, -0.755711, -2.47673, 0.560205, 2.77437, 0.385634, 0.00560466, -0.000328438, 0.00479985, -0.000670654, -0.00371706, -0.000434911, -0.00307128
20431, 10.0219, 0.00770682, 0.00439098, 0.0588511, 0.127239, -0.132938, -0.673908, 0.00408915, -0.00720404, -3.96369e-05, 0.043901, 0.421416, 0.03144, 0.506925, 0.039184, 0.153462, 0.724545, -0.684461, 0.0809138, -0.661717, -0.723652, -0.196106, 0.19278, 0.0885453, -0.977239, 0.000137769, 0.00121701, 0.000962141, -0.0127195, -0.000801027, 0.0325889, 0.87872, 0.193613, -0.755713, -2.47673, 0.560045, 2.77437, 0.385567, 0.000933379, -0.00322275, 0.000231117, -0.000398369, -0.0266959, -0.000362484, -0.00870101
30552, 10.0319, 0.00771605, 0.00439644, 0.0588635, 0.127186, -0.132989, -0.673727, -0.000201058, -0.00964583, -0.0153889, 0.043874, 0.421727, 0.031306, 0.506934, 0.0391894, 0.153475, 0.724707, -0.684279, 0.0810034, -0.661538, -0.723831, -0.196053, 0.192788, 0.0884944, -0.977242, -4.87422e-05, 0.000409728, 0.00095796, -0.00562784, -0.00170665, 0.0189027, 0.878724, 0.193593, -0.755715, -2.47672, 0.559853, 2.77438, 0.385492, 9.59994e-05, -0.00386588, -0.000171342, -0.00128263, -0.0131595, 0.000411058, -0.00809064
40676, 10.0419, 0.00772322, 0.00440409, 0.0588744, 0.127145, -0.133025, -0.673572, -0.00439837, -0.00720561, -0.00759825, 0.04413, 0.421645, 0.031439, 0.506941, 0.0391971, 0.153485, 0.724847, -0.684123, 0.0810712, -0.661384, -0.723983, -0.19601, 0.192789, 0.088458, -0.977245, 0.000367819, 0.00123327, 0.000846188, -0.00688979, -0.000672183, 0.0175097, 0.878726, 0.193573, -0.755712, -2.47671, 0.55969, 2.77438, 0.38543, 0.0002387, -0.00218592, 0.00115834, 0.000475502, -0.0168644, -0.000387023, -0.00156783
50796, 10.0519, 0.00773401, 0.00441124, 0.0588955, 0.127141, -0.133063, -0.67347, -0.000203572, 0.00011442, -0.00762919, 0.043773, 0.421591, 0.031437, 0.506952, 0.0392042, 0.153507, 0.724935, -0.684023, 0.0811209, -0.66128, -0.724078, -0.19601, 0.192813, 0.088451, -0.977241, 0.00108574, 0.00249052, 0.00304051, -0.00438774, -0.00507895, 0.021408, 0.878727, 0.193525, -0.755716, -2.4767, 0.559559, 2.77438, 0.385407, 0.00357165, -0.00787749, -0.00108153, 0.000325692, -0.019179, 0.000278899, -0.00248547
60915, 10.0619, 0.00773803, 0.00442118, 0.0589083, 0.127139, -0.133081, -0.673407, -0.000164289, 0.000204031, -0.00758958, 0.044217, 0.421588, 0.031439, 0.506956, 0.0392142, 0.153519, 0.724991, -0.683961, 0.0811462, -0.661216, -0.724136, -0.196008, 0.192823, 0.0884491, -0.977239, -0.00015467, 0.00181021, 0.000632446, -0.000676548, -0.000153395, 0.00717855, 0.878729, 0.193488, -0.75571, -2.4767, 0.559463, 2.77438, 0.385414, 0.00129128, -0.00281194, 0.00142594, -0.00055649, -0.00654431, -0.000507645, 0.00116101
71033, 10.0719, 0.00774945, 0.00442323, 0.0589307, 0.127158, -0.133113, -0.67336, -0.0044758, -0.00234977, -0.00772137, 0.043746, 0.421645, 0.031302, 0.506967, 0.0392162, 0.153542, 0.725029, -0.683918, 0.0811751, -0.661165, -0.724176, -0.196036, 0.192857, 0.0884614, -0.977231, 0.0013407, -0.000246834, 0.00231241, 0.000901319, -0.00427784, 0.00394765, 0.878722, 0.193437, -0.755716, -2.47669, 0.55939, 2.77438, 0.385405, -0.00165947, -0.00488173, -0.000602601, 0.00150234, -0.00555615, -0.000267238, -0.00121714
81151, 10.0819, 0.00775976, 0.00443223, 0.0589517, 0.127191, -0.133138, -0.673337, 0.00402706, -0.00721063, -4.34639e-05, 0.043901, 0.421416, 0.03144, 0.506981, 0.0392212, 0.153566, 0.725039, -0.683905, 0.0811987, -0.66114, -0.724186, -0.196085, 0.192907, 0.0884858, -0.977219, 0.00242467, 0.000122534, 0.00383294, 0.00551506, -0.00810395, -0.00161186, 0.878722, 0.193383, -0.755722, -2.47668, 0.559353, 2.77439, 0.38541, -0.00090607, -0.00725999, -0.00140232, 0.00296649, -0.000278383, 0.000380311, -0.000100163
91270, 10.0929, 0.00777145, 0.00444017, 0.0589766, 0.127246, -0.133163, -0.673331, -0.00444282, -0.00724603, 3.53383e-06, 0.043909, 0.421518, 0.031438, 0.506989, 0.0392332, 0.153588, 0.725044, -0.683899, 0.0811929, -0.661124, -0.724185, -0.196141, 0.192939, 0.0885324, -0.977208, 0.000610613, 0.000919891, 0.00179959, 0.00400685, -0.00310186, 0.000128218, 0.878723, 0.193329, -0.755718, -2.47667, 0.559351, 2.77438, 0.385407, -0.000404769, -0.00508883, 0.000741686, 0.000184369, -0.000376607, -0.000159302, 0.000579826
101388, 10.1029, 0.00777773, 0.00444833, 0.0589961, 0.127291, -0.13318, -0.673317, -0.000219999, 0.000155233, -0.00763874, 0.043773, 0.421591, 0.031437, 0.506996, 0.0392413, 0.153607, 0.725053, -0.68389, 0.0811937, -0.661105, -0.724189, -0.196191, 0.192973, 0.0885713, -0.977198, 0.00125171, 0.00121512, 0.00268493, 0.00241155, -0.0055339, 0.00482501, 0.878724, 0.193274, -0.755718, -2.47667, 0.559343, 2.77438, 0.385398, 0.000339833, -0.0064841, 0.00019278, 0.000778608, -0.00453345, 0.000898091, -0.000447248
111506, 10.1129, 0.00778434, 0.00444936, 0.059015, 0.127333, -0.133197, -0.673322, -0.00445181, -0.00228355, -8.09786e-05, 0.043969, 0.421514, 0.031302, 0.507002, 0.0392424, 0.153626, 0.725044, -0.683899, 0.0811928, -0.661104, -0.724176, -0.196241, 0.193007, 0.0886063, -0.977188, 0.000117734, -0.000995279, 0.00110705, 0.00220158, -0.00168989, -0.00203238, 0.878719, 0.193222, -0.755725, -2.47667, 0.55934, 2.77438, 0.385397, -0.000795505, -0.00382431, -0.001955, -0.000999228, -0.000675639, -4.99573e-05, -0.000230974
121625, 10.1229, 0.00778929, 0.00445932, 0.0590311, 0.127372, -0.133212, -0.673299, -0.00445219, -0.0022741, -8.29082e-05, 0.043969, 0.421514, 0.031302, 0.507007, 0.0392523, 0.153642, 0.725062, -0.683881, 0.0811945, -0.661077, -0.724189, -0.196283, 0.193034, 0.0886411, -0.97718, 0.00018099, 0.000911058, 0.0013917, 0.00296997, -0.00236677, 0.00288781, 0.878724, 0.193176, -0.755723, -2.47667, 0.559336, 2.77438, 0.385378, 0.00148317, -0.00450121, -0.000802222, -0.000595088, 8.36127e-05, -0.0002716, -0.0023547
131744, 10.1329, 0.00779547, 0.004468, 0.0590504, 0.127416, -0.133231, -0.673269, -0.0044532, -0.0022631, -8.52025e-05, 0.043969, 0.421514, 0.031302, 0.507013, 0.039261, 0.153661, 0.725086, -0.683855, 0.081199, -0.661042, -0.724209, -0.196331, 0.193067, 0.0886811, -0.97717, 0.000684815, 0.00194101, 0.00295601, 0.00551467, -0.00564243, 0.010018, 0.878724, 0.193121, -0.755721, -2.47667, 0.55933, 2.77438, 0.385345, 0.00070211, -0.00910547, 0.000650549, -0.000432661, 8.76198e-05, -0.000478214, -0.00894134
141864, 10.1429, 0.00779886, 0.0044683, 0.0590636, 0.127445, -0.133238, -0.673246, -0.00444378, -0.00719645, -6.50436e-06, 0.043909, 0.421518, 0.031438, 0.507017, 0.0392613, 0.153675, 0.725105, -0.683835, 0.0811972, -0.661016, -0.724224, -0.196361, 0.193083, 0.0887096, -0.977164, 0.00157414, -0.000241413, 0.00262969, 0.00407244, -0.00565675, -0.000304419, 0.878714, 0.193081, -0.755723, -2.47667, 0.559322, 2.77437, 0.38531, -0.00209071, -0.00547844, -0.0002061, 0.00170784, 0.000306384, 0.000269353, -0.00211596
151984, 10.1529, 0.00780348, 0.00447552, 0.0590781, 0.127476, -0.133256, -0.673203, -0.0044829, -0.00226892, -0.00773819, 0.043746, 0.421645, 0.031302, 0.507021, 0.0392685, 0.153689, 0.725141, -0.683795, 0.0812066, -0.660968, -0.724258, -0.196394, 0.193108, 0.0887386, -0.977157, 0.000683342, 8.99851e-05, 0.00113595, 0.00135027, -0.00264264, 0.00227303, 0.878718, 0.19304, -0.755724, -2.47667, 0.559315, 2.77437, 0.385261, -0.000585562, -0.00232196, -2.50879e-05, 0.000792108, 0.000156038, 0.00011358, -0.00299866
162104, 10.1629, 0.0078071, 0.00448509, 0.0590903, 0.127497, -0.133273, -0.673136, -0.00445853, -0.00224417, -8.94497e-05, 0.043969, 0.421514, 0.031302, 0.507025, 0.0392781, 0.153701, 0.7252, -0.683731, 0.0812226, -0.660899, -0.724316, -0.196415, 0.193126, 0.0887603, -0.977151, 0.000938463, 0.00142741, 0.00285358, 0.00315063, -0.00565125, 0.00944161, 0.878724, 0.193005, -0.755721, -2.47667, 0.559295, 2.77437, 0.385197, 0.000427462, -0.0080102, 0.000184151, 8.89896e-06, -0.00356491, 0.000213557, -0.00593991
172251, 10.1739, 0.00781036, 0.00448744, 0.0590999, 0.127509, -0.133291, -0.673073, -0.000203712, 0.000238687, -3.71392e-07, 0.043995, 0.421461, 0.031438, 0.507028, 0.0392804, 0.153711, 0.725255, -0.68367, 0.0812412, -0.660834, -0.724372, -0.196428, 0.193141, 0.0887734, -0.977147, 0.000643246, 5.00719e-06, 0.000475142, -0.00247899, -0.00176369, 0.0119244, 0.878721, 0.192978, -0.755721, -2.47667, 0.559275, 2.77437, 0.385126, -0.000602059, 0.000126519, 0.000149466, 0.00161216, -0.00135609, -0.000694042, -0.0111533
182370, 10.1839, 0.0078127, 0.0044949, 0.0591079, 0.127515, -0.13331, -0.672973, -0.00446894, -0.00224069, -9.10141e-05, 0.043969, 0.421514, 0.031302, 0.507031, 0.0392879, 0.153719, 0.725345, -0.683571, 0.0812688, -0.660732, -0.724464, -0.196431, 0.193151, 0.0887832, -0.977144, 0.000223882, 0.000472191, 0.000658892, -0.00158111, -0.00167675, 0.0107354, 0.878727, 0.192955, -0.755719, -2.47667, 0.559247, 2.77437, 0.385021, 0.000775937, -0.00169847, -0.000403464, 0.000140765, -0.00263609, -0.000228197, -0.00822736
192493, 10.1939, 0.00781301, 0.00449546, 0.0591123, 0.127512, -0.133317, -0.672899, -0.00447243, -0.00224244, -9.09536e-05, 0.043969, 0.421514, 0.031302, 0.507031, 0.0392885, 0.153723, 0.725413, -0.683498, 0.0812842, -0.660659, -0.724533, -0.196423, 0.193148, 0.0887865, -0.977144, 0.000765688, 0.00108832, 0.00109087, -0.0030767, -0.00236069, 0.013798, 0.878724, 0.19294, -0.755721, -2.47667, 0.559216, 2.77436, 0.384943, 0.000660316, -0.00176899, 0.000514963, 0.00141762, -0.00693324, -0.000371683, -0.00658816
202611, 10.2039, 0.00781406, 0.00449859, 0.0591155, 0.127498, -0.133332, -0.672812, -0.00447909, -0.00224631, -9.0729e-05, 0.043969, 0.421514, 0.031302, 0.507032, 0.0392916, 0.153726, 0.725492, -0.68341, 0.0813138, -0.660572, -0.724617, -0.196406, 0.193147, 0.0887772, -0.977145, 0.00033772, 0.00044362, 0.000359388, -0.00305519, -0.00155896, 0.0124281, 0.878727, 0.192931, -0.755721, -2.47667, 0.559166, 2.77436, 0.38487, 0.00121223, -0.000158862, -0.000569645, 0.00070259, -0.00266363, -4.84917e-05, -0.00960819
212747, 10.2139, 0.00781081, 0.00449963, 0.0591158, 0.127476, -0.133343, -0.672711, -0.000253752, 0.000197161, -0.00764997, 0.043773, 0.421591, 0.031437, 0.507029, 0.0392926, 0.153727, 0.725585, -0.683308, 0.0813433, -0.660473, -0.724715, -0.196377, 0.193136, 0.0887631, -0.977149, -1.97109e-05, 0.000832176, 0.000850103, -0.00404098, -0.00123317, 0.0172119, 0.878724, 0.192919, -0.755718, -2.47668, 0.5591, 2.77436, 0.384787, 0.00100152, -0.00315014, -0.000301953, -0.000612182, -0.00961036, -0.000559318, -0.00844531
222878, 10.2239, 0.00780972, 0.00450222, 0.0591161, 0.12744, -0.133354, -0.672579, -0.000235683, 0.000216764, 1.37404e-06, 0.043995, 0.421461, 0.031438, 0.507028, 0.0392952, 0.153727, 0.725708, -0.683173, 0.0813829, -0.660344, -0.724845, -0.196331, 0.193118, 0.088738, -0.977155, -2.59146e-05, 0.00514034, 0.000660222, -0.00471053, -0.0017409, 0.02682, 0.878724, 0.192915, -0.755717, -2.47668, 0.559004, 2.77435, 0.384691, 0.00549754, -0.0022577, 0.00379341, 0.000211905, -0.00984016, 0.000302092, -0.00938435
232994, 10.2339, 0.00780707, 0.00450744, 0.0591126, 0.127397, -0.133366, -0.672413, -0.00450494, -0.00227566, -8.69839e-05, 0.043969, 0.421514, 0.031302, 0.507025, 0.0393004, 0.153724, 0.725861, -0.683004, 0.0814283, -0.660182, -0.725007, -0.196276, 0.193093, 0.0887113, -0.977162, -4.69545e-05, 0.000198422, -0.000130668, -0.00625409, -6.77511e-05, 0.0157308, 0.878729, 0.192921, -0.755713, -2.47668, 0.55892, 2.77434, 0.384546, 0.000838251, 0.000460156, -0.000437282, -5.42015e-06, -0.00831923, -5.36647e-05, -0.00836357
243110, 10.2439, 0.00780261, 0.00451106, 0.0591098, 0.127348, -0.133391, -0.67219, -0.00452006, -0.00228991, -8.53842e-05, 0.043969, 0.421514, 0.031302, 0.507021, 0.0393041, 0.153721, 0.726066, -0.682778, 0.0814953, -0.659963, -0.725224, -0.196212, 0.193072, 0.0886794, -0.977169, -0.00046377, 0.000883241, 3.46927e-05, -0.0108152, 0.00043515, 0.0289237, 0.878733, 0.192918, -0.75571, -2.47669, 0.558817, 2.77434, 0.384334, 0.000563711, -0.00157601, 0.000687413, -0.00122916, -0.0192096, -0.000277862, -0.0115784
253227, 10.2539, 0.00779379, 0.00451071, 0.0591009, 0.127287, -0.1334, -0.671941, -0.00453325, -0.00230897, -8.26572e-05, 0.043969, 0.421514, 0.031302, 0.507012, 0.0393037, 0.153712, 0.726299, -0.682523, 0.0815538, -0.65972, -0.725468, -0.196128, 0.193027, 0.088645, -0.977181, -0.0023612, 0.000569837, -0.00201657, -0.0116545, 0.00656223, 0.0365234, 0.878731, 0.192926, -0.755709, -2.4767, 0.558715, 2.77432, 0.384077, 0.00100813, 0.000917773, 0.000100215, -0.00309688, -0.015119, -0.00454553, -0.0226746
263343, 10.2649, 0.00779288, 0.00451264, 0.059101, 0.127207, -0.133456, -0.671509, -0.00456274, -0.00233235, -8.04285e-05, 0.043969, 0.421514, 0.031302, 0.507011, 0.0393056, 0.153712, 0.726694, -0.682088, 0.0816845, -0.659293, -0.725884, -0.196024, 0.192999, 0.0885957, -0.977191, -0.000407375, -0.000972155, -0.000444722, -0.0140059, -0.00253789, 0.0517966, 0.87873, 0.192923, -0.755709, -2.4767, 0.55855, 2.77431, 0.383628, -0.00193535, 0.000180994, 0.000140118, -0.000987113, -0.00929295, -7.20354e-05, -0.0468031
273460, 10.2749, 0.00778495, 0.00451598, 0.0590949, 0.127115, -0.133498, -0.671037, -0.000372309, -0.00972064, -0.000137146, 0.043874, 0.42147, 0.031305, 0.507003, 0.039309, 0.153706, 0.727127, -0.681611, 0.0818111, -0.65883, -0.726338, -0.195899, 0.192949, 0.0885439, -0.977205, -0.000138018, 0.00145313, -0.000274057, -0.0162738, -0.00209732, 0.0657641, 0.87873, 0.192923, -0.755706, -2.47671, 0.558375, 2.77429, 0.383135, -0.00152298, 0.000323276, 0.00364319, 0.00086918, -0.0141168, -0.00213903, -0.0523482
283575, 10.2849, 0.00777799, 0.00452344, 0.0590894, 0.127004, -0.133549, -0.670432, -0.00462637, -0.00239561, -7.30764e-05, 0.043969, 0.421514, 0.031302, 0.506996, 0.0393164, 0.1537, 0.727684, -0.680998, 0.0819665, -0.658234, -0.72692, -0.195744, 0.192884, 0.0884866, -0.977224, -0.00175834, 0.00229766, -0.00125784, -0.0221003, 0.00493201, 0.0921812, 0.878736, 0.192926, -0.755706, -2.47671, 0.558163, 2.77425, 0.382497, 0.0014764, 0.000359605, 0.000950703, 0.000420795, -0.0241382, -0.0107102, -0.0689473
293761, 10.2949, 0.00775533, 0.00453057, 0.0590748, 0.126878, -0.133522, -0.669768, -0.0131167, -0.00248242, -1.54101e-05, 0.043977, 0.421616, 0.0313, 0.506973, 0.0393236, 0.153686, 0.728308, -0.680319, 0.0820565, -0.657589, -0.727559, -0.195537, 0.192728, 0.0884514, -0.977257, -0.0030272, 0.00087921, -0.00203947, -0.0190676, 0.00942948, 0.0859945, 0.878728, 0.192923, -0.755711, -2.47671, 0.557909, 2.77411, 0.381799, -0.000283956, -0.000336541, -0.000382658, -0.00140921, -0.0212688, -0.0143542, -0.0679603
303877, 10.3049, 0.00773513, 0.00454888, 0.059063, 0.126744, -0.1335, -0.669034, -0.0131405, -0.00253212, -7.47124e-06, 0.043977, 0.421616, 0.0313, 0.506953, 0.0393419, 0.153674, 0.728996, -0.67957, 0.082162, -0.656874, -0.728264, -0.195316, 0.192567, 0.0884147, -0.977293, -0.00158635, 0.0012009, -0.00104107, -0.0263882, 0.00353084, 0.101386, 0.87873, 0.192918, -0.755709, -2.4767, 0.557618, 2.77396, 0.381058, 0.000226246, -0.000143981, 0.000116954, 1.2259e-05, -0.0297058, -0.00961298, -0.0758139
313993, 10.3149, 0.00770608, 0.0045629, 0.0590448, 0.126596, -0.133466, -0.668293, -0.00897567, 0.00485396, 0.00764143, 0.044064, 0.421811, 0.031299, 0.506924, 0.0393559, 0.153656, 0.729691, -0.678811, 0.0822604, -0.656155, -0.728976, -0.195077, 0.192387, 0.0883705, -0.977332, -0.00171167, 0.00172531, -0.00082049, -0.0243041, 0.00517208, 0.103185, 0.878728, 0.19291, -0.755708, -2.47671, 0.557311, 2.77381, 0.380313, 1.58468e-05, -0.00111278, 0.000372947, 0.000798089, -0.028957, -0.0130425, -0.0776351
324110, 10.3249, 0.007678, 0.00457467, 0.0590261, 0.126438, -0.133429, -0.667502, -0.00898218, 0.00485599, 4.10142e-05, 0.044286, 0.421938, 0.0313, 0.506896, 0.0393677, 0.153637, 0.730431, -0.678002, 0.0823645, -0.655388, -0.729734, -0.19482, 0.192193, 0.0883221, -0.977375, -0.00168784, 0.00160831, -0.000572208, -0.0283123, 0.00470628, 0.113505, 0.878725, 0.192909, -0.755714, -2.47671, 0.556988, 2.77364, 0.37951, 0.000219147, -0.0019388, -0.000304823, 0.000533593, -0.0360062, -0.0130384, -0.0825101
334241, 10.3359, 0.00765124, 0.00458228, 0.0590068, 0.126275, -0.133408, -0.66665, -0.0132061, 0.00229713, -0.0076597, 0.044258, 0.42174, 0.031167, 0.506869, 0.0393753, 0.153618, 0.731222, -0.677133, 0.0824928, -0.654559, -0.730547, -0.194559, 0.192007, 0.0882699, -0.977416, -0.00451622, 0.00219097, -0.00324411, -0.0264879, 0.0183825, 0.122309, 0.878717, 0.192913, -0.75572, -2.47671, 0.556679, 2.77348, 0.378607, -1.23385e-05, 0.000741484, -0.00024627, 0.000138105, -0.0337815, -0.0264626, -0.0916363
344357, 10.3459, 0.00761883, 0.00459569, 0.0589825, 0.126101, -0.133384, -0.665734, -0.0175108, 0.00468413, 0.000110237, 0.044294, 0.422039, 0.031298, 0.506837, 0.0393887, 0.153594, 0.732072, -0.676198, 0.0826289, -0.653667, -0.731419, -0.19428, 0.191808, 0.0882153, -0.97746, -0.00519545, 0.000171681, -0.00424232, -0.0319322, 0.0104186, 0.120119, 0.878717, 0.192919, -0.75572, -2.47672, 0.556362, 2.77332, 0.377636, 9.52289e-05, 0.00112607, -2.46721e-05, -0.00698169, -0.0301284, -0.0106212, -0.0956634
354473, 10.3559, 0.00759598, 0.00461539, 0.0589676, 0.125964, -0.133369, -0.664866, -0.0174748, 0.00461138, -0.00750166, 0.044293, 0.421788, 0.0313, 0.506814, 0.0394084, 0.153579, 0.732873, -0.675314, 0.0827531, -0.652818, -0.732239, -0.194046, 0.191637, 0.0881888, -0.977496, -0.00361067, 0.000828238, -0.00267645, -0.0259608, 0.0125366, 0.121617, 0.878719, 0.192919, -0.755715, -2.47671, 0.556101, 2.77316, 0.376693, -0.00312802, 0.000448662, 0.001084, -3.43184e-05, -0.0269416, -0.0210699, -0.0996391
364588, 10.3659, 0.00756449, 0.00462781, 0.0589463, 0.125818, -0.133354, -0.663905, -0.0217888, 0.0119443, 0.000197048, 0.044388, 0.422084, 0.031296, 0.506782, 0.0394208, 0.153557, 0.733757, -0.674337, 0.0828902, -0.65188, -0.733142, -0.193793, 0.191452, 0.0881628, -0.977534, -0.00474509, 0.00482228, -0.00284067, -0.0250294, 0.014246, 0.141931, 0.878719, 0.192917, -0.755718, -2.47672, 0.555855, 2.773, 0.375599, 0.00572401, -0.000847306, -0.000622918, -0.000755989, -0.0229949, -0.0250559, -0.116028
374703, 10.3759, 0.00752696, 0.00464415, 0.0589197, 0.125669, -0.133313, -0.662908, -0.0217979, 0.0119438, -0.00740318, 0.04461, 0.422211, 0.031297, 0.506745, 0.0394372, 0.153531, 0.734676, -0.673321, 0.0830058, -0.650907, -0.734077, -0.193525, 0.191237, 0.0881494, -0.977578, -0.00293129, 0.00115723, -0.00214073, -0.0284659, 0.00693945, 0.135532, 0.878717, 0.192919, -0.755715, -2.47673, 0.555619, 2.77281, 0.374452, -0.000981488, 0.000471296, 0.000308703, 3.7375e-05, -0.0226279, -0.0170723, -0.116843
384820, 10.3859, 0.00748596, 0.00466245, 0.0588909, 0.12551, -0.133272, -0.661784, -0.0217726, 0.0167978, -0.0151027, 0.044669, 0.421956, 0.031164, 0.506704, 0.0394554, 0.153502, 0.735708, -0.672177, 0.0831374, -0.649809, -0.735126, -0.193233, 0.191003, 0.0881397, -0.977624, -0.00465299, 0.001564, -0.0034422, -0.0293095, 0.0122662, 0.149736, 0.878722, 0.192922, -0.755718, -2.47674, 0.555377, 2.7726, 0.373141, 0.000491671, 0.000906018, -0.000725521, -0.00150852, -0.0210857, -0.0225112, -0.13163
394936, 10.3959, 0.00744524, 0.00468029, 0.0588627, 0.12534, -0.133252, -0.660507, -0.0217982, 0.0216777, 0.000417912, 0.044953, 0.422071, 0.031431, 0.506663, 0.0394733, 0.153474, 0.736872, -0.67088, 0.0833088, -0.648558, -0.736311, -0.192922, 0.190769, 0.0881281, -0.977671, -0.00271891, -0.000909256, -0.00202546, -0.0390337, 0.00319379, 0.176321, 0.878719, 0.192922, -0.755715, -2.47675, 0.555122, 2.77239, 0.371634, -0.00392699, 0.000380658, -0.000839063, -2.54915e-05, -0.0276396, -0.0168976, -0.158356
405051, 10.4059, 0.00741069, 0.00469792, 0.0588386, 0.125172, -0.133251, -0.659206, -0.0260283, 0.0241093, -0.0149723, 0.045207, 0.421997, 0.031163, 0.506629, 0.0394909, 0.15345, 0.738049, -0.669561, 0.0834999, -0.647282, -0.737512, -0.192619, 0.190552, 0.0881142, -0.977715, -0.00410978, 0.00146743, -0.00314973, -0.0425534, 0.00826514, 0.197368, 0.878719, 0.192925, -0.755715, -2.47675, 0.554874, 2.77219, 0.370094, -0.000427237, 0.00125344, -0.000236497, -0.000455488, -0.0320473, -0.0221818, -0.171074
415167, 10.4169, 0.00736382, 0.00472374, 0.0588085, 0.124931, -0.133301, -0.657159, -0.0176175, 0.0290317, -0.00742969, 0.045482, 0.421762, 0.03103, 0.506582, 0.0395167, 0.15342, 0.739883, -0.667491, 0.0838419, -0.645266, -0.739389, -0.192187, 0.190274, 0.0880952, -0.97777, -0.00462377, 0.00337002, -0.00340868, -0.0465563, 0.00440665, 0.239663, 0.87872, 0.192917, -0.75571, -2.47676, 0.554533, 2.77194, 0.367635, 0.000913697, 0.000689687, 0.00226945, -0.00121822, -0.0237037, -0.0220646, -0.217884
425283, 10.4269, 0.00733191, 0.00473702, 0.0587872, 0.124708, -0.133409, -0.655154, -0.0134457, 0.031414, -0.00732996, 0.045509, 0.421708, 0.031166, 0.50655, 0.03953, 0.153398, 0.741659, -0.665468, 0.0842284, -0.643286, -0.741213, -0.191798, 0.190067, 0.0880656, -0.977813, -0.00310875, 0.00238402, -0.00214387, -0.0560285, -0.00242344, 0.279685, 0.878719, 0.192917, -0.755717, -2.47676, 0.55425, 2.77175, 0.365176, 0.000150585, 0.000453353, 0.000533668, 0.00138105, -0.0277852, -0.0214399, -0.257492
435399, 10.4369, 0.00730113, 0.00475038, 0.0587657, 0.124481, -0.13355, -0.652951, -0.00507467, 0.0313738, -0.00737083, 0.045501, 0.421606, 0.031168, 0.506519, 0.0395434, 0.153377, 0.743593, -0.66325, 0.0846669, -0.641107, -0.743201, -0.191398, 0.189869, 0.0880416, -0.977854, -0.00232517, 0.0011457, -0.00183121, -0.0598958, -0.00907187, 0.289829, 0.878719, 0.19292, -0.755722, -2.47676, 0.553999, 2.77157, 0.362433, 0.00103464, 0.00134365, -0.00127697, 0.000754698, -0.023261, -0.0150692, -0.273798
445514, 10.4469, 0.00727119, 0.00475647, 0.0587481, 0.12427, -0.133714, -0.65069, -0.000921383, 0.028778, -0.00752307, 0.045244, 0.42118, 0.031034, 0.506489, 0.0395495, 0.153359, 0.745564, -0.660975, 0.0851266, -0.638866, -0.745226, -0.191018, 0.189697, 0.0880315, -0.977888, -0.00249518, -0.000306889, -0.00122701, -0.0586346, -0.0118364, 0.295383, 0.878711, 0.192909, -0.755731, -2.47677, 0.553792, 2.77141, 0.359565, -0.000587252, -0.00167563, -0.0026484, -0.00108808, -0.0190761, -0.0138587, -0.28661
455630, 10.4569, 0.00724995, 0.00475917, 0.0587305, 0.124052, -0.133935, -0.648264, 0.00315926, 0.0212617, 3.32766e-05, 0.044928, 0.421008, 0.031035, 0.506468, 0.0395522, 0.153342, 0.747655, -0.658539, 0.08566, -0.636457, -0.747382, -0.190635, 0.189561, 0.0880105, -0.977916, -0.00156318, -0.00063719, -0.00131779, -0.063485, -0.0184299, 0.317608, 0.8787, 0.19292, -0.755733, -2.47677, 0.553635, 2.77129, 0.356446, -0.00131648, 0.000935026, -0.00122753, -9.74869e-05, -0.0111094, -0.00899903, -0.31625
465746, 10.4669, 0.00722676, 0.00476733, 0.0587152, 0.12385, -0.134177, -0.645698, 0.00296513, 0.0113076, -0.00777143, 0.044584, 0.421148, 0.030902, 0.506445, 0.0395603, 0.153326, 0.74985, -0.655965, 0.086219, -0.633906, -0.749642, -0.190262, 0.189439, 0.0880135, -0.97794, -0.00231779, 0.00125703, -0.00133709, -0.0661305, -0.0182767, 0.3467, 0.878694, 0.192916, -0.755729, -2.47678, 0.553523, 2.77118, 0.353119, -0.000692151, -0.00111689, 0.000952108, -0.000784253, -0.0121845, -0.0118712, -0.341877
475862, 10.4769, 0.00721351, 0.004768, 0.0587069, 0.123649, -0.13446, -0.642952, 0.0027902, 0.00619304, -0.00773729, 0.04408, 0.421154, 0.031035, 0.506432, 0.039561, 0.153318, 0.752178, -0.653214, 0.0868348, -0.631173, -0.75204, -0.189888, 0.189341, 0.0880215, -0.977958, -0.00156986, 0.000860586, -0.000962645, -0.0685987, -0.0224155, 0.369863, 0.87869, 0.192917, -0.755744, -2.47677, 0.553444, 2.77107, 0.349522, -2.40506e-05, -2.11413e-05, -0.000537859, 0.00109225, -0.00424557, -0.0122396, -0.373029
485977, 10.4869, 0.00719309, 0.00476525, 0.058694, 0.123441, -0.134765, -0.639997, -0.00166388, 0.00372411, -0.00780324, 0.044276, 0.421587, 0.0309, 0.506411, 0.0395582, 0.153305, 0.754663, -0.650254, 0.0874911, -0.62823, -0.754599, -0.189494, 0.18924, 0.0880392, -0.977976, -0.00147716, -0.000370006, -0.00107813, -0.0751928, -0.0277212, 0.391683, 0.878678, 0.192912, -0.755753, -2.47678, 0.553399, 2.77097, 0.345622, -0.00258688, -0.000189323, 0.00083351, -0.000830241, -0.00467923, -0.00668528, -0.3973
496110, 10.4979, 0.00717941, 0.00476165, 0.0586867, 0.123217, -0.135152, -0.636547, -0.00605969, 0.00104704, 1.95669e-05, 0.044029, 0.421511, 0.031167, 0.506397, 0.0395547, 0.153298, 0.757532, -0.646801, 0.0882791, -0.62479, -0.757557, -0.189063, 0.189163, 0.0880656, -0.977989, -0.00147219, 0.00268117, -0.000407985, -0.0742194, -0.026386, 0.412261, 0.87867, 0.192906, -0.755768, -2.47678, 0.553387, 2.77088, 0.341054, 0.000565476, -0.00183613, 0.00166596, 0.00154767, -0.00450617, -0.0131484, -0.413127
506226, 10.5079, 0.00716531, 0.00475367, 0.0586773, 0.123008, -0.135492, -0.633426, -0.0146702, 0.000966946, -0.0075274, 0.044258, 0.42174, 0.031167, 0.506383, 0.0395467, 0.153288, 0.760107, -0.643677, 0.0889815, -0.621679, -0.760211, -0.188664, 0.189083, 0.0880869, -0.978002, -0.00112055, -0.00254934, -0.000757068, -0.07664, -0.0305133, 0.401095, 0.878655, 0.192906, -0.755783, -2.47678, 0.553377, 2.77079, 0.336926, -0.00443768, -0.000426491, -0.00149497, -0.000790458, -0.0006099, -0.00614006, -0.414792
516344, 10.5179, 0.00715332, 0.00475604, 0.0586725, 0.122804, -0.135857, -0.63017, -0.019105, 0.00334698, -0.00769521, 0.044292, 0.42179, 0.030896, 0.506371, 0.039549, 0.153284, 0.762768, -0.640419, 0.0897167, -0.618431, -0.762954, -0.188265, 0.189018, 0.0881191, -0.978012, -0.00165192, 0.000476412, -0.000724116, -0.0786322, -0.0301257, 0.429109, 0.878654, 0.192895, -0.755793, -2.47678, 0.553373, 2.77071, 0.332649, 0.000137873, -0.00131749, -0.00105516, -0.000297691, 9.34615e-05, -0.00989481, -0.438293
526465, 10.5279, 0.00714038, 0.00475988, 0.0586654, 0.122577, -0.136252, -0.626636, -0.0150068, 0.010688, -2.27479e-05, 0.044601, 0.421603, 0.030896, 0.506358, 0.0395529, 0.153276, 0.765629, -0.636883, 0.0905133, -0.614907, -0.765905, -0.187827, 0.188948, 0.0881483, -0.978023, -0.00155708, 0.00205524, 0.000273927, -0.0813829, -0.0328013, 0.457849, 0.878648, 0.192889, -0.755794, -2.47678, 0.553366, 2.77063, 0.328031, -0.000314478, -0.00491559, 0.00115082, -0.000149142, -0.00335025, -0.0114413, -0.462644
536584, 10.5379, 0.00712755, 0.00477108, 0.0586567, 0.122328, -0.136687, -0.622816, -0.0109251, 0.0131207, -0.00754034, 0.044849, 0.421676, 0.031033, 0.506346, 0.0395641, 0.153268, 0.76869, -0.633061, 0.0913791, -0.611097, -0.769064, -0.187351, 0.188881, 0.0881735, -0.978033, -0.000974314, 0.00172054, 2.55012e-05, -0.0919782, -0.0408384, 0.498462, 0.878656, 0.19289, -0.755791, -2.47678, 0.553362, 2.77056, 0.323073, 0.000944136, -0.00256996, 0.00101988, -0.000558135, 3.68384e-05, -0.00516804, -0.506991
546702, 10.5479, 0.00711552, 0.00478323, 0.0586505, 0.122079, -0.137133, -0.618894, -0.00686756, 0.010492, -0.00769825, 0.044592, 0.421249, 0.0309, 0.506334, 0.0395762, 0.153262, 0.771799, -0.629137, 0.092263, -0.607185, -0.772273, -0.186869, 0.188819, 0.0882047, -0.978043, -0.00164086, 0.000519437, -0.00127247, -0.0943227, -0.0372007, 0.500439, 0.878664, 0.192884, -0.755788, -2.47678, 0.55336, 2.77049, 0.318002, 0.000543026, 0.00060959, -0.000420583, -0.000558731, 0.000390199, -0.00752247, -0.510815
556817, 10.5579, 0.00711204, 0.00479887, 0.0586522, 0.121827, -0.13762, -0.614837, -0.00290429, 0.00293289, -0.00780742, 0.044054, 0.421208, 0.0309, 0.50633, 0.0395919, 0.153263, 0.774976, -0.625081, 0.0931969, -0.603135, -0.775557, -0.186386, 0.188786, 0.0882342, -0.978046, -0.00138154, 0.000384902, -0.000712273, -0.0972643, -0.0400934, 0.516878, 0.878673, 0.192872, -0.75578, -2.47677, 0.553351, 2.77044, 0.312791, 0.000464047, -0.000785179, -0.000850836, -0.00068407, -0.000858311, -0.00680933, -0.527163
566933, 10.5679, 0.00710657, 0.00481704, 0.0586514, 0.121548, -0.138157, -0.610431, -0.0031754, -0.00702641, -0.00795676, 0.043933, 0.421217, 0.030767, 0.506325, 0.03961, 0.153262, 0.778386, -0.620675, 0.0942168, -0.598736, -0.779085, -0.185857, 0.18876, 0.0882576, -0.978049, -0.00133223, 0.00198808, -0.000777426, -0.107096, -0.0467477, 0.554103, 0.87869, 0.192862, -0.755769, -2.47677, 0.553347, 2.77041, 0.307157, 0.00366228, -0.000670579, 0.000517306, -0.00248629, -0.00373399, -0.00037178, -0.559275
577050, 10.5779, 0.00710296, 0.00483773, 0.058653, 0.121263, -0.138721, -0.605856, -0.0034503, -0.0121791, -0.00792662, 0.043429, 0.421224, 0.030901, 0.506321, 0.0396307, 0.153264, 0.781883, -0.616102, 0.0952756, -0.594167, -0.782703, -0.185313, 0.188744, 0.0882837, -0.97805, 5.34567e-05, 0.00212546, 0.000644524, -0.107642, -0.0519622, 0.573259, 0.878702, 0.192847, -0.755748, -2.47677, 0.553344, 2.77039, 0.301336, 0.00129616, -0.00219107, 0.00202518, 0.000326121, 4.54814e-05, -0.000962448, -0.582617
587165, 10.5889, 0.00710403, 0.00486225, 0.0586587, 0.120953, -0.139338, -0.600879, -0.00369708, 0.00257786, -0.000176914, 0.044055, 0.42146, 0.030899, 0.506322, 0.0396553, 0.15327, 0.785637, -0.611128, 0.0964269, -0.589197, -0.78659, -0.184724, 0.188738, 0.0883112, -0.978049, -0.000903214, 0.00340616, -7.09251e-05, -0.10676, -0.0486328, 0.572453, 0.87872, 0.192831, -0.755728, -2.47676, 0.553336, 2.77037, 0.295043, 0.00378274, -0.00191068, 0.00205961, -0.000704245, -0.000230127, -0.00289791, -0.578819
597281, 10.5989, 0.00710092, 0.00487867, 0.0586606, 0.120656, -0.139902, -0.596252, -0.00815493, 0.00982112, -0.00011669, 0.044149, 0.421504, 0.030896, 0.506319, 0.0396717, 0.153272, 0.789084, -0.606501, 0.0974856, -0.584577, -0.790161, -0.184162, 0.188724, 0.0883314, -0.97805, -0.000878952, 0.00157001, -0.000346472, -0.110261, -0.0486077, 0.580912, 0.878735, 0.192817, -0.755718, -2.47676, 0.553326, 2.77035, 0.289209, 0.000625792, -0.00110029, 0.00168089, -0.000585616, -0.0023725, -0.00343498, -0.589097
607397, 10.6089, 0.00709535, 0.00489667, 0.0586596, 0.120368, -0.140429, -0.591805, 0.00439092, 0.00731759, -0.000276022, 0.044328, 0.420973, 0.030767, 0.506313, 0.0396897, 0.153271, 0.792359, -0.602053, 0.0984834, -0.580138, -0.793553, -0.183614, 0.188697, 0.0883546, -0.978053, -9.4867e-05, 0.00157362, 0.000386814, -0.117559, -0.0526625, 0.618858, 0.878753, 0.192808, -0.755708, -2.47676, 0.553324, 2.77032, 0.283624, 0.00257653, -0.000941573, -0.000933128, 0.00156011, -0.00355631, -0.00519645, -0.626926
617513, 10.6189, 0.00708481, 0.00492263, 0.0586561, 0.120041, -0.141019, -0.586725, 0.0168612, -0.000194398, -0.0156751, 0.044003, 0.420705, 0.030773, 0.506303, 0.0397156, 0.153267, 0.796055, -0.596971, 0.099608, -0.575068, -0.797379, -0.182985, 0.188662, 0.0883849, -0.978057, -0.0014352, 0.0037899, -0.000927111, -0.119608, -0.0526408, 0.633805, 0.878775, 0.192793, -0.755686, -2.47677, 0.553321, 2.77029, 0.277282, 0.00467295, -0.000221778, 0.00259234, -0.00139747, 0.000175767, -0.00255034, -0.6406
627628, 10.6289, 0.00708171, 0.00495354, 0.0586587, 0.119677, -0.141689, -0.581007, 0.0165591, -0.000412896, -0.00806473, 0.043781, 0.420578, 0.030771, 0.5063, 0.0397465, 0.15327, 0.800154, -0.591252, 0.100871, -0.56936, -0.801625, -0.182283, 0.188636, 0.088422, -0.978058, -0.000725792, 0.0049257, 0.000354244, -0.118408, -0.055616, 0.641657, 0.878802, 0.192779, -0.755665, -2.47676, 0.553319, 2.77025, 0.270182, 0.00524534, -0.00288255, 0.00320414, -0.000261822, 0.000252537, -0.0029443, -0.647283
637755, 10.6389, 0.00708449, 0.00497351, 0.0586647, 0.119332, -0.142337, -0.575684, 0.0161974, -0.000560264, -0.00809529, 0.04356, 0.42096, 0.03077, 0.506302, 0.0397665, 0.153276, 0.803908, -0.58593, 0.102067, -0.564045, -0.805521, -0.181629, 0.188639, 0.0884432, -0.978056, 0.000433722, 0.00130414, 0.00115679, -0.121226, -0.060277, 0.643564, 0.878822, 0.192767, -0.755653, -2.47675, 0.553318, 2.77024, 0.263592, 0.00123027, -0.00296811, 0.000442163, 0.000373689, 0.000499149, -2.3152e-05, -0.656686
647875, 10.6489, 0.0070854, 0.00499698, 0.0586699, 0.118995, -0.142956, -0.570469, 0.0117277, 0.0017242, -0.00795557, 0.043594, 0.421008, 0.030903, 0.506303, 0.03979, 0.153281, 0.807538, -0.580714, 0.103218, -0.558838, -0.809287, -0.180984, 0.188633, 0.0884698, -0.978055, -0.000478671, 0.002838, -0.000222826, -0.119026, -0.054657, 0.632543, 0.878846, 0.192754, -0.75564, -2.47674, 0.553317, 2.77022, 0.257171, 0.004515, 0.000174563, 0.000544024, 0.00059786, 0.00256994, -0.00297849, -0.643296
658007, 10.6589, 0.00708165, 0.00501075, 0.0586721, 0.118653, -0.143575, -0.565278, 0.0115464, 0.0164476, -0.00783589, 0.04422, 0.420992, 0.030902, 0.5063, 0.0398037, 0.153283, 0.8111, -0.575522, 0.104363, -0.553656, -0.812985, -0.180335, 0.188632, 0.0884883, -0.978053, -0.000111215, 0.00139389, 0.000711771, -0.118739, -0.0577634, 0.631824, 0.87886, 0.192735, -0.75563, -2.47675, 0.553317, 2.77022, 0.250791, -1.70541e-05, -0.00314718, 0.00192192, -0.000573457, 8.80219e-05, -0.000434207, -0.644179
668123, 10.6699, 0.00708132, 0.00501835, 0.0586765, 0.118259, -0.144273, -0.559386, 0.0239531, 0.0188696, -0.000446263, 0.04446, 0.420709, 0.030636, 0.506299, 0.0398113, 0.153287, 0.815084, -0.569628, 0.105654, -0.547774, -0.817124, -0.17959, 0.188632, 0.0885065, -0.978051, -3.06511e-05, 0.00110235, 0.000293118, -0.123378, -0.0581703, 0.647118, 0.878867, 0.192719, -0.755628, -2.47675, 0.553319, 2.77021, 0.243566, 0.00220414, -0.000804762, -0.000492704, 0.000300706, 0.000157962, -0.0011984, -0.659797
678239, 10.6799, 0.00708351, 0.00502116, 0.0586833, 0.117905, -0.14491, -0.554065, 0.032187, 0.0137083, -0.00809711, 0.043947, 0.420362, 0.030773, 0.506302, 0.0398142, 0.153294, 0.818626, -0.564306, 0.10682, -0.542462, -0.820806, -0.178919, 0.188644, 0.0885224, -0.978048, 0.000581838, -0.000369058, 0.000924659, -0.120427, -0.059382, 0.631731, 0.878863, 0.192699, -0.755624, -2.47675, 0.55332, 2.77021, 0.237065, -0.00140407, -0.00194943, 6.44898e-05, 0.0005559, 0.000513326, 0.000259938, -0.647697
688357, 10.6899, 0.00708819, 0.00500814, 0.0586936, 0.117545, -0.145557, -0.548707, 0.0275707, 0.0110752, -0.00821828, 0.043699, 0.420798, 0.030636, 0.506306, 0.0398011, 0.153305, 0.822141, -0.558947, 0.107995, -0.537113, -0.824463, -0.178241, 0.188665, 0.0885334, -0.978043, 0.000269258, -0.000974221, 0.00107252, -0.121796, -0.0602401, 0.640407, 0.878852, 0.192674, -0.755645, -2.47675, 0.553322, 2.77021, 0.230515, -0.000709202, -0.00325671, -0.00186799, -0.000635865, 0.000424189, 0.000265853, -0.657882
698473, 10.6999, 0.00709171, 0.00499411, 0.0587004, 0.117167, -0.146211, -0.54321, 0.0273104, 0.00597526, -0.0081391, 0.043639, 0.420801, 0.030772, 0.50631, 0.0397871, 0.153311, 0.825696, -0.553447, 0.109189, -0.531625, -0.828165, -0.177532, 0.188681, 0.0885401, -0.978039, -0.000320533, -0.00196453, -0.000302293, -0.127339, -0.0587398, 0.651661, 0.878832, 0.192657, -0.755657, -2.47675, 0.553326, 2.77021, 0.223822, 0.000712353, 0.000509446, -0.00405029, -0.00114606, 0.000472974, 0.000246256, -0.670236
708588, 10.7099, 0.0070985, 0.00496496, 0.0587131, 0.116806, -0.146849, -0.537909, 0.0186214, 0.015612, -0.00793051, 0.043768, 0.420894, 0.030902, 0.506317, 0.039758, 0.153324, 0.829073, -0.548144, 0.110341, -0.526333, -0.831683, -0.176853, 0.18871, 0.0885476, -0.978033, 0.000712111, -0.00386361, 0.00131157, -0.118726, -0.0595129, 0.618246, 0.878797, 0.192627, -0.755687, -2.47675, 0.553328, 2.77021, 0.217364, -0.00574052, -0.00340977, -0.00257418, -0.000376774, 0.000352529, 0.000590599, -0.641035
718725, 10.7199, 0.00709484, 0.004935, 0.0587193, 0.116438, -0.147459, -0.532612, 0.0183964, 0.0154852, -0.000280897, 0.04399, 0.420764, 0.030903, 0.506313, 0.039728, 0.15333, 0.832404, -0.542843, 0.111463, -0.521047, -0.835152, -0.176158, 0.188714, 0.0885574, -0.978031, 0.000277839, -0.00204679, 0.00224965, -0.118013, -0.0609507, 0.630768, 0.878768, 0.192592, -0.755723, -2.47677, 0.553326, 2.7702, 0.210937, 0.000444246, -0.0072487, -0.00598686, -0.00179979, 3.61886e-05, -0.000445058, -0.650696
728841, 10.7299, 0.00710025, 0.00488225, 0.0587327, 0.116056, -0.148112, -0.527147, 0.0350612, 0.0203639, -0.000462285, 0.044035, 0.420557, 0.030772, 0.506318, 0.0396752, 0.153344, 0.835787, -0.537376, 0.112638, -0.515592, -0.838681, -0.175443, 0.188746, 0.0885577, -0.978025, -0.000156255, -0.00560427, 6.83952e-05, -0.126255, -0.0588606, 0.640816, 0.87871, 0.192554, -0.755776, -2.47678, 0.553327, 2.7702, 0.204289, -0.00432402, -0.000861381, -0.00636444, -0.0018764, -0.00014449, 0.000245147, -0.666185
738957, 10.7399, 0.0071108, 0.00482448, 0.0587497, 0.115676, -0.148768, -0.52168, 0.0475033, 0.012773, -0.00825416, 0.043488, 0.420163, 0.030776, 0.506329, 0.0396175, 0.153361, 0.83912, -0.531906, 0.113812, -0.510134, -0.84216, -0.17473, 0.188788, 0.08856, -0.978016, 0.00147767, -0.00391129, 0.00212926, -0.122815, -0.0636302, 0.64385, 0.878627, 0.192514, -0.755817, -2.47678, 0.553328, 2.7702, 0.197654, -0.00742783, -0.00444727, -0.00162743, 0.00103033, -2.12832e-05, 0.000462309, -0.667464
749072, 10.7509, 0.00712298, 0.00473531, 0.0587644, 0.11523, -0.149493, -0.515631, 0.0386733, 0.00266893, -0.0160056, 0.043152, 0.420403, 0.03064, 0.506341, 0.0395283, 0.153375, 0.842751, -0.525852, 0.115111, -0.504097, -0.845955, -0.173914, 0.188832, 0.0885394, -0.97801, 0.000443421, -0.00807786, 6.5474e-05, -0.127175, -0.0591671, 0.640384, 0.878514, 0.192486, -0.755886, -2.47678, 0.55333, 2.7702, 0.190298, -0.0106195, 0.000214901, -0.0051366, -0.000408394, 0.000446848, -0.000533231, -0.671162
759189, 10.7609, 0.00713827, 0.00464113, 0.0587868, 0.11483, -0.150168, -0.510092, 0.0341023, 0.00493227, -0.0158979, 0.042965, 0.420833, 0.030772, 0.506356, 0.0394341, 0.153398, 0.846021, -0.52031, 0.116303, -0.498568, -0.849377, -0.173176, 0.18889, 0.0885251, -0.978, 0.00179539, -0.0094498, 0.00242542, -0.123325, -0.0637542, 0.632169, 0.878411, 0.192441, -0.755979, -2.47678, 0.553329, 2.7702, 0.183564, -0.0111867, -0.00454556, -0.00862519, 0.000568772, 0.000114448, 1.65387e-05, -0.666511
769304, 10.7709, 0.00715079, 0.00453111, 0.0588077, 0.114432, -0.150818, -0.504741, 0.0339114, 0.0146284, -0.00808989, 0.043308, 0.420694, 0.030905, 0.506369, 0.0393241, 0.153419, 0.849133, -0.514955, 0.117451, -0.493227, -0.852636, -0.172449, 0.188946, 0.0885027, -0.977991, 0.00101331, -0.00746831, 0.00236318, -0.119119, -0.0615551, 0.615625, 0.878302, 0.192394, -0.756095, -2.47679, 0.553328, 2.7702, 0.177046, -0.00447549, -0.00574274, -0.011207, -0.00130333, 0.00028393, 0.000379703, -0.645785
779420, 10.7809, 0.00716161, 0.0044039, 0.0588274, 0.114026, -0.151452, -0.499389, 0.0378483, 0.0219212, -0.00839123, 0.043394, 0.420639, 0.030501, 0.50638, 0.0391969, 0.153438, 0.852203, -0.509596, 0.118581, -0.487886, -0.855853, -0.171708, 0.18899, 0.0884762, -0.977985, 0.00107523, -0.0143042, 0.00255795, -0.122706, -0.0615211, 0.626023, 0.878182, 0.192349, -0.756236, -2.4768, 0.553327, 2.77018, 0.170515, -0.0130813, -0.00663699, -0.0167231, -0.00155729, -1.2183e-05, -0.00314496, -0.669994
789535, 10.7909, 0.00717192, 0.00426046, 0.0588483, 0.113599, -0.152114, -0.493841, 0.0461269, 0.0168266, -0.0159929, 0.043326, 0.420289, 0.03064, 0.50639, 0.0390535, 0.153459, 0.855337, -0.504042, 0.119753, -0.482351, -0.859139, -0.170934, 0.189042, 0.0884434, -0.977978, 0.00186822, -0.0160735, 0.00177102, -0.128439, -0.0621132, 0.629106, 0.878048, 0.192296, -0.756393, -2.47682, 0.553327, 2.77017, 0.163747, -0.0127554, -0.0010835, -0.0192846, 0.000725625, -7.17804e-05, -0.00198141, -0.675208
