timestamp, robot_time[1], robot_ee_pos_error[3], robot_ee_ori_error[3], sensed_forces_moments[6], robot_ee_position[3], robot_ee_orientation[9], robot_ee_linear_velocity[3], robot_ee_angular_velocity[3], joint_angles[7], joint_velocities[7], 
10341, 10.0119, -0.0257013, 0.0296592, 0.0555374, 0.179612, 0.0506377, -0.843342, 0.0037913, -0.00258902, -4.62329e-05, 0.044554, 0.424613, 0.030938, 0.473517, 0.0644522, 0.150148, 0.5245, -0.837485, -0.153359, -0.849042, -0.50106, -0.167531, 0.0634626, 0.218078, -0.973866, 0.00148586, -0.00333471, 0.000673076, 2.87685e-05, -0.00186109, -0.00909638, 0.695653, 0.114065, -0.569422, -2.50281, 0.569885, 2.62294, 0.66153, -0.00427858, 0.000452057, -0.00290322, 0.00202839, 0.000654496, 0.000347328, 0.00145795
20554, 10.0219, -0.0257045, 0.0296841, 0.0555342, 0.179609, 0.0506388, -0.84331, -0.0130505, -0.0026894, 8.41174e-05, 0.044791, 0.424435, 0.030935, 0.473514, 0.0644771, 0.150145, 0.524552, -0.837453, -0.153351, -0.84901, -0.501114, -0.167529, 0.0634516, 0.218074, -0.973867, -0.000160203, 0.00166105, 8.94621e-05, 0.000634629, -0.000305793, 0.00262569, 0.695684, 0.114073, -0.569397, -2.50281, 0.569883, 2.62295, 0.661523, 0.00145272, -0.000338233, 0.00195354, -5.50806e-05, 0.00068086, 0.000305958, 0.000116293
30751, 10.0319, -0.025714, 0.029709, 0.0555274, 0.179602, 0.0506554, -0.843282, -0.0172591, -0.000262579, 0.000224442, 0.044825, 0.424483, 0.031068, 0.473504, 0.064502, 0.150138, 0.524598, -0.837424, -0.153357, -0.848984, -0.501163, -0.167515, 0.0634242, 0.218076, -0.973869, -0.000838705, 0.00103386, -0.000558311, -0.000389808, 0.00158651, 0.00298859, 0.695713, 0.114079, -0.569371, -2.50282, 0.569885, 2.62295, 0.661518, 0.00096625, 8.68058e-05, 0.00142366, -0.00126497, -0.000699942, -0.000201578, -4.27535e-05
41038, 10.0419, -0.0257257, 0.0297466, 0.0555196, 0.179594, 0.0506756, -0.843236, -0.00878809, -0.000216438, 0.000174947, 0.044817, 0.424381, 0.03107, 0.473492, 0.0645396, 0.150131, 0.524673, -0.837376, -0.153361, -0.84894, -0.501243, -0.167498, 0.0633873, 0.218076, -0.973871, -0.00078373, 0.00472753, -0.000162037, 6.55287e-06, 0.000445555, 0.00935943, 0.695749, 0.114086, -0.569325, -2.50283, 0.569879, 2.62295, 0.661511, 0.00696214, -5.46702e-05, 0.0030573, -0.000317399, -0.000422729, 0.000274282, 0.000944584
51215, 10.0529, -0.0257448, 0.0298014, 0.0555078, 0.179584, 0.0507101, -0.843178, -0.00878459, -0.000222164, 0.000175381, 0.044817, 0.424381, 0.03107, 0.473473, 0.0645944, 0.150119, 0.524766, -0.837315, -0.153377, -0.848887, -0.501342, -0.167472, 0.0633329, 0.218084, -0.973873, -0.000875229, 0.00396214, 8.01256e-05, 0.000854076, 8.57748e-05, 0.00716218, 0.695797, 0.114092, -0.569254, -2.50285, 0.569879, 2.62295, 0.661512, 0.00570537, -0.00139794, 0.00256738, -0.00124159, 1.98223e-05, 0.000501597, 0.000910999
61378, 10.0629, -0.0257567, 0.0298614, 0.0554982, 0.179576, 0.0507362, -0.843112, -0.00457315, -0.00265625, 3.58566e-05, 0.044783, 0.424333, 0.030937, 0.473461, 0.0646544, 0.150109, 0.524874, -0.837246, -0.153383, -0.848824, -0.501454, -0.167454, 0.0632859, 0.218088, -0.973875, -0.000769764, 0.0100126, 0.00031394, 0.00135515, -0.0013317, 0.0217954, 0.695845, 0.11411, -0.569173, -2.50285, 0.56988, 2.62295, 0.661508, 0.00765834, -0.000549337, 0.0128781, 0.00117607, -7.60311e-05, 0.000431933, -0.00133831
71535, 10.0729, -0.025773, 0.0299248, 0.0554876, 0.179568, 0.0507679, -0.843043, -0.00457056, -0.00760095, 0.000116255, 0.044723, 0.424336, 0.031073, 0.473445, 0.0647178, 0.150099, 0.524985, -0.837174, -0.153395, -0.848759, -0.501571, -0.167434, 0.0632326, 0.218095, -0.973877, -0.000889309, 0.00569558, -0.000159764, 0.00108848, 0.000556933, 0.0118978, 0.695897, 0.114121, -0.569089, -2.50286, 0.56988, 2.62295, 0.661505, 0.00221543, -0.000379461, 0.00944749, -7.55544e-05, -1.52439e-05, -0.000154465, -0.000259718
81698, 10.0829, -0.0257859, 0.0299832, 0.0554803, 0.179567, 0.0507891, -0.842982, -0.000389137, -0.000123137, -0.00751359, 0.04481, 0.424788, 0.031072, 0.473432, 0.0647762, 0.150091, 0.525083, -0.837112, -0.153401, -0.848702, -0.501672, -0.167424, 0.0631955, 0.218103, -0.973877, -0.000423224, 0.00489059, 7.46425e-05, 0.000705339, -0.00120502, 0.01495, 0.695937, 0.114126, -0.569003, -2.50287, 0.569881, 2.62296, 0.661508, 0.0013119, -0.000218239, 0.00857888, 0.000675546, 8.42647e-06, -0.000148282, -0.00518261
91860, 10.0929, -0.0257931, 0.0300482, 0.0554793, 0.179573, 0.0508131, -0.842912, 0.00387349, 0.00235624, -0.0074239, 0.044837, 0.424734, 0.031208, 0.473425, 0.0648412, 0.15009, 0.525195, -0.837039, -0.153413, -0.848635, -0.501786, -0.167421, 0.0631577, 0.21812, -0.973876, -0.000679036, 0.00851105, 2.72738e-05, 0.000681664, -0.000575272, 0.0181364, 0.69598, 0.114129, -0.568914, -2.50286, 0.569877, 2.62295, 0.66151, 0.00772919, 0.000397801, 0.00989908, 0.00124138, 7.98946e-05, 0.000259624, -0.000640157
102023, 10.1029, -0.0258036, 0.0300977, 0.0554751, 0.179577, 0.0508298, -0.84286, 0.00808516, -7.40789e-05, -0.00756411, 0.044802, 0.424687, 0.031075, 0.473414, 0.0648907, 0.150086, 0.52528, -0.836985, -0.15342, -0.848585, -0.501871, -0.16742, 0.0631306, 0.218132, -0.973875, -0.000901509, 0.00309431, -0.00047098, 0.000129159, 0.000361054, 0.00909162, 0.695993, 0.114126, -0.568822, -2.50287, 0.569878, 2.62296, 0.661509, -0.000535216, -0.000186319, 0.00713789, -0.0010499, -0.000247805, 0.000538708, -0.00257721
112173, 10.1129, -0.0258107, 0.0301423, 0.0554723, 0.179584, 0.0508475, -0.842812, 0.00385754, 0.00228578, 0.000185542, 0.044615, 0.424608, 0.031206, 0.473407, 0.0649353, 0.150083, 0.525355, -0.836936, -0.153431, -0.84854, -0.501947, -0.167419, 0.063105, 0.218146, -0.973874, -0.00138311, 0.00684113, -0.000625049, 0.000778793, 0.000961658, 0.0151133, 0.696003, 0.114127, -0.56874, -2.50287, 0.569883, 2.62296, 0.661505, 0.00270874, 0.000101073, 0.0116772, -0.000800692, 0.000371042, 0.000525, -0.00132305
122323, 10.1239, -0.0258151, 0.030187, 0.0554732, 0.179592, 0.0508538, -0.842765, 0.00811765, -4.24217e-05, 9.52159e-05, 0.045024, 0.424556, 0.031075, 0.473403, 0.06498, 0.150084, 0.525431, -0.836888, -0.153431, -0.848494, -0.502022, -0.167427, 0.0630918, 0.218157, -0.973872, -0.000836841, 0.00280288, -0.000252492, 0.000407409, 0.000961303, 0.00530268, 0.696015, 0.114121, -0.568659, -2.50287, 0.569877, 2.62297, 0.661511, 0.00177436, -0.000586973, 0.0041162, -0.00103402, -0.00041138, 0.000100108, 0.000848885
132472, 10.1339, -0.0258191, 0.0302189, 0.0554743, 0.179602, 0.0508634, -0.842728, 0.0123192, 0.00727916, 5.46942e-05, 0.044667, 0.424503, 0.031073, 0.473399, 0.0650119, 0.150085, 0.525489, -0.83685, -0.153438, -0.848459, -0.50208, -0.167434, 0.063079, 0.218171, -0.97387, -0.00153997, 0.00371828, -0.000664105, 0.00119145, 0.00329451, 0.000302229, 0.696018, 0.114114, -0.568598, -2.50287, 0.569878, 2.62297, 0.661504, 0.000135301, -0.000999508, 0.0078389, -0.00245773, -0.000127384, 0.000665018, 0.00762797
142620, 10.1439, -0.0258233, 0.0302435, 0.0554721, 0.179605, 0.0508746, -0.842707, 0.0123209, 0.00727858, 5.45246e-05, 0.044667, 0.424503, 0.031073, 0.473395, 0.0650365, 0.150083, 0.525524, -0.836827, -0.153446, -0.848438, -0.502115, -0.167431, 0.0630638, 0.218178, -0.973869, -0.000860046, 0.00333609, -0.000548946, -7.67998e-05, 9.4384e-05, 0.0120117, 0.696022, 0.114116, -0.568551, -2.50287, 0.569882, 2.62297, 0.661509, 0.00128785, 0.000440581, 0.00581681, -0.000577844, 0.000267585, 8.04297e-05, -0.00536752
152767, 10.1539, -0.0258226, 0.0302623, 0.0554715, 0.179605, 0.0508768, -0.842683, 0.0038603, 0.00228875, 0.000184596, 0.044615, 0.424608, 0.031206, 0.473395, 0.0650553, 0.150083, 0.525562, -0.836803, -0.153443, -0.848415, -0.502153, -0.167432, 0.0630561, 0.218179, -0.973869, -2.88864e-05, 0.000831261, -0.000563311, -0.00100183, 0.000544803, 0.00391239, 0.696026, 0.114124, -0.568516, -2.50286, 0.56988, 2.62297, 0.661505, -0.000611863, 0.00200568, 0.00259487, 0.000924472, 3.11573e-06, -0.000161248, -0.00190554
162912, 10.1639, -0.0258323, 0.0302764, 0.0554642, 0.179597, 0.0508996, -0.842669, 0.00388363, 0.00235423, -0.00742515, 0.044837, 0.424734, 0.031208, 0.473386, 0.0650694, 0.150075, 0.525585, -0.836787, -0.153458, -0.848404, -0.50218, -0.167412, 0.063025, 0.218183, -0.973871, -0.000100975, 0.00135424, -2.29808e-05, 0.000145899, -0.000192366, 0.00514936, 0.696026, 0.114129, -0.568486, -2.50287, 0.569881, 2.62296, 0.661504, 0.000410512, 0.000221621, 0.00225571, 0.000478585, 1.31507e-06, -0.000520015, -0.00241498
173113, 10.1739, -0.0258315, 0.0302851, 0.0554656, 0.179601, 0.0508943, -0.842661, 0.00393259, 0.00225596, -0.00743528, 0.044614, 0.424356, 0.031208, 0.473386, 0.0650781, 0.150077, 0.525597, -0.836779, -0.153453, -0.848395, -0.502191, -0.16742, 0.0630307, 0.218184, -0.97387, -6.34105e-05, 0.00157279, 0.000396677, 0.000929082, -0.000703629, 0.00278422, 0.696028, 0.114129, -0.568467, -2.50287, 0.569878, 2.62296, 0.661504, 0.000836625, 2.25578e-05, 0.000562561, -0.00169831, 0.000109063, -0.000433505, -0.00122049
183258, 10.1849, -0.0258349, 0.0302971, 0.0554612, 0.179596, 0.0509024, -0.84265, 0.0081431, -0.00016613, -0.00757501, 0.04458, 0.424308, 0.031075, 0.473383, 0.0650901, 0.150072, 0.525616, -0.836767, -0.153455, -0.848385, -0.502212, -0.167411, 0.0630166, 0.218183, -0.973871, -0.000354926, 0.000889654, -0.000565562, -0.000492027, 0.0013314, 0.000913763, 0.696026, 0.114135, -0.56844, -2.50287, 0.569881, 2.62297, 0.66151, -0.000453674, 0.0011598, 0.00258462, -8.05783e-05, -1.03676e-05, 0.000100673, 0.0012132
193430, 10.1949, -0.0258371, 0.0303049, 0.055462, 0.179599, 0.050911, -0.842636, 0.00813476, 0.00477367, -0.00765523, 0.04464, 0.424305, 0.030939, 0.473381, 0.0650979, 0.150073, 0.525637, -0.836753, -0.153463, -0.848373, -0.502233, -0.16741, 0.0630066, 0.21819, -0.97387, 0.000492642, 0.00113996, 0.000248594, -7.72332e-05, -0.00125811, 0.00328747, 0.696024, 0.11413, -0.568425, -2.50287, 0.569878, 2.62296, 0.661502, -0.00053986, 0.000561993, 0.00278856, 0.00147593, -1.64906e-05, 0.00022764, -0.0010308
203699, 10.2049, -0.0258429, 0.0303141, 0.0554592, 0.179597, 0.050921, -0.842631, 0.00815657, -9.79004e-05, -0.0151852, 0.044801, 0.424435, 0.031076, 0.473375, 0.0651071, 0.15007, 0.525644, -0.836747, -0.153471, -0.848369, -0.502241, -0.167403, 0.0629944, 0.218194, -0.97387, -0.00010386, 1.81926e-05, 4.74132e-05, 0.000390559, 0.000274705, -0.00104989, 0.696031, 0.114127, -0.568412, -2.50288, 0.56988, 2.62296, 0.661509, 0.000957084, -0.00033042, -0.000973244, -0.000283656, 0.000379203, -0.000162709, 0.000755074
213984, 10.2149, -0.0258414, 0.0303147, 0.0554598, 0.179599, 0.0509132, -0.842628, 0.00393495, 0.00225365, -0.00743526, 0.044614, 0.424356, 0.031208, 0.473377, 0.0651077, 0.150071, 0.525649, -0.836745, -0.153463, -0.848365, -0.502246, -0.16741, 0.0630027, 0.218192, -0.97387, -0.000137018, -0.00136114, -0.000115697, -0.000234721, 8.11461e-05, -0.00165764, 0.696026, 0.114127, -0.568404, -2.50288, 0.569881, 2.62297, 0.661504, -0.000768945, -0.000313311, -0.00194376, -0.000852289, -6.33374e-05, 0.000151765, -0.00110372
224260, 10.2259, -0.0258415, 0.0303185, 0.0554608, 0.179602, 0.0509135, -0.842623, 0.00386512, 0.00228438, 0.000184589, 0.044615, 0.424608, 0.031206, 0.473377, 0.0651115, 0.150072, 0.525658, -0.836739, -0.153464, -0.84836, -0.502254, -0.167413, 0.0630029, 0.218195, -0.973869, 0.000119902, -0.000129882, -3.49817e-05, -0.000318562, -0.000336498, 0.000402623, 0.696025, 0.114124, -0.568396, -2.50288, 0.569881, 2.62297, 0.661501, -0.00103799, 0.00027054, 0.000843028, 0.000202618, -0.000197074, 0.000320038, -0.000507899
234478, 10.2359, -0.0258415, 0.030318, 0.0554607, 0.179602, 0.0509131, -0.842621, 0.00388483, 0.00235427, -0.00742535, 0.044837, 0.424734, 0.031208, 0.473377, 0.065111, 0.150072, 0.525661, -0.836737, -0.153463, -0.848358, -0.502257, -0.167412, 0.0630024, 0.218194, -0.97387, 0.00295587, 0.000350543, 0.00229235, 0.000949203, -0.00634059, 0.0014163, 0.696021, 0.114124, -0.568393, -2.50288, 0.569878, 2.62297, 0.661499, -0.000990387, -0.000262234, 0.000517162, 0.00607676, -4.18344e-05, -0.00017673, -0.00148339
244804, 10.2459, -0.025842, 0.0303165, 0.0554588, 0.179598, 0.0509151, -0.842628, -0.000404788, 0.00475317, 1.47821e-05, 0.044649, 0.424658, 0.030936, 0.473376, 0.0651095, 0.15007, 0.52565, -0.836744, -0.153465, -0.848365, -0.502247, -0.167407, 0.0630001, 0.218192, -0.97387, -0.000663225, 0.00425056, -0.000393049, -0.000706261, 0.00100048, 0.00824815, 0.696024, 0.114129, -0.568398, -2.50288, 0.569882, 2.62297, 0.661506, 0.00995485, 0.00123485, -0.000728072, 0.000270727, -1.33841e-05, -0.000153526, 0.00107422
255199, 10.2559, -0.0258413, 0.0303128, 0.0554592, 0.179598, 0.0509134, -0.84263, -0.000295132, -0.00018671, 0.000124816, 0.04481, 0.424279, 0.031073, 0.473377, 0.0651058, 0.15007, 0.525647, -0.836746, -0.153463, -0.848366, -0.502244, -0.167408, 0.0630021, 0.218191, -0.97387, -0.000511226, -0.000887387, -0.000628639, -0.000462465, 0.00141517, 0.000138991, 0.696016, 0.114128, -0.568398, -2.50288, 0.569879, 2.62297, 0.661504, -0.00138295, 0.000651061, -0.000253778, -0.000916364, 9.50071e-05, -0.000472436, -0.00185293
265586, 10.2669, -0.0258412, 0.0303113, 0.0554589, 0.179598, 0.0509134, -0.842631, -0.000315027, -0.00014665, -0.0151352, 0.044809, 0.424536, 0.031074, 0.473377, 0.0651043, 0.15007, 0.525645, -0.836747, -0.153464, -0.848368, -0.502242, -0.167408, 0.0630027, 0.218191, -0.97387, -0.000269768, -0.000257101, -0.000256942, -0.000237932, 0.000437159, -2.03578e-05, 0.696015, 0.114129, -0.5684, -2.50288, 0.569882, 2.62297, 0.661501, 0.000275958, 0.000126341, -0.000628491, -0.000651946, 0.000137666, 0.000158522, -0.000535616
275906, 10.2769, -0.0258416, 0.0303125, 0.0554584, 0.179597, 0.0509135, -0.842628, -0.000375332, -0.000126912, -0.00751512, 0.04481, 0.424788, 0.031072, 0.473376, 0.0651055, 0.150069, 0.525651, -0.836744, -0.153462, -0.848364, -0.502248, -0.167407, 0.0630009, 0.21819, -0.973871, 0.000154736, 0.000820369, 0.000299574, 0.000231159, -0.000937814, 0.00289071, 0.696018, 0.11413, -0.5684, -2.50288, 0.56988, 2.62297, 0.661499, 0.00170498, -0.000326668, -0.000154154, 0.000466458, 5.57436e-05, -9.27503e-05, -0.00137281
286158, 10.2879, -0.0258419, 0.0303108, 0.0554571, 0.179595, 0.0509152, -0.842633, -0.000325008, -0.000217708, -0.00752503, 0.044587, 0.42441, 0.031072, 0.473376, 0.0651038, 0.150068, 0.525643, -0.836749, -0.153464, -0.848369, -0.50224, -0.167404, 0.0629992, 0.218188, -0.973871, 5.56626e-05, -0.000233146, -0.000243772, -0.000658454, 0.000241655, -0.000272366, 0.69601, 0.114133, -0.568395, -2.50288, 0.569881, 2.62297, 0.661504, -0.000760778, 0.000830946, 0.000476754, 0.000241324, -0.000238951, 0.000243656, 0.000153149
296411, 10.2979, -0.0258416, 0.0303153, 0.0554595, 0.179599, 0.0509138, -0.842626, -0.000395065, -0.000186468, 9.47633e-05, 0.044588, 0.424661, 0.031071, 0.473376, 0.0651083, 0.150071, 0.525652, -0.836743, -0.153463, -0.848363, -0.502249, -0.167409, 0.0630015, 0.218192, -0.97387, 5.26504e-05, 0.000314296, 0.000207869, 3.96958e-05, -0.00178536, 0.00674675, 0.696018, 0.114127, -0.568395, -2.50288, 0.569879, 2.62297, 0.661503, -0.00011826, -0.000512651, 0.000616811, 5.60387e-05, 8.89558e-05, -3.5561e-05, -0.00648626
306705, 10.3079, -0.0258426, 0.0303215, 0.0554589, 0.179599, 0.0509166, -0.842621, -0.000374656, -0.000126643, -0.00751527, 0.04481, 0.424788, 0.031072, 0.473375, 0.0651145, 0.15007, 0.525661, -0.836737, -0.153465, -0.848358, -0.502257, -0.167408, 0.0629978, 0.218193, -0.97387, -0.000890853, 0.000481533, -0.000771939, -0.000435658, 0.00206947, 0.000485057, 0.696023, 0.114128, -0.568387, -2.50288, 0.569881, 2.62297, 0.661504, 0.000873224, 0.000516559, 0.000539785, -0.0015114, 1.73848e-05, 4.71924e-05, 0.000827881
317016, 10.3179, -0.0258443, 0.0303244, 0.0554558, 0.179593, 0.0509191, -0.842614, 0.00393467, 0.00225162, -0.00743487, 0.044614, 0.424356, 0.031208, 0.473374, 0.0651174, 0.150067, 0.525673, -0.83673, -0.153462, -0.848352, -0.502271, -0.167401, 0.0629895, 0.218188, -0.973872, -0.000560141, -0.000216499, -0.00112918, -0.000576295, 0.00225848, -0.00102145, 0.696025, 0.114135, -0.568381, -2.50288, 0.569876, 2.62297, 0.661501, 6.48661e-06, 0.00237942, 9.50339e-05, -0.000462256, 0.00195317, -7.02096e-05, -0.000574803
327321, 10.3289, -0.0258447, 0.0303295, 0.0554565, 0.179596, 0.0509203, -0.842609, 0.00388511, 0.00235227, -0.00742505, 0.044837, 0.424734, 0.031208, 0.473373, 0.0651225, 0.150067, 0.525681, -0.836725, -0.153464, -0.848347, -0.502279, -0.167404, 0.0629889, 0.218192, -0.973871, -0.000673557, 0.000229705, -0.000550448, -1.7597e-05, 0.00160691, -0.000105014, 0.696029, 0.114133, -0.568375, -2.50288, 0.569879, 2.62297, 0.661499, 0.000482342, 0.000265639, 0.000228243, -0.00117233, 0.000405285, -0.000136738, 0.00043819
337667, 10.3388, -0.0258442, 0.0303289, 0.0554577, 0.179598, 0.0509187, -0.842607, -0.000395128, -0.000187047, 9.48728e-05, 0.044588, 0.424661, 0.031071, 0.473374, 0.0651219, 0.150069, 0.525684, -0.836723, -0.153463, -0.848344, -0.502282, -0.167407, 0.0629912, 0.218193, -0.973871, 0.000171962, 5.51714e-05, 0.000405534, 0.000552679, -0.000988604, 0.000334972, 0.696026, 0.11413, -0.568374, -2.50288, 0.569877, 2.62297, 0.661495, 0.000232028, -0.000941334, -0.000323327, 1.17073e-05, 0.000102732, 0.000122828, -0.000553539
348032, 10.3498, -0.0258477, 0.030334, 0.0554541, 0.179593, 0.0509311, -0.842602, 0.00388678, 0.0023503, -0.00742497, 0.044837, 0.424734, 0.031208, 0.47337, 0.065127, 0.150065, 0.525691, -0.836717, -0.153472, -0.848341, -0.502291, -0.167395, 0.0629746, 0.218194, -0.973871, -0.000214889, 0.000460712, -0.000479147, -0.000600899, 0.000568711, 0.00168336, 0.696026, 0.114136, -0.568364, -2.50288, 0.569878, 2.62296, 0.661495, -1.26484e-05, 0.00112917, 0.00127383, -2.59911e-05, 0.000308194, 0.000276151, -0.000778368
358426, 10.3599, -0.0258446, 0.0303346, 0.0554585, 0.179601, 0.0509202, -0.842602, 0.00381536, -0.00261651, -4.5297e-05, 0.044554, 0.424613, 0.030938, 0.473373, 0.0651276, 0.15007, 0.525692, -0.836718, -0.153465, -0.84834, -0.502289, -0.167409, 0.0629901, 0.218196, -0.97387, 0.000656766, 0.000638858, 0.00118597, 0.00172714, -0.00258303, 0.00111179, 0.696024, 0.114127, -0.568361, -2.50288, 0.569877, 2.62297, 0.661497, -0.000450955, -0.00226809, 0.00104398, 0.000820849, 0.000199527, -3.66909e-05, -0.000654608
368795, 10.3699, -0.0258482, 0.0303401, 0.0554551, 0.179595, 0.050932, -0.842595, -0.00032313, -0.000219314, -0.00752505, 0.044587, 0.42441, 0.031072, 0.47337, 0.0651331, 0.150066, 0.525702, -0.83671, -0.153472, -0.848335, -0.502302, -0.167396, 0.0629731, 0.218196, -0.973871, -8.77209e-05, 0.000543425, -5.13878e-05, 0.000199163, 0.000894388, -0.000412799, 0.696029, 0.114133, -0.568355, -2.50288, 0.569875, 2.62296, 0.661497, -0.000430178, 0.000143056, 0.00143085, 0.000268751, -0.000371675, -0.00058503, 0.00192099
379120, 10.3799, -0.025848, 0.030344, 0.055457, 0.179599, 0.0509315, -0.842591, -0.000282917, -0.000128198, -0.00748528, 0.045031, 0.424406, 0.031074, 0.47337, 0.065137, 0.150068, 0.525709, -0.836705, -0.153473, -0.84833, -0.502308, -0.167401, 0.062975, 0.2182, -0.97387, 0.000127949, 0.000960639, 0.00050043, 0.00133206, 0.00099372, -0.00722835, 0.696024, 0.114135, -0.568349, -2.50288, 0.569871, 2.62296, 0.661496, -0.0016491, 0.00103714, 0.000197453, 0.00104952, -0.000425771, -0.000227088, 0.00739913
389388, 10.3909, -0.0258478, 0.0303487, 0.0554554, 0.179595, 0.050926, -0.842582, -0.000325098, -0.0002182, -0.00752493, 0.044587, 0.42441, 0.031072, 0.47337, 0.0651417, 0.150066, 0.525724, -0.836698, -0.153463, -0.848321, -0.502323, -0.167401, 0.0629762, 0.218193, -0.973872, -0.000200104, 5.09619e-05, -0.000614914, -0.000945332, 0.0010369, 0.00229189, 0.696034, 0.114133, -0.56834, -2.50288, 0.56987, 2.62297, 0.661494, -0.000338051, 0.00165985, 0.000692863, 0.000317743, -5.7744e-05, -0.00046558, -0.00181477
399585, 10.4009, -0.0258514, 0.0303607, 0.0554541, 0.179595, 0.0509381, -0.842569, -0.000363099, -0.000169637, 0.007755, 0.044811, 0.424531, 0.031071, 0.473367, 0.0651537, 0.150065, 0.525745, -0.836683, -0.153472, -0.848309, -0.502346, -0.167395, 0.0629605, 0.218199, -0.973871, -0.000306531, 0.00061842, -0.000662768, -0.000701324, 0.0017521, 0.000118332, 0.696041, 0.114133, -0.568324, -2.50288, 0.569869, 2.62296, 0.661493, 0.000334624, 0.00167909, 0.00125825, 0.000206772, 9.58916e-05, -0.000272468, 0.00149787
409801, 10.4109, -0.0258525, 0.0303707, 0.0554549, 0.179598, 0.0509402, -0.842555, -0.000372932, -0.00012902, -0.00751513, 0.04481, 0.424788, 0.031072, 0.473365, 0.0651637, 0.150066, 0.525767, -0.836669, -0.153473, -0.848296, -0.502367, -0.167398, 0.0629569, 0.218203, -0.973871, 0.000334006, 0.000517881, 0.000430075, -0.00041499, -0.000782495, 0.00218915, 0.696044, 0.11413, -0.568307, -2.50288, 0.569867, 2.62296, 0.661489, 0.000832308, -0.000375735, 2.91093e-05, 0.000873047, -0.0017655, -0.000355792, 0.000323845
419969, 10.4209, -0.0258553, 0.0303816, 0.0554516, 0.179594, 0.0509461, -0.842539, -0.000322897, -0.000220317, -0.00752492, 0.044587, 0.42441, 0.031072, 0.473363, 0.0651746, 0.150063, 0.525793, -0.836653, -0.153473, -0.84828, -0.502395, -0.167392, 0.0629449, 0.218202, -0.973872, -0.00089759, 0.00134876, -0.00113599, -0.000895815, 0.00270187, 0.00393371, 0.696041, 0.114136, -0.56828, -2.50288, 0.569865, 2.62296, 0.661482, -0.000641753, 0.0019302, 0.00385841, -0.000533751, -0.000180077, -0.000574938, -0.000503951
430123, 10.4309, -0.0258571, 0.0303939, 0.0554514, 0.179597, 0.0509504, -0.842527, -0.000392239, -0.000190127, 9.4947e-05, 0.044588, 0.424661, 0.031071, 0.473361, 0.0651869, 0.150062, 0.525813, -0.836639, -0.153476, -0.848268, -0.502415, -0.167393, 0.0629389, 0.218206, -0.973871, 0.00013341, 0.00125528, 0.000165632, 0.00109615, 0.00166365, -0.00674956, 0.696045, 0.114135, -0.568259, -2.50288, 0.569866, 2.62296, 0.661482, -0.000982558, -1.17142e-05, 0.00337469, 0.000735051, 0.000128681, -0.000127803, 0.00932743
440277, 10.4419, -0.0258587, 0.0304029, 0.0554505, 0.179596, 0.0509536, -0.842513, 0.00393772, 0.00224958, -0.007435, 0.044614, 0.424356, 0.031208, 0.473359, 0.0651959, 0.150061, 0.525835, -0.836626, -0.153476, -0.848255, -0.502437, -0.167392, 0.0629322, 0.218207, -0.973871, 0.000288268, -0.000560813, 0.000422421, 0.0002552, -0.000978211, -0.00108432, 0.696045, 0.114136, -0.56824, -2.50288, 0.569863, 2.62296, 0.661477, 0.000447686, -0.00081173, -0.00177287, 9.33083e-05, -0.000144831, 0.000113338, -0.000128825
450490, 10.4519, -0.0258612, 0.0304162, 0.0554489, 0.179596, 0.0509586, -0.842496, -0.00032216, -0.000220988, -0.00752492, 0.044587, 0.42441, 0.031072, 0.473357, 0.0652092, 0.15006, 0.525863, -0.836608, -0.153476, -0.848238, -0.502466, -0.167389, 0.0629223, 0.218208, -0.973872, 0.000410578, -0.000127805, 0.000394881, 0.000409859, -0.000985734, -0.000330713, 0.696048, 0.114138, -0.568215, -2.50288, 0.56986, 2.62296, 0.661473, -0.00094054, -0.000392941, 0.000432951, 0.000680087, 8.48219e-05, -3.19584e-06, -0.000215429
460777, 10.4619, -0.0258626, 0.0304296, 0.05545, 0.179599, 0.0509615, -0.84248, 0.0080782, -0.000140264, 4.49013e-05, 0.044581, 0.42456, 0.031073, 0.473355, 0.0652226, 0.150061, 0.525888, -0.836592, -0.153478, -0.848223, -0.502491, -0.167392, 0.0629178, 0.218213, -0.973871, 0.000463003, 0.00174808, 0.000759037, 0.000752228, -0.00182843, 0.00389578, 0.696056, 0.114134, -0.568196, -2.50288, 0.569858, 2.62296, 0.661472, 0.00165527, -0.000926899, 0.00155239, 0.00118924, -0.000235422, -4.68016e-05, -0.000424589
471060, 10.4719, -0.0258634, 0.030434, 0.0554496, 0.1796, 0.0509635, -0.842475, 0.00393843, 0.00224963, -0.00743512, 0.044614, 0.424356, 0.031208, 0.473354, 0.065229, 0.15006, 0.525901, -0.836584, -0.15348, -0.848216, -0.502503, -0.167393, 0.0629139, 0.218216, -0.97387, 0.000270452, 0.000156986, 0.000195964, 0.000253863, -0.000558154, 7.33643e-05, 0.696051, 0.114134, -0.568178, -2.50288, 0.569859, 2.62296, 0.661469, -0.000146888, 4.08832e-05, 0.000350148, 0.000607016, 0.000338124, -8.59941e-06, -0.000125569
481336, 10.4829, -0.0258626, 0.0304425, 0.0554511, 0.179602, 0.0509554, -0.842456, 0.00386596, 0.00228153, 0.000184945, 0.044615, 0.424608, 0.031206, 0.473355, 0.0652355, 0.150062, 0.525928, -0.836569, -0.153468, -0.848199, -0.50253, -0.1674, 0.0629196, 0.218212, -0.973871, 0.000126898, -5.11237e-05, 0.000227271, 8.20151e-05, -0.000699815, 0.000263408, 0.696054, 0.114131, -0.568166, -2.50288, 0.569849, 2.62297, 0.66146, -2.83468e-05, -0.000510445, -0.000137503, -1.00536e-05, -0.000235437, 0.000263635, -0.000295101
491613, 10.4929, -0.0258662, 0.0304491, 0.0554479, 0.179597, 0.0509669, -0.842444, 0.00386728, 0.00227911, 0.000185153, 0.044615, 0.424608, 0.031206, 0.473352, 0.0652421, 0.150059, 0.525947, -0.836556, -0.153474, -0.848188, -0.502551, -0.16739, 0.0629023, 0.218213, -0.973872, -0.00036134, -0.000397503, -0.000561078, -0.000835787, 0.000444234, 0.00322412, 0.696055, 0.114136, -0.568154, -2.50288, 0.569846, 2.62296, 0.661453, -0.000783785, 0.000874057, 0.000235434, -0.000529914, -2.43421e-05, -8.37851e-05, -0.00386776
501883, 10.5029, -0.025867, 0.0304528, 0.0554475, 0.179595, 0.050967, -0.842434, 0.00393654, 0.00224883, -0.00743468, 0.044614, 0.424356, 0.031208, 0.473351, 0.0652458, 0.150059, 0.525964, -0.836546, -0.15347, -0.848178, -0.502569, -0.167388, 0.0628985, 0.21821, -0.973873, -0.000715475, 0.000565997, -0.000887271, -0.000775073, 0.00208858, 0.00127752, 0.696052, 0.114136, -0.568143, -2.50288, 0.569838, 2.62296, 0.661447, -0.00148264, 0.00122279, 0.00306775, -0.000828415, -0.000352304, 9.08151e-06, 0.000550367
512161, 10.5139, -0.0258687, 0.0304603, 0.055446, 0.179591, 0.0509668, -0.842409, 0.00381462, -0.00262177, -4.42755e-05, 0.044554, 0.424613, 0.030938, 0.473349, 0.0652533, 0.150057, 0.526005, -0.836522, -0.153462, -0.848153, -0.502612, -0.167386, 0.0628899, 0.218205, -0.973874, 0.000539838, 0.000537085, 0.000506858, -5.47113e-05, -0.00148765, 0.00290925, 0.696061, 0.114139, -0.568135, -2.50288, 0.569826, 2.62296, 0.661425, -9.05544e-05, -0.000209463, 0.000917758, 0.00128681, -0.00081361, -0.000193801, -0.00130383
522345, 10.5239, -0.0258791, 0.0304584, 0.0554372, 0.179573, 0.0509788, -0.8424, 0.00809443, -8.72351e-05, -0.00756331, 0.044802, 0.424687, 0.031075, 0.473339, 0.0652514, 0.150048, 0.526022, -0.836511, -0.153461, -0.848145, -0.502634, -0.167361, 0.0628648, 0.218193, -0.973879, -0.00100768, -0.000114257, -0.000874702, -0.00274752, 0.00211982, 0.00315724, 0.696055, 0.114142, -0.568128, -2.5029, 0.569808, 2.62296, 0.661416, -0.000272178, 0.000362517, 0.000727191, -0.00192894, -0.00441394, 0.000275838, 0.000909568
532619, 10.5339, -0.025874, 0.0304566, 0.0554418, 0.179566, 0.0509615, -0.842367, 0.00814786, -0.000106093, -0.0151825, 0.044801, 0.424435, 0.031076, 0.473344, 0.0652496, 0.150053, 0.526078, -0.836481, -0.153432, -0.848109, -0.502692, -0.167366, 0.0628697, 0.218175, -0.973882, 0.00025115, -0.000469122, 0.00044564, -0.00759248, -0.00240699, 0.0169362, 0.696053, 0.114139, -0.56813, -2.50289, 0.569762, 2.62296, 0.661387, -0.000404698, -0.00089574, -0.000109816, 0.000455364, -0.0152649, 4.93745e-05, -0.00450126
542907, 10.5439, -0.0258786, 0.030452, 0.0554377, 0.179509, 0.050937, -0.842293, -0.000318949, -0.000204455, 0.000131617, 0.04481, 0.424279, 0.031073, 0.473339, 0.065245, 0.150049, 0.526208, -0.836413, -0.153358, -0.848031, -0.502837, -0.167329, 0.0628426, 0.218102, -0.973901, -4.51529e-05, 0.000133272, 0.000423333, -0.00540491, -0.000987937, 0.0100379, 0.696055, 0.11414, -0.56813, -2.5029, 0.569612, 2.62297, 0.66136, 0.000141353, -0.00146625, 0.00047311, -0.000281669, -0.0122146, 0.000220983, 0.000973663
553130, 10.5549, -0.0258743, 0.030447, 0.0554411, 0.17947, 0.0509082, -0.842228, -0.00036404, -0.000238538, -0.00751531, 0.044587, 0.42441, 0.031072, 0.473344, 0.06524, 0.150052, 0.526323, -0.836353, -0.153291, -0.84796, -0.502962, -0.167311, 0.062832, 0.218044, -0.973914, -0.000466116, -0.00103921, -0.000388229, -0.00922903, -0.000875009, 0.0182014, 0.696052, 0.114139, -0.568133, -2.50289, 0.569481, 2.62297, 0.661332, 3.43362e-05, -4.87514e-06, -0.0011308, -0.00096561, -0.0164872, 0.000327735, -0.00547207
563408, 10.5649, -0.0258768, 0.0304534, 0.0554435, 0.179442, 0.0508993, -0.842165, -0.000422979, -0.000152654, -0.00750319, 0.04481, 0.424788, 0.031072, 0.473341, 0.0652464, 0.150054, 0.52643, -0.836293, -0.153251, -0.847895, -0.503077, -0.167293, 0.0628088, 0.218009, -0.973924, -8.45447e-06, 0.000211016, 0.000201235, -0.00331897, -0.000963211, 0.00827089, 0.696058, 0.114129, -0.568125, -2.50289, 0.569378, 2.62296, 0.661308, 0.000169382, -0.000604714, 0.000469262, 2.2883e-05, -0.00700233, 3.59276e-05, -0.00170026
573722, 10.5749, -0.0258768, 0.0304532, 0.055442, 0.17941, 0.0508781, -0.842112, 0.00379515, 0.00719352, 0.000119332, 0.044675, 0.424604, 0.031071, 0.473341, 0.0652462, 0.150053, 0.526522, -0.836244, -0.153198, -0.847839, -0.503178, -0.167276, 0.0627976, 0.217962, -0.973935, 0.000488183, 0.000403158, 0.00038823, -0.00215003, -0.00290247, 0.0113694, 0.696061, 0.114133, -0.568121, -2.50289, 0.569286, 2.62297, 0.661283, 0.000447923, 4.80527e-05, 0.000375145, 0.00119142, -0.00347611, 5.72473e-05, -0.00771822
584119, 10.5849, -0.0258848, 0.0304464, 0.0554339, 0.179369, 0.0508792, -0.842061, -0.000362553, -0.000224921, 0.000141994, 0.04481, 0.424279, 0.031073, 0.473333, 0.0652394, 0.150045, 0.52661, -0.836195, -0.153164, -0.847787, -0.503277, -0.167239, 0.0627601, 0.21792, -0.973947, -0.000740309, 0.000160358, -0.00112946, -0.00784724, 0.000853559, 0.0165121, 0.696056, 0.114141, -0.568124, -2.5029, 0.569201, 2.62296, 0.661241, -0.000497572, 0.00203705, 0.00201788, -0.000509163, -0.0121505, 0.000139819, -0.00480567
594407, 10.5959, -0.0258811, 0.0304477, 0.055437, 0.179348, 0.0508578, -0.842002, -0.000403264, -0.000256086, -0.00750612, 0.044587, 0.42441, 0.031072, 0.473337, 0.0652407, 0.150048, 0.526711, -0.83614, -0.153117, -0.847725, -0.503384, -0.167234, 0.0627541, 0.217885, -0.973955, -0.000131406, -0.000261413, -0.000317565, -0.0092775, -0.000509057, 0.0184114, 0.696058, 0.114141, -0.568121, -2.50289, 0.569118, 2.62296, 0.661199, -0.000174565, 0.000880101, 0.000510198, 0.000503301, -0.0168145, -0.000370433, -0.00368621
604723, 10.6059, -0.0258856, 0.0304394, 0.0554335, 0.179318, 0.0508486, -0.84196, 0.00380855, -0.00262085, -0.015254, 0.044775, 0.424489, 0.030941, 0.473332, 0.0652324, 0.150044, 0.526785, -0.8361, -0.153081, -0.84768, -0.503466, -0.167212, 0.0627354, 0.217848, -0.973964, -1.81326e-05, -0.000666047, 0.000287286, -0.00314526, -0.000760506, 0.00556813, 0.696053, 0.11414, -0.568128, -2.5029, 0.569042, 2.62296, 0.661162, -0.000329171, -0.0011238, -0.000905217, -0.00040828, -0.00713478, -3.62494e-05, -0.000733146
614978, 10.6159, -0.0258823, 0.0304393, 0.0554353, 0.179294, 0.0508262, -0.841894, -0.000393201, -0.000232547, 0.000148121, 0.04481, 0.424279, 0.031073, 0.473336, 0.0652323, 0.150046, 0.526898, -0.836039, -0.153028, -0.847611, -0.503586, -0.167205, 0.0627268, 0.217808, -0.973974, -0.000535733, -0.000341962, -0.00107686, -0.0105464, -0.000768612, 0.0248951, 0.696053, 0.114143, -0.568125, -2.50289, 0.568954, 2.62296, 0.661108, -8.87082e-05, 0.00233852, 0.000772567, -5.67226e-05, -0.016195, 0.000111641, -0.0106781
625153, 10.6269, -0.0258873, 0.0304394, 0.0554335, 0.179267, 0.0508138, -0.841822, -0.000433164, -0.000265777, -0.00749976, 0.044587, 0.42441, 0.031072, 0.473331, 0.0652324, 0.150045, 0.527019, -0.83597, -0.152984, -0.847537, -0.503715, -0.167191, 0.0627059, 0.217772, -0.973983, -0.00060383, 0.000556512, 7.5728e-05, -0.00353054, -0.0023369, 0.01739, 0.696057, 0.114137, -0.568124, -2.5029, 0.568868, 2.62296, 0.661041, 0.000547785, -0.00164161, 0.000889882, -0.00149864, -0.00716505, 0.000308168, -0.0102613
635398, 10.6369, -0.0258876, 0.0304362, 0.0554342, 0.179241, 0.050795, -0.841758, -0.000414291, -0.000238377, 0.000152434, 0.04481, 0.424279, 0.031073, 0.47333, 0.0652292, 0.150045, 0.52713, -0.83591, -0.152935, -0.847469, -0.503833, -0.167179, 0.0626929, 0.217733, -0.973993, -0.00062518, 0.000563808, -0.000129839, -0.00253478, -0.00106759, 0.0132476, 0.696053, 0.114134, -0.568123, -2.5029, 0.568776, 2.62296, 0.660986, 0.000208682, -0.000945851, 0.00115872, -0.0011935, -0.00513127, -0.000171039, -0.00773684
645593, 10.6469, -0.0258844, 0.0304373, 0.0554361, 0.179214, 0.0507716, -0.841688, -0.000496777, -0.000220361, 0.00778473, 0.044811, 0.424531, 0.031071, 0.473334, 0.0652303, 0.150047, 0.527251, -0.835844, -0.15288, -0.847395, -0.503961, -0.16717, 0.0626829, 0.21769, -0.974003, -4.88595e-06, -4.74134e-05, -0.000108033, -0.00450224, -0.000554389, 0.00943777, 0.69606, 0.114137, -0.568124, -2.50289, 0.568682, 2.62296, 0.660931, 0.000782188, 0.00047944, -0.000438499, 0.000352887, -0.00788679, -0.000104066, -0.00236537
655766, 10.6569, -0.025888, 0.0304355, 0.0554345, 0.179178, 0.0507504, -0.841621, 0.00795034, -0.000134548, -0.00753252, 0.044802, 0.424687, 0.031075, 0.47333, 0.0652285, 0.150045, 0.527366, -0.835781, -0.152823, -0.847324, -0.504085, -0.167152, 0.0626667, 0.21764, -0.974015, -0.000541172, -0.00126183, -0.000515309, -0.00651889, -0.000273882, 0.0139157, 0.696058, 0.114132, -0.568118, -2.5029, 0.568574, 2.62297, 0.660888, -0.00120363, 0.000152343, -0.000666728, -0.00108081, -0.0113337, -0.000143957, -0.00628994
666031, 10.6669, -0.0258849, 0.0304345, 0.0554361, 0.17914, 0.0507228, -0.84154, 0.0079749, 0.00471168, -0.00761946, 0.04464, 0.424305, 0.030939, 0.473333, 0.0652275, 0.150047, 0.527505, -0.835706, -0.152754, -0.847238, -0.504235, -0.167135, 0.0626517, 0.217584, -0.974029, 0.000166931, -0.00119192, 0.000501439, -0.00728707, -0.00173847, 0.0135949, 0.696058, 0.114135, -0.568115, -2.50289, 0.568449, 2.62297, 0.660834, -0.00120059, -0.00145336, -0.00091018, -1.02374e-05, -0.0155448, -0.000218723, -0.00242508
676225, 10.6779, -0.0258867, 0.0304317, 0.0554349, 0.179082, 0.0506934, -0.841436, 0.00374515, 0.00712389, -0.00747502, 0.044674, 0.424353, 0.031072, 0.473331, 0.0652247, 0.150046, 0.527685, -0.835608, -0.152667, -0.847129, -0.504431, -0.1671, 0.0626207, 0.217505, -0.974048, 0.000434931, -0.000379158, 0.000315128, -0.0106034, -0.00344342, 0.0243483, 0.696058, 0.114135, -0.568112, -2.50289, 0.568273, 2.62297, 0.660773, -0.000129104, 2.63478e-05, 0.000181277, 0.00113795, -0.0195299, 0.000384056, -0.0078216
686399, 10.6869, -0.0258935, 0.0304207, 0.0554276, 0.179008, 0.0506671, -0.841325, 0.00372371, -0.00262768, -0.00757968, 0.044997, 0.424358, 0.030941, 0.473324, 0.0652137, 0.150039, 0.527877, -0.835504, -0.152572, -0.847012, -0.504643, -0.167049, 0.0625761, 0.217411, -0.974072, -0.00063793, -0.00128539, -0.000742173, -0.0147053, -0.000683207, 0.0288006, 0.696056, 0.114142, -0.56812, -2.5029, 0.568082, 2.62297, 0.660695, -0.000662817, 0.00081719, -0.00040423, -0.000715418, -0.0262312, -8.72388e-05, -0.00766325
696635, 10.6979, -0.0258969, 0.030411, 0.0554271, 0.178909, 0.0506194, -0.841141, 0.00358041, -0.00271105, 7.82696e-06, 0.044554, 0.424613, 0.030938, 0.473321, 0.065204, 0.150038, 0.528193, -0.835332, -0.152424, -0.84682, -0.504986, -0.16699, 0.0625201, 0.217278, -0.974105, -0.000703164, -0.00118341, -0.000341903, -0.0197536, -0.00255302, 0.0423415, 0.696053, 0.114137, -0.568125, -2.5029, 0.567775, 2.62296, 0.660576, 0.000593208, -0.000531221, -0.00115814, -0.00101109, -0.0369213, -4.8766e-05, -0.0116892
706878, 10.7079, -0.0258985, 0.030396, 0.0554271, 0.178788, 0.0505525, -0.84093, -0.000601489, -0.000326396, -0.00746299, 0.044587, 0.42441, 0.031072, 0.473319, 0.065189, 0.150038, 0.528557, -0.835135, -0.152238, -0.846596, -0.505383, -0.166922, 0.0624638, 0.217112, -0.974146, 6.94973e-05, -0.00131284, 0.000237291, -0.0228657, -0.00623971, 0.0560509, 0.696045, 0.114132, -0.568131, -2.5029, 0.567403, 2.62296, 0.660447, -0.00055644, -0.000579919, -0.000371056, 0.000704981, -0.0424998, -0.000179561, -0.0211058
717121, 10.7179, -0.0259025, 0.0303801, 0.0554229, 0.178634, 0.0504759, -0.840671, -0.000652271, -0.000347098, -0.00745151, 0.044587, 0.42441, 0.031072, 0.473316, 0.0651731, 0.150034, 0.529004, -0.834893, -0.152013, -0.846323, -0.50587, -0.16683, 0.0623864, 0.216906, -0.974197, -0.00270416, -0.000483615, -0.00170408, -0.0226832, 0.00687808, 0.0587736, 0.696036, 0.114136, -0.568132, -2.5029, 0.566954, 2.62296, 0.660289, -0.00123801, 0.00112749, 0.000759136, -8.65125e-05, -0.0478673, -0.0111143, -0.0162607
727298, 10.7289, -0.0259059, 0.0303667, 0.0554234, 0.178461, 0.0503795, -0.84035, -0.00494335, -0.00775894, 0.000201748, 0.044723, 0.424336, 0.031073, 0.473312, 0.0651597, 0.150034, 0.529555, -0.834593, -0.151742, -0.845984, -0.506469, -0.166733, 0.0623016, 0.216666, -0.974256, -0.000226358, -0.000434169, 0.000502886, -0.0293649, -0.00545967, 0.0640018, 0.696036, 0.114127, -0.568135, -2.5029, 0.566412, 2.62296, 0.660094, -0.000157891, -0.00194124, 0.00157337, 0.000284137, -0.0577441, -2.06751e-05, -0.0135595
737465, 10.7389, -0.0259064, 0.0303566, 0.055424, 0.178278, 0.0502764, -0.840012, -0.00500801, -0.00284177, 0.000135713, 0.044783, 0.424333, 0.030937, 0.473312, 0.0651496, 0.150035, 0.530136, -0.834276, -0.151456, -0.845627, -0.507098, -0.166632, 0.0622143, 0.216413, -0.974318, -0.000402771, -0.00207844, -0.000182832, -0.03288, -0.0077833, 0.0797026, 0.696038, 0.114126, -0.568132, -2.50289, 0.565846, 2.62296, 0.659894, -0.000825605, -0.000405824, -0.000625823, -1.29984e-05, -0.0601932, -8.19319e-05, -0.0304571
747741, 10.7489, -0.0259067, 0.0303523, 0.0554247, 0.178076, 0.0501619, -0.839655, -0.000848566, -0.000417133, -0.00740899, 0.044587, 0.42441, 0.031072, 0.473311, 0.0651453, 0.150036, 0.530748, -0.833944, -0.151143, -0.84525, -0.507764, -0.16652, 0.062123, 0.216134, -0.974385, -0.000135838, -0.00101951, -0.00018024, -0.0328872, -0.00457718, 0.066025, 0.696052, 0.114126, -0.568124, -2.50288, 0.565229, 2.62297, 0.659715, 0.000308512, 0.000506597, 0.000606507, 0.00104638, -0.0614301, 0.000261911, -0.0129251
758031, 10.7589, -0.0259131, 0.0303411, 0.0554234, 0.177827, 0.0500401, -0.839246, 0.0074805, 0.00462859, -0.0075106, 0.044862, 0.424683, 0.030939, 0.473305, 0.0651341, 0.150034, 0.53145, -0.833562, -0.150785, -0.844818, -0.508531, -0.166368, 0.0619992, 0.215802, -0.974467, -0.000214287, -0.00171172, 0.000119335, -0.0417134, -0.00531818, 0.0806103, 0.69606, 0.114118, -0.56812, -2.50288, 0.564481, 2.62297, 0.659531, 0.00116327, -0.000609491, -0.00103492, 0.000852096, -0.0797252, -9.41018e-06, -0.0125882
768272, 10.7699, -0.0259213, 0.0303111, 0.0554186, 0.177465, 0.0498732, -0.838718, 0.0116887, 0.00702652, -0.0150144, 0.044888, 0.424378, 0.031076, 0.473297, 0.0651041, 0.15003, 0.532358, -0.833071, -0.150289, -0.844258, -0.509536, -0.166137, 0.0618264, 0.215327, -0.974583, -0.00125538, -0.00333617, -0.0010574, -0.0557176, -0.00391929, 0.102209, 0.696055, 0.114115, -0.568126, -2.50288, 0.563431, 2.62297, 0.659333, 0.00037733, 0.00051141, -0.00177886, -0.000854387, -0.104352, 0.000243671, -0.0148778
778573, 10.7799, -0.0259289, 0.0302763, 0.0554159, 0.177075, 0.049692, -0.838161, 0.00722873, 0.00446026, 0.000153601, 0.044641, 0.424556, 0.030938, 0.473289, 0.0650693, 0.150027, 0.533315, -0.832555, -0.149757, -0.843667, -0.510594, -0.165888, 0.0616454, 0.214816, -0.974707, -0.000224628, -0.00379182, 0.000617445, -0.0595383, -0.00859806, 0.115578, 0.696045, 0.114106, -0.568134, -2.50288, 0.562293, 2.62297, 0.659146, -0.000839071, -0.00259259, -0.00205751, 0.000543694, -0.115527, -0.000193804, -0.0201344
788870, 10.7899, -0.025926, 0.0302282, 0.0554191, 0.176616, 0.049456, -0.837519, 0.0113834, 0.00200676, -0.0151833, 0.044827, 0.424384, 0.030808, 0.473292, 0.0650212, 0.15003, 0.534419, -0.831963, -0.149113, -0.842983, -0.511815, -0.165606, 0.0614598, 0.214203, -0.974854, 0.000688899, -0.00606891, 0.000754425, -0.0769522, -0.00954458, 0.135542, 0.696028, 0.1141, -0.568153, -2.50286, 0.560942, 2.62298, 0.658951, -0.00225386, -0.00108972, -0.0037823, 0.00291889, -0.147997, 1.07724e-05, -0.0152457
