timestamp, robot_time[1], robot_ee_pos_error[3], robot_ee_ori_error[3], sensed_forces_moments[6], robot_ee_position[3], robot_ee_orientation[9], robot_ee_linear_velocity[3], robot_ee_angular_velocity[3], joint_angles[7], joint_velocities[7], 
10299, 10.0119, -0.00400242, 0.0156163, 0.0631794, 0.164784, 0.112558, -0.598412, 0.00411887, 0.00249373, -0.000247688, 0.045007, 0.423102, 0.030807, 0.495216, 0.0504093, 0.15779, 0.790419, -0.588488, -0.170059, -0.610668, -0.778838, -0.143167, -0.0481962, 0.217011, -0.974979, 9.07829e-05, 0.00132752, 5.5886e-05, -0.000622782, -0.000386561, 0.00419768, 0.93003, 0.24607, -0.87126, -2.34596, 0.609441, 2.37313, 0.250866, 0.00378634, 0.000868978, -0.00105715, 0.00076507, -4.0264e-05, -0.000347237, -0.00123017
20666, 10.0219, -0.00400234, 0.0156167, 0.0631797, 0.164786, 0.112559, -0.59841, -9.09827e-05, 0.00492425, -0.00010779, 0.045041, 0.42315, 0.03094, 0.495216, 0.0504097, 0.157791, 0.79042, -0.588486, -0.170059, -0.610666, -0.778838, -0.143169, -0.0481957, 0.217013, -0.974978, 0.000404811, -0.000663588, 0.000198478, -0.000565765, -0.00174286, -0.000669554, 0.930026, 0.246068, -0.871256, -2.34596, 0.609441, 2.37313, 0.250864, -0.000614584, -0.000147573, -0.000455383, 5.00809e-05, -6.81533e-05, 0.0015432, -0.000618103
30935, 10.0319, -0.00400215, 0.0156218, 0.0631813, 0.164794, 0.112559, -0.598409, -2.0339e-05, -4.40859e-05, -0.00765815, 0.04498, 0.422901, 0.031077, 0.495216, 0.0504148, 0.157792, 0.790421, -0.588484, -0.170062, -0.610665, -0.778838, -0.143176, -0.0481938, 0.217021, -0.974977, -0.000174258, 0.000675116, 0.000268405, 0.00155889, -9.4903e-05, 0.000231697, 0.930029, 0.246062, -0.871251, -2.34596, 0.609445, 2.37313, 0.250868, -5.3093e-05, -0.00166419, 0.00099498, -0.000556835, 0.000179157, -8.74497e-05, 0.00046215
41074, 10.0419, -0.00400285, 0.0156223, 0.0631798, 0.164787, 0.11256, -0.598404, -3.06623e-05, 0.00489448, -0.00773788, 0.04504, 0.422898, 0.030942, 0.495215, 0.0504153, 0.157791, 0.790424, -0.58848, -0.170061, -0.610661, -0.778843, -0.14317, -0.0481978, 0.217014, -0.974978, -0.000259342, 0.000618366, -0.000106565, -6.46441e-05, 0.000482648, 0.000237378, 0.930034, 0.246067, -0.871253, -2.34596, 0.609442, 2.37313, 0.250867, 0.0021478, 2.11411e-05, -0.000808755, -0.000490215, 0.000251717, 1.24735e-05, 0.000854739
51192, 10.0519, -0.00400365, 0.0156232, 0.0631779, 0.164783, 0.112563, -0.598402, 0.00417952, 0.0024733, -0.00787774, 0.045006, 0.42285, 0.030809, 0.495214, 0.0504162, 0.157789, 0.790426, -0.588478, -0.170061, -0.610659, -0.778845, -0.143165, -0.0482023, 0.217011, -0.974978, 5.39363e-05, 0.000701277, -0.000228581, -0.000935462, 0.000395366, 0.000760686, 0.930032, 0.246071, -0.871248, -2.34596, 0.60944, 2.37313, 0.250868, 0.000727633, 0.00103368, 0.000920487, 0.000543912, -0.000262084, 0.000167066, 0.00116732
61309, 10.0629, -0.00400718, 0.0156171, 0.0631757, 0.164783, 0.112567, -0.598408, -2.92841e-05, -0.000117055, -4.78946e-05, 0.044758, 0.422774, 0.031075, 0.495211, 0.0504101, 0.157787, 0.79042, -0.588483, -0.170067, -0.610665, -0.778841, -0.143163, -0.0482058, 0.217013, -0.974978, -0.000733453, 0.000395619, -0.000427636, -0.001431, 0.00121973, 0.0041317, 0.930028, 0.246069, -0.871255, -2.34597, 0.609443, 2.37313, 0.25086, 0.00253792, 0.000116764, -0.00117042, -0.00124732, -0.00205599, -0.000250938, -0.00132328
71426, 10.0729, -0.00400252, 0.0156193, 0.0631799, 0.164787, 0.112558, -0.598401, 0.00418888, -0.0024753, -0.00779783, 0.044946, 0.422853, 0.030944, 0.495215, 0.0504123, 0.157791, 0.790427, -0.588477, -0.170059, -0.610658, -0.778845, -0.143171, -0.0481964, 0.217014, -0.974978, 0.00087843, -0.000573158, 0.000629768, -0.000323178, -0.00221041, 0.000280852, 0.93003, 0.246067, -0.871255, -2.34596, 0.609441, 2.37313, 0.250858, -0.000239999, 0.000174592, -0.0010965, 0.0015992, -0.00013391, 0.000303154, -0.00126691
81542, 10.0829, -0.00400264, 0.0156228, 0.0631805, 0.164791, 0.112559, -0.598398, 0.00417927, 0.00247541, -0.00787801, 0.045006, 0.42285, 0.030809, 0.495215, 0.0504158, 0.157792, 0.790429, -0.588474, -0.17006, -0.610655, -0.778846, -0.143174, -0.0481966, 0.217017, -0.974977, -0.000474172, 0.000369995, -0.000375688, 8.6243e-05, 0.000706712, 0.00101706, 0.930031, 0.246064, -0.87125, -2.34596, 0.609442, 2.37313, 0.25086, 0.00064373, 5.91317e-06, 0.000307214, -0.00101166, 0.000297447, 0.000218389, -0.000552468
91658, 10.0929, -0.00400173, 0.015615, 0.0631808, 0.164789, 0.112556, -0.598409, -2.13542e-05, -4.49819e-05, -0.00765784, 0.04498, 0.422901, 0.031077, 0.495216, 0.050408, 0.157792, 0.790421, -0.588486, -0.170058, -0.610666, -0.778838, -0.143172, -0.0481925, 0.217015, -0.974978, 0.000719222, -0.00158006, 0.000378978, -0.000599881, -0.00147882, -0.00199742, 0.930027, 0.246066, -0.871261, -2.34596, 0.609442, 2.37313, 0.250859, -0.00151987, 0.000580993, -0.0016881, 0.00115203, 6.08357e-05, 0.000149097, -0.00104624
101775, 10.1029, -0.00400248, 0.0156155, 0.0631788, 0.164785, 0.112559, -0.59841, 0.00417909, -0.00253596, -0.000187772, 0.044724, 0.422727, 0.030942, 0.495216, 0.0504085, 0.15779, 0.79042, -0.588486, -0.17006, -0.610666, -0.778839, -0.143168, -0.0481966, 0.217013, -0.974978, -2.74805e-05, -0.00103614, -0.000163464, -0.000295398, 0.000377709, -0.00196076, 0.930022, 0.24607, -0.871254, -2.34596, 0.609442, 2.37313, 0.250861, -0.00154026, 0.000386781, -0.000423151, -0.000188493, 8.99718e-05, -8.01005e-05, -8.3793e-05
111896, 10.1129, -0.00399721, 0.0156172, 0.0631845, 0.164794, 0.112548, -0.598401, 0.00417696, 0.00247695, -0.00787783, 0.045006, 0.42285, 0.030809, 0.495221, 0.0504102, 0.157795, 0.790428, -0.588478, -0.17005, -0.610656, -0.778844, -0.143181, -0.0481838, 0.217016, -0.974978, 0.000884256, -0.000360331, 0.000735189, 0.000229369, -0.00235382, 0.000813403, 0.930026, 0.246065, -0.871258, -2.34595, 0.609442, 2.37313, 0.250853, -0.000376706, -0.000221962, -0.000714647, 0.00163895, 1.29863e-05, 0.000128497, -0.00165263
122012, 10.1229, -0.00400687, 0.0156206, 0.0631777, 0.164789, 0.112567, -0.598403, 0.00422087, -0.00244562, -0.000138132, 0.045168, 0.422723, 0.030944, 0.495211, 0.0504136, 0.157789, 0.790424, -0.588478, -0.170067, -0.61066, -0.778843, -0.14317, -0.0482038, 0.217018, -0.974977, -0.000852851, 0.000851353, -0.000403619, 0.000971263, 0.00172937, 0.000419595, 0.930029, 0.246062, -0.871251, -2.34597, 0.609442, 2.37313, 0.25086, 0.000490006, -0.00097146, 0.00120852, -0.00169526, 0.000132386, -0.000259548, 0.000891136
132129, 10.1339, -0.00400233, 0.0156177, 0.0631801, 0.164787, 0.112558, -0.598402, 0.00411868, 0.00249463, -0.000247785, 0.045007, 0.423102, 0.030807, 0.495216, 0.0504107, 0.157791, 0.790426, -0.588478, -0.170058, -0.610658, -0.778844, -0.143171, -0.0481957, 0.217013, -0.974978, 0.000134994, -4.52515e-05, 0.000389747, 0.000286602, -0.000976911, 0.00133249, 0.930029, 0.246067, -0.871257, -2.34596, 0.60944, 2.37313, 0.250857, 0.00101225, -0.000821654, -0.00125363, 2.10114e-05, -0.000417504, -3.23636e-06, -0.00123228
142257, 10.1439, -0.00399718, 0.0156219, 0.0631859, 0.164798, 0.112548, -0.598398, -8.27138e-05, -1.21346e-05, -2.80189e-05, 0.044981, 0.423153, 0.031076, 0.495221, 0.0504149, 0.157797, 0.79043, -0.588475, -0.170052, -0.610654, -0.778845, -0.143185, -0.0481831, 0.21702, -0.974977, 0.00103639, 0.000938113, 0.00114012, 0.000767331, -0.001927, -0.00150158, 0.930031, 0.24606, -0.871255, -2.34595, 0.609442, 2.37313, 0.250858, 0.00133129, -0.00102204, -0.000189055, 0.0022023, -0.000150561, -0.000164921, 0.00329122
152373, 10.1539, -0.00400205, 0.0156213, 0.0631818, 0.164794, 0.112557, -0.598396, -9.09822e-05, 0.00492641, -0.000108108, 0.045041, 0.42315, 0.03094, 0.495216, 0.0504143, 0.157793, 0.790431, -0.588472, -0.170059, -0.610653, -0.778847, -0.143179, -0.0481937, 0.21702, -0.974977, 4.28373e-05, -8.6472e-05, 0.0004459, 0.00126546, -0.000299715, 0.000212924, 0.930027, 0.24606, -0.87125, -2.34596, 0.609441, 2.37313, 0.250854, -0.000770415, -0.00147334, 9.00327e-05, 1.63428e-05, -0.000387602, -0.000711118, -0.000469564
162489, 10.1639, -0.0040024, 0.0156189, 0.0631803, 0.164788, 0.112558, -0.598397, -9.13778e-05, 0.00492504, -0.000107837, 0.045041, 0.42315, 0.03094, 0.495216, 0.0504119, 0.157791, 0.79043, -0.588473, -0.170058, -0.610653, -0.778848, -0.143172, -0.0481959, 0.217014, -0.974978, -0.000277498, -0.000875115, -0.000283496, -0.0005778, 0.000153625, 0.00175625, 0.930029, 0.246066, -0.871255, -2.34596, 0.60944, 2.37313, 0.250852, -3.57839e-05, 0.000468838, -0.00142306, -0.000665611, -0.000270559, -0.000166363, -0.00313057
172634, 10.1739, -0.00400139, 0.0156203, 0.0631833, 0.164797, 0.112555, -0.598399, -9.11601e-05, 0.00492717, -0.000108188, 0.045041, 0.42315, 0.03094, 0.495217, 0.0504133, 0.157794, 0.790429, -0.588475, -0.170058, -0.610656, -0.778844, -0.143182, -0.0481901, 0.217022, -0.974976, 0.000850905, 0.000169831, 0.00120885, 0.00179864, -0.0026448, -0.00128392, 0.930029, 0.246057, -0.871255, -2.34596, 0.609442, 2.37313, 0.250855, -4.49399e-05, -0.00223511, -0.000439357, 0.00109937, 0.000256454, 0.000318817, 0.000776703
182750, 10.1839, -0.00400243, 0.0156201, 0.0631804, 0.16479, 0.112558, -0.598396, -2.12084e-05, -4.46211e-05, -0.00765792, 0.04498, 0.422901, 0.031077, 0.495216, 0.0504131, 0.157791, 0.790431, -0.588472, -0.170058, -0.610652, -0.778849, -0.143174, -0.0481958, 0.217016, -0.974978, -0.0003845, -0.000908255, -0.000499323, -0.00100887, 0.00135904, -0.00205154, 0.930029, 0.246065, -0.871253, -2.34596, 0.609441, 2.37313, 0.250852, -0.00040468, 0.000851829, -0.000983023, -0.000817125, -0.000193242, -7.04004e-05, 0.000724843
192866, 10.1939, -0.00400265, 0.0156215, 0.0631801, 0.164789, 0.112559, -0.598395, 0.00417892, 0.0024752, -0.00787791, 0.045006, 0.42285, 0.030809, 0.495215, 0.0504145, 0.157791, 0.790431, -0.588471, -0.170059, -0.610652, -0.778849, -0.143173, -0.0481968, 0.217015, -0.974978, -2.42353e-05, -0.000134668, -0.000106574, -0.000349422, 0.000166296, -0.000926807, 0.930032, 0.246066, -0.871253, -2.34596, 0.609442, 2.37313, 0.250854, 0.000668537, 0.000461002, -0.000799096, -0.000100734, 0.000366944, 0.00013494, 0.000499456
202983, 10.2039, -0.00400201, 0.0156195, 0.0631814, 0.164793, 0.112557, -0.598396, 0.00412876, -0.00244391, -0.000168015, 0.044947, 0.423105, 0.030942, 0.495216, 0.0504125, 0.157792, 0.790431, -0.588472, -0.170058, -0.610652, -0.778848, -0.143177, -0.0481937, 0.217018, -0.974977, -0.000284553, -0.000713001, 0.000271166, 0.00142814, 1.72244e-06, -0.00156669, 0.930027, 0.246062, -0.871253, -2.34596, 0.609441, 2.37313, 0.250851, -0.00108135, -0.00195875, -0.000675018, -0.00121236, -7.84361e-05, -0.000193994, -0.000305832
213113, 10.2149, -0.00400296, 0.0156212, 0.0631792, 0.164788, 0.11256, -0.598392, -2.10811e-05, -4.50592e-05, -0.00765787, 0.04498, 0.422901, 0.031077, 0.495215, 0.0504142, 0.15779, 0.790434, -0.588468, -0.170059, -0.610648, -0.778852, -0.143172, -0.0481985, 0.217014, -0.974978, 0.000333132, -0.00124057, -6.83017e-05, -0.000381612, -0.000202918, -0.0013943, 0.930029, 0.246068, -0.87125, -2.34596, 0.609442, 2.37313, 0.250849, -0.0029891, 0.000832854, 0.000512091, 0.000742271, 6.94769e-05, -0.000169729, -0.00100928
223230, 10.2249, -0.00400314, 0.0156227, 0.0631791, 0.164787, 0.11256, -0.598394, -2.09485e-05, -4.54099e-05, -0.00765785, 0.04498, 0.422901, 0.031077, 0.495215, 0.0504157, 0.15779, 0.790432, -0.58847, -0.170059, -0.61065, -0.778851, -0.14317, -0.0481995, 0.217013, -0.974978, -0.000599397, 0.000519437, -0.000724677, -0.000853323, 0.0020522, -3.25742e-05, 0.930032, 0.246068, -0.87125, -2.34596, 0.609441, 2.37313, 0.250855, 0.000648406, 0.00110904, 0.000820595, -0.000738686, -6.47411e-05, -0.000200762, 0.00146331
233346, 10.2349, -0.00400208, 0.0156176, 0.0631807, 0.16479, 0.112557, -0.5984, -6.13386e-05, 0.00494534, 0.00754211, 0.045263, 0.42302, 0.03094, 0.495216, 0.0504106, 0.157792, 0.790428, -0.588476, -0.170058, -0.610657, -0.778845, -0.143174, -0.0481942, 0.217015, -0.974978, 0.000249541, -0.000211105, 0.000162741, 0.000105321, -0.000202477, -0.000978295, 0.930027, 0.246065, -0.871256, -2.34596, 0.609441, 2.37313, 0.250853, -0.000548495, 0.000130842, -3.80618e-05, 0.000603154, 0.000148739, -0.0002627, 0.000446373
243462, 10.2449, -0.00400271, 0.0156217, 0.06318, 0.164791, 0.112559, -0.598389, -2.10703e-05, -4.4277e-05, -0.00765799, 0.04498, 0.422901, 0.031077, 0.495215, 0.0504147, 0.157791, 0.790436, -0.588465, -0.170059, -0.610646, -0.778853, -0.143175, -0.0481971, 0.217017, -0.974977, -0.000749366, 0.000275399, -0.000882443, -0.000395872, 0.00109789, 0.00395189, 0.930027, 0.246065, -0.871248, -2.34596, 0.609442, 2.37313, 0.250846, -0.000697028, 0.000777741, 0.00176945, -0.00134311, 5.46591e-05, 0.000323801, -0.0033692
253578, 10.2549, -0.00400251, 0.0156208, 0.0631802, 0.164792, 0.112558, -0.59839, -9.1182e-05, 0.00492592, -0.000108001, 0.045041, 0.42315, 0.03094, 0.495215, 0.0504138, 0.157791, 0.790436, -0.588466, -0.170058, -0.610646, -0.778853, -0.143176, -0.0481961, 0.217017, -0.974977, 0.000429418, -0.000256203, 0.000289523, 0.00032475, -0.00104358, 0.000620117, 0.930027, 0.246065, -0.87125, -2.34596, 0.609443, 2.37313, 0.250844, -0.000989524, 3.35158e-05, 0.000232442, 0.000905492, 0.000227004, -0.000119799, -0.00140852
263695, 10.2649, -0.00400301, 0.0156198, 0.0631786, 0.164785, 0.112559, -0.598394, 0.00411868, 0.00249424, -0.00024773, 0.045007, 0.423102, 0.030807, 0.495215, 0.0504128, 0.15779, 0.790432, -0.588471, -0.170058, -0.610651, -0.778851, -0.143169, -0.0481989, 0.217011, -0.974978, 0.000419841, -0.000487105, -0.000242175, -0.00193597, -2.81309e-05, -0.00153205, 0.930032, 0.246071, -0.871255, -2.34596, 0.609442, 2.37313, 0.25085, 0.000962863, 0.00243266, -0.00149508, 0.00118103, 0.000446152, 0.000200999, 0.0008983
273814, 10.2749, -0.00400294, 0.015623, 0.0631795, 0.164791, 0.112559, -0.598385, 0.00411881, 0.00249567, -0.000247964, 0.045007, 0.423102, 0.030807, 0.495215, 0.050416, 0.157791, 0.790439, -0.588461, -0.170058, -0.610642, -0.778857, -0.143175, -0.048198, 0.217016, -0.974977, -0.000397314, 0.000855086, -0.000353358, 0.000649092, 0.000883558, 0.00194144, 0.930032, 0.246067, -0.87125, -2.34596, 0.609444, 2.37313, 0.250842, 0.000443456, 0.000250968, 0.00120961, -0.000408069, 0.000801392, -0.000438526, -0.00097978
283942, 10.2859, -0.0040036, 0.0156239, 0.0631782, 0.164786, 0.112561, -0.598384, -3.11087e-05, 0.00489452, -0.00773781, 0.04504, 0.422898, 0.030942, 0.495214, 0.0504169, 0.157789, 0.79044, -0.58846, -0.170059, -0.61064, -0.778859, -0.14317, -0.0482018, 0.217012, -0.974978, 0.000498904, 0.0020831, 4.45145e-05, -0.0002801, -0.000805927, 0.00386809, 0.930032, 0.24607, -0.871247, -2.34596, 0.609441, 2.37313, 0.250845, 0.000774408, 0.00101118, 0.00332069, 0.0018337, 0.000115672, 0.000354956, 0.000321095
294103, 10.2959, -0.00400286, 0.0156203, 0.0631792, 0.164788, 0.112559, -0.598389, -3.12427e-05, 0.00489513, -0.00773787, 0.04504, 0.422898, 0.030942, 0.495215, 0.0504133, 0.15779, 0.790436, -0.588466, -0.170058, -0.610646, -0.778854, -0.143173, -0.0481981, 0.217014, -0.974978, 3.8609e-06, -5.43988e-05, -0.000184042, -0.000286612, 0.000351367, -0.00101634, 0.930027, 0.246068, -0.87125, -2.34596, 0.609442, 2.37313, 0.250844, -0.000969268, 0.000400714, 0.000979012, 6.49444e-05, 4.7341e-05, 0.000241178, 0.000951435
304220, 10.3059, -0.00400299, 0.0156221, 0.0631794, 0.164788, 0.112558, -0.598382, 0.00411837, 0.00249521, -0.000247818, 0.045007, 0.423102, 0.030807, 0.495215, 0.0504151, 0.15779, 0.790442, -0.588458, -0.170056, -0.610638, -0.77886, -0.143173, -0.0481987, 0.217013, -0.974978, 0.000588392, 0.000698243, 0.000381625, -0.000192483, -0.00187262, 0.00449373, 0.930034, 0.246068, -0.871253, -2.34596, 0.609441, 2.37313, 0.250839, 0.00139007, 0.000517042, -0.000137475, 0.00150884, -7.77311e-06, 2.21056e-05, -0.00302943
314336, 10.3159, -0.00400188, 0.0156184, 0.0631816, 0.164793, 0.112555, -0.598388, 0.00415823, -0.00241361, 0.00748203, 0.045169, 0.422975, 0.030943, 0.495216, 0.0504114, 0.157793, 0.790437, -0.588465, -0.170056, -0.610645, -0.778854, -0.143178, -0.0481931, 0.217017, -0.974977, 0.000749766, -0.00033102, 0.000922439, 0.000615046, -0.00219621, -0.000105566, 0.930027, 0.246062, -0.871255, -2.34596, 0.60944, 2.37313, 0.25084, -0.000107758, -0.00126446, -0.00103541, 0.00112929, -0.000511733, 0.000104899, -0.000420777
324453, 10.3259, -0.00400208, 0.0156177, 0.0631806, 0.164792, 0.112555, -0.598382, 0.004168, 0.00240638, -0.000267926, 0.044784, 0.422723, 0.030807, 0.495216, 0.0504107, 0.157792, 0.790442, -0.588458, -0.170055, -0.610638, -0.778859, -0.143178, -0.0481941, 0.217016, -0.974978, -2.35683e-05, -0.000759646, 0.000151595, 0.000922631, -0.000654215, -0.000482237, 0.930026, 0.246065, -0.871255, -2.34596, 0.609442, 2.37313, 0.250829, -0.00162365, -0.00101445, -6.69774e-05, -0.000599473, 0.000306792, 0.000257432, -0.00164853
334588, 10.3359, -0.00400154, 0.0156124, 0.0631808, 0.16479, 0.112554, -0.598392, -2.23165e-05, -4.42254e-05, -0.00765778, 0.04498, 0.422901, 0.031077, 0.495216, 0.0504054, 0.157792, 0.790435, -0.588468, -0.170053, -0.610648, -0.778852, -0.143176, -0.048192, 0.217014, -0.974978, -0.000224567, -0.000990269, -0.000172251, -0.000262145, 0.000678568, -0.00206253, 0.930022, 0.246066, -0.871261, -2.34596, 0.60944, 2.37313, 0.250833, -0.0010402, -5.25573e-05, -0.000790932, -0.000701453, -0.000255325, -8.23594e-05, 0.000350051
344705, 10.3459, -0.00400283, 0.0156169, 0.0631785, 0.164787, 0.112558, -0.598382, -3.18169e-05, -0.000115018, -4.77519e-05, 0.044758, 0.422774, 0.031075, 0.495215, 0.0504099, 0.157789, 0.790441, -0.588459, -0.170056, -0.610638, -0.77886, -0.143172, -0.0481985, 0.217012, -0.974978, 0.000394981, 1.78071e-07, -3.62958e-05, -0.000711979, -0.000118414, -0.00133245, 0.930021, 0.24607, -0.87125, -2.34596, 0.60944, 2.37313, 0.25083, -0.00109953, 0.000969415, 0.00118263, 0.00105843, -8.06612e-06, 0.000260588, 0.00157587
354822, 10.3559, -0.00400234, 0.0156157, 0.0631794, 0.16479, 0.112556, -0.598379, 0.00417782, 0.00247586, -0.00787782, 0.045006, 0.42285, 0.030809, 0.495216, 0.0504087, 0.15779, 0.790444, -0.588455, -0.170054, -0.610635, -0.778862, -0.143176, -0.0481959, 0.217014, -0.974978, -0.000132075, -0.000155088, -0.000272768, -0.000128834, 0.000844058, -0.000331521, 0.930021, 0.246068, -0.871253, -2.34596, 0.609441, 2.37313, 0.250822, -0.000831883, 0.00064824, 0.0005574, 5.66345e-05, 0.000194147, -0.000474678, -1.72865e-05
364939, 10.3659, -0.00400645, 0.0156158, 0.0631777, 0.164791, 0.112561, -0.59837, 0.00417895, 0.0024758, -0.00787801, 0.045006, 0.42285, 0.030809, 0.495212, 0.0504088, 0.157789, 0.79045, -0.588446, -0.170059, -0.610627, -0.778868, -0.143176, -0.0482022, 0.217016, -0.974977, -0.000481519, -0.000842128, -0.00031832, 9.6647e-05, 0.000909683, -0.00163917, 0.930024, 0.246063, -0.871255, -2.34597, 0.60944, 2.37313, 0.250811, -0.00102079, -0.000366388, -0.000473043, -0.00136299, 5.70972e-06, 9.7511e-05, -0.000119589
375056, 10.3769, -0.00400174, 0.0156145, 0.0631809, 0.164794, 0.112551, -0.598355, 0.00837646, 0.00497764, -0.000157842, 0.045033, 0.423048, 0.030942, 0.495216, 0.0504075, 0.157792, 0.790463, -0.588432, -0.170048, -0.610611, -0.778879, -0.143184, -0.0481928, 0.217015, -0.974978, 0.000438379, -0.000781728, 0.000353286, 0.000136876, -0.00142854, 0.000628116, 0.930023, 0.246065, -0.871258, -2.34596, 0.60944, 2.37313, 0.25079, -0.000945568, -0.000144367, -0.000777857, 0.000642631, 9.32911e-06, 7.0714e-05, -0.0022857
385172, 10.3869, -0.00400164, 0.0156164, 0.0631817, 0.164799, 0.112548, -0.598329, -3.44048e-05, -0.000110538, -4.79584e-05, 0.044758, 0.422774, 0.031075, 0.495216, 0.0504094, 0.157793, 0.790483, -0.588405, -0.170044, -0.610584, -0.778898, -0.143192, -0.0481921, 0.217017, -0.974977, 0.000139177, -9.80036e-05, 0.000142974, 0.00018025, 2.93904e-06, -0.00168366, 0.930024, 0.246062, -0.871256, -2.34596, 0.60944, 2.37313, 0.25076, -0.000457173, -0.000205826, 0.000132227, 0.00024317, 4.82586e-05, -4.29306e-05, 0.00140481
395288, 10.3969, -0.00400188, 0.0156172, 0.0631813, 0.164804, 0.112543, -0.598268, 0.00411311, 0.002502, -0.000247897, 0.045007, 0.423102, 0.030807, 0.495216, 0.0504102, 0.157792, 0.790531, -0.588345, -0.170033, -0.610523, -0.778944, -0.143203, -0.0481934, 0.217016, -0.974978, -0.000517624, -0.000347981, -0.000512812, -0.000154854, -0.00142648, 0.0104124, 0.930026, 0.246063, -0.871256, -2.34596, 0.609439, 2.37313, 0.250685, 0.000171141, 0.000339717, -0.000394488, -0.00127579, -0.000146997, 0.000453153, -0.0111053
405404, 10.4069, -0.00400621, 0.0156158, 0.0631784, 0.164806, 0.112545, -0.598217, 0.00843235, 0.00495336, -0.00778796, 0.045033, 0.422796, 0.030944, 0.495212, 0.0504088, 0.157789, 0.790569, -0.588294, -0.17003, -0.610473, -0.778983, -0.143209, -0.048201, 0.217015, -0.974977, -0.000497203, -0.000137295, -0.000142207, 0.000472502, 0.000645007, -0.000279791, 0.930029, 0.246062, -0.87126, -2.34597, 0.609439, 2.37313, 0.250617, 0.00106537, -0.000636509, -0.00129285, -0.00130506, 0.000295677, -0.000123758, -0.000372738
415520, 10.4169, -0.00400651, 0.0156143, 0.0631777, 0.164807, 0.112541, -0.598176, 0.00418061, -0.00246552, -0.00779783, 0.044946, 0.422853, 0.030944, 0.495211, 0.0504073, 0.157789, 0.790601, -0.588254, -0.170022, -0.610431, -0.779014, -0.143214, -0.0482032, 0.217012, -0.974978, -0.00030759, -0.000390076, -1.35993e-05, 0.000754899, -0.00150794, 0.00701527, 0.930023, 0.246063, -0.871256, -2.34597, 0.609434, 2.37313, 0.250566, -0.000203744, -0.000925635, -0.00054232, -0.00106285, -0.00022918, 0.000198405, -0.00799787
425636, 10.4269, -0.00400642, 0.015612, 0.0631773, 0.164808, 0.112538, -0.598154, 0.00417942, -0.00246473, -0.00779773, 0.044946, 0.422853, 0.030944, 0.495212, 0.050405, 0.157788, 0.790618, -0.588232, -0.170017, -0.610409, -0.779031, -0.143218, -0.048203, 0.21701, -0.974978, -0.000294568, -0.000860871, -0.000204107, -4.12036e-05, -9.96571e-05, 0.00193319, 0.930022, 0.246065, -0.871259, -2.34597, 0.609434, 2.37313, 0.250534, -0.000383784, -6.15078e-06, -0.00116829, -0.000846327, -4.82036e-05, -9.81726e-05, -0.00364309
435753, 10.4369, -0.00400635, 0.0156145, 0.063178, 0.164811, 0.112538, -0.598145, -4.07535e-05, 0.0049063, -0.00773786, 0.04504, 0.422898, 0.030942, 0.495212, 0.0504075, 0.157789, 0.790625, -0.588223, -0.170016, -0.6104, -0.779037, -0.143222, -0.0482021, 0.217013, -0.974978, -8.62157e-05, -0.000204824, 0.000149739, 0.000382826, -0.000459132, 0.00107039, 0.930026, 0.246063, -0.871259, -2.34597, 0.609436, 2.37313, 0.250525, 0.000139014, -0.000774711, -0.0006148, -0.000458007, -0.000276246, 4.62651e-05, -0.00143894
445870, 10.4469, -0.0040024, 0.0156199, 0.0631812, 0.164816, 0.11253, -0.598116, 0.00842705, 0.00495851, -0.0077878, 0.045033, 0.422796, 0.030944, 0.495216, 0.0504129, 0.157792, 0.790649, -0.588194, -0.170006, -0.61037, -0.779059, -0.143232, -0.0481965, 0.217013, -0.974978, 9.7987e-05, 0.0011288, 0.000296311, 0.00111019, -0.000553113, 0.00286283, 0.930028, 0.246062, -0.871252, -2.34596, 0.609433, 2.37313, 0.250502, 0.00039806, -0.000808044, 0.00144151, 0.000486704, 3.73336e-05, -0.000375302, -0.000961657
455991, 10.4579, -0.0040019, 0.0156189, 0.0631823, 0.164819, 0.112528, -0.598112, 0.00421677, 0.00737945, -0.00764789, 0.045067, 0.422844, 0.031077, 0.495216, 0.0504119, 0.157793, 0.790651, -0.588191, -0.170005, -0.610367, -0.779061, -0.143236, -0.0481939, 0.217015, -0.974978, 8.91829e-05, -8.35212e-05, 0.000133943, 0.000687776, -0.00056072, 0.0019764, 0.930026, 0.246059, -0.871253, -2.34596, 0.609433, 2.37313, 0.250495, -0.000770794, -0.000272321, 0.000355897, 0.000262887, 0.000202392, -0.000394279, -0.00250441
466127, 10.4679, -0.00400147, 0.0156226, 0.0631848, 0.164825, 0.112525, -0.598096, 0.00842611, 0.00496127, -0.00778804, 0.045033, 0.422796, 0.030944, 0.495217, 0.0504156, 0.157796, 0.790665, -0.588174, -0.170002, -0.61035, -0.779073, -0.143244, -0.0481913, 0.217019, -0.974977, -0.000289141, 0.00181348, 8.52943e-05, 0.00124092, -0.00137238, 0.00854831, 0.930034, 0.246052, -0.871255, -2.34596, 0.609431, 2.37313, 0.250482, 0.00270219, -0.000969164, 0.000771422, -0.000528646, 0.000341007, 0.00022197, -0.00564759
476243, 10.4779, -0.00400082, 0.0156117, 0.0631839, 0.164819, 0.112521, -0.598098, 0.0041849, 0.00744026, 0.00763232, 0.04529, 0.422966, 0.031076, 0.495217, 0.0504047, 0.157795, 0.790664, -0.588177, -0.169997, -0.610351, -0.779072, -0.14324, -0.0481893, 0.217012, -0.974979, -0.000260889, -0.00100669, -0.000570339, -0.00160864, 0.000184641, -0.00138064, 0.930023, 0.246057, -0.871264, -2.34596, 0.609427, 2.37313, 0.250467, -0.000570943, 0.000882849, -0.000631243, -0.00115507, -0.00022785, 0.00150069, -0.000111912
486362, 10.4879, -0.00400015, 0.0156096, 0.0631852, 0.164824, 0.112517, -0.598085, 0.00839409, 0.0050117, 0.00749225, 0.045256, 0.422918, 0.030943, 0.495218, 0.0504026, 0.157796, 0.790673, -0.588165, -0.169993, -0.610339, -0.779081, -0.143246, -0.0481859, 0.217014, -0.974978, 0.00026794, 0.00037106, 0.000276857, 0.000375429, -0.00118898, 0.00207063, 0.930021, 0.246054, -0.871267, -2.34596, 0.609427, 2.37313, 0.250447, -0.000196358, -0.000497239, 0.00078816, 0.000448897, -0.000160381, 0.000356244, -0.00139134
496492, 10.4979, -0.00399919, 0.0156024, 0.0631866, 0.164825, 0.112511, -0.59806, 0.00842198, 0.00496295, -0.00778757, 0.045033, 0.422796, 0.030944, 0.495219, 0.0503954, 0.157798, 0.790694, -0.58814, -0.169984, -0.610313, -0.7791, -0.143252, -0.0481822, 0.217012, -0.974979, 2.24401e-06, -0.000647876, 0.000350119, 0.000963206, -0.00149412, 0.00466372, 0.930013, 0.246051, -0.871273, -2.34596, 0.609419, 2.37313, 0.250407, -0.000919181, -0.00129927, -0.000650812, -0.000324045, -0.000621465, -0.000333361, -0.00586962
506609, 10.5079, -0.00399912, 0.0155956, 0.0631848, 0.164825, 0.112506, -0.598022, 0.00841985, 0.00496395, -0.00778734, 0.045033, 0.422796, 0.030944, 0.495219, 0.0503886, 0.157796, 0.790724, -0.588103, -0.169974, -0.610274, -0.77913, -0.143256, -0.0481826, 0.217007, -0.97498, -0.00129748, -0.000275521, -0.000870283, 0.000928448, -0.000321228, 0.0120453, 0.930004, 0.246057, -0.871276, -2.34596, 0.609419, 2.37313, 0.250346, -0.000601607, -0.000726337, 0.000494478, -0.00299561, -0.00013484, 0.000132067, -0.0129673
516726, 10.5179, -0.00399824, 0.0155844, 0.0631846, 0.164823, 0.112495, -0.597968, 0.00841588, 0.00496552, -0.00778688, 0.045033, 0.422796, 0.030944, 0.49522, 0.0503774, 0.157796, 0.790766, -0.588051, -0.169957, -0.610219, -0.779171, -0.143263, -0.0481794, 0.216999, -0.974982, 0.000283502, -0.00213862, 0.000130228, -0.000844184, -0.00305061, 0.00671099, 0.930001, 0.246062, -0.871293, -2.34596, 0.609414, 2.37313, 0.250261, 0.000668418, 0.000754573, -0.00458446, -0.000140844, 0.000112075, 0.000396068, -0.0109494
526841, 10.5279, -0.00399629, 0.0155723, 0.0631871, 0.164835, 0.112479, -0.597891, 0.00415118, 0.00250061, -0.00787681, 0.045006, 0.42285, 0.030809, 0.495222, 0.0503653, 0.157798, 0.790827, -0.587974, -0.169936, -0.610141, -0.779229, -0.143286, -0.0481706, 0.216999, -0.974983, -0.000287948, -0.000894428, -0.000135396, 0.00087026, -0.00242021, 0.01156, 0.929986, 0.246057, -0.871303, -2.34596, 0.609409, 2.37313, 0.250142, -0.00124881, -0.000485989, -0.000479553, -0.000946577, -7.63233e-05, -9.15245e-06, -0.0137319
536966, 10.5379, -0.00399261, 0.0155572, 0.0631936, 0.164853, 0.112457, -0.597815, 0.00840559, 0.00497785, -0.0077869, 0.045033, 0.422796, 0.030944, 0.495225, 0.0503502, 0.157805, 0.790889, -0.587899, -0.169911, -0.610063, -0.779284, -0.143318, -0.0481526, 0.217005, -0.974982, 0.000756798, -0.00308261, 0.00103142, 0.0019543, -0.00423831, 0.0031504, 0.929977, 0.246044, -0.871327, -2.34596, 0.609405, 2.37313, 0.250017, -0.00480517, -0.00231244, -0.00203437, 0.000185525, -9.83561e-05, 0.000108842, -0.0100884
547084, 10.5489, -0.00398899, 0.0155371, 0.0631985, 0.164871, 0.112428, -0.597676, 0.00839664, 0.00498675, -0.00778665, 0.045033, 0.422796, 0.030944, 0.495229, 0.0503301, 0.157809, 0.790998, -0.587763, -0.169871, -0.609922, -0.779387, -0.143357, -0.0481355, 0.217004, -0.974983, 0.000289009, -0.00317605, 0.00095521, 0.00209366, -0.00604188, 0.014337, 0.929969, 0.246038, -0.87136, -2.34596, 0.6094, 2.37313, 0.249805, -0.00277363, -0.00289042, -0.00401453, -0.00102157, -0.000907638, 7.38839e-05, -0.021016
557201, 10.5589, -0.00398423, 0.0155092, 0.0632046, 0.164894, 0.112392, -0.597519, 0.0126662, 0.0124375, -0.000116411, 0.045341, 0.422609, 0.030944, 0.495234, 0.0503022, 0.157816, 0.791123, -0.587609, -0.169825, -0.609762, -0.779503, -0.143405, -0.0481132, 0.217004, -0.974984, 0.000750255, -0.00452942, 0.00112833, 0.00127316, -0.00700883, 0.0123743, 0.929948, 0.246029, -0.871396, -2.34596, 0.609393, 2.37313, 0.249556, -0.00244602, -0.0018888, -0.00693011, -0.000367906, -0.000316504, 0.000176948, -0.0219409
567317, 10.5689, -0.00397571, 0.0154761, 0.0632103, 0.164919, 0.112346, -0.597314, 0.0126623, 0.00751015, -3.58533e-05, 0.045281, 0.422612, 0.031079, 0.495242, 0.0502691, 0.157821, 0.791286, -0.587407, -0.169764, -0.609553, -0.779657, -0.143461, -0.0480873, 0.216999, -0.974987, 0.000693625, -0.00372658, 0.00086677, 0.00224909, -0.00850626, 0.023359, 0.929906, 0.246029, -0.871421, -2.34595, 0.609384, 2.37313, 0.249237, -0.00444454, -0.00158409, -0.00347127, 8.89255e-05, -0.000152319, -0.000102567, -0.0318104
577433, 10.5789, -0.00397176, 0.0154425, 0.0632121, 0.164946, 0.112302, -0.597046, 0.00836733, 0.00498463, 0.00748463, 0.045033, 0.422539, 0.030943, 0.495246, 0.0502355, 0.157823, 0.791496, -0.587143, -0.169697, -0.609281, -0.779857, -0.143525, -0.0480697, 0.216993, -0.974989, 0.000882519, -0.00413163, 0.000574813, -0.000522457, -0.0111433, 0.0394452, 0.929872, 0.246032, -0.871453, -2.34595, 0.609381, 2.37313, 0.248833, -0.00493037, 6.45704e-05, -0.0029741, 0.00104515, -0.00369807, 0.000154448, -0.0453021
587549, 10.5889, -0.00397254, 0.0154116, 0.0632119, 0.164971, 0.112258, -0.596718, 0.00842061, 0.00496935, -0.000144633, 0.045032, 0.422288, 0.030944, 0.495245, 0.0502046, 0.157823, 0.791752, -0.586819, -0.169623, -0.608949, -0.780104, -0.14359, -0.0480621, 0.21698, -0.974992, -0.000709279, -0.00289947, -0.000518996, 0.00062924, -0.0102684, 0.0471161, 0.929862, 0.246034, -0.8715, -2.34596, 0.60937, 2.37313, 0.248365, 0.00071817, 0.000395235, -0.00562563, -0.00252026, -0.000708722, 0.000458558, -0.0531763
597666, 10.5989, -0.00396241, 0.0153749, 0.0632215, 0.165008, 0.112189, -0.596368, 0.0168487, 0.0100193, -0.0155338, 0.045084, 0.42244, 0.030812, 0.495256, 0.0501679, 0.157832, 0.792028, -0.586475, -0.169526, -0.608593, -0.780366, -0.143679, -0.048028, 0.21697, -0.974996, 0.000345971, -0.00312476, 4.76672e-05, 0.0019574, -0.012408, 0.0502845, 0.929846, 0.246031, -0.871558, -2.34595, 0.609357, 2.37313, 0.24786, -0.00413007, 0.000572014, -0.00203971, 0.000230157, -0.000329152, -0.000340893, -0.0574649
607783, 10.6089, -0.00395593, 0.0153305, 0.06323, 0.165039, 0.112119, -0.595982, 0.0168252, 0.0100386, -0.0155325, 0.045084, 0.42244, 0.030812, 0.495262, 0.0501235, 0.157841, 0.79233, -0.586097, -0.169422, -0.608201, -0.780655, -0.143765, -0.0480001, 0.216951, -0.975002, 0.000909855, -0.00441073, 0.00125078, 0.00118848, -0.0159155, 0.0567455, 0.92983, 0.246023, -0.871628, -2.34595, 0.609327, 2.37313, 0.247309, -0.00274367, -0.00170471, -0.00607881, 0.000578999, -0.0041124, -0.000236783, -0.0635716
617900, 10.6189, -0.00395948, 0.0152684, 0.063232, 0.16496, 0.112057, -0.595515, 0.0210228, 0.00263397, -0.000326205, 0.04499, 0.422138, 0.030813, 0.495259, 0.0500614, 0.157843, 0.792696, -0.585643, -0.169278, -0.607722, -0.781033, -0.143744, -0.0480292, 0.216819, -0.97503, -0.000626933, -0.00726879, 0.000316072, -0.0158075, -0.00827273, 0.0598781, 0.929811, 0.246017, -0.871702, -2.34596, 0.609119, 2.37313, 0.246772, -0.00126858, -0.00116773, -0.00903604, -0.0012169, -0.0294639, -0.000301259, -0.0479838
628018, 10.6289, -0.00395021, 0.0152069, 0.0632465, 0.16486, 0.111965, -0.594991, 0.0209804, 0.00262824, -0.000318005, 0.04499, 0.422138, 0.030813, 0.495268, 0.0499999, 0.157857, 0.79311, -0.585137, -0.16909, -0.607181, -0.781457, -0.143719, -0.0480417, 0.216653, -0.975066, 0.000759839, -0.00735755, 0.00169019, -0.0139715, -0.0142236, 0.0686617, 0.929815, 0.246009, -0.871796, -2.34594, 0.608856, 2.37313, 0.246216, 0.000753063, -0.00182075, -0.0120926, 0.00114677, -0.0276494, -0.000213326, -0.0589938
638146, 10.6399, -0.00394881, 0.0151346, 0.0632562, 0.164762, 0.111877, -0.594404, 0.0209074, 0.00259339, -0.00796984, 0.044768, 0.422268, 0.030813, 0.495269, 0.0499276, 0.157867, 0.79357, -0.584568, -0.1689, -0.606578, -0.78193, -0.143697, -0.0480671, 0.216484, -0.975102, 0.000292712, -0.00555453, 0.000839612, -0.00996617, -0.0124963, 0.0637711, 0.929804, 0.245994, -0.871893, -2.34594, 0.608582, 2.37313, 0.245565, -0.00140186, -0.00107836, -0.0070044, 0.000432755, -0.0208635, -1.95103e-05, -0.0568004
648262, 10.6499, -0.00394613, 0.0150681, 0.0632651, 0.164698, 0.111788, -0.593822, 0.0208671, 0.00259633, -0.00796331, 0.044768, 0.422268, 0.030813, 0.495272, 0.0498611, 0.157876, 0.794024, -0.584002, -0.168721, -0.605982, -0.78239, -0.14371, -0.0480789, 0.216351, -0.975131, 0.000830445, -0.0060297, 0.00152777, -0.00658913, -0.017796, 0.0760799, 0.929797, 0.245984, -0.87199, -2.34594, 0.608371, 2.37313, 0.244879, -3.16371e-05, -0.00164553, -0.0101742, 0.000926741, -0.0169283, -0.00037084, -0.0742007
658395, 10.6599, -0.0039463, 0.0149957, 0.0632702, 0.164651, 0.111703, -0.593251, 0.0208593, 0.00263264, -0.000297696, 0.04499, 0.422138, 0.030813, 0.495272, 0.0497887, 0.157881, 0.79447, -0.583445, -0.168554, -0.605397, -0.782837, -0.143738, -0.0480869, 0.216237, -0.975156, 0.000930672, -0.00779449, 0.0014884, -0.00516276, -0.0178624, 0.0681902, 0.929788, 0.24598, -0.872099, -2.34595, 0.608201, 2.37313, 0.24416, 0.000322568, -0.000882289, -0.0143256, 0.000323205, -0.0124533, -0.000409847, -0.0736106
668511, 10.6699, -0.00394129, 0.0149262, 0.0632782, 0.164625, 0.11161, -0.592686, 0.0250375, -0.00472621, -0.000352809, 0.044896, 0.422093, 0.030815, 0.495277, 0.0497192, 0.157889, 0.794909, -0.582894, -0.168386, -0.60482, -0.783274, -0.143787, -0.0480797, 0.216141, -0.975178, -0.00223673, -0.00470701, -0.00141518, -0.00744927, -0.0104764, 0.0760864, 0.929775, 0.245978, -0.872204, -2.34595, 0.60806, 2.37313, 0.243432, 0.000465953, 2.17211e-05, -0.00646209, -0.00491256, -0.0158295, 0.000159189, -0.0721074
678627, 10.6799, -0.00393432, 0.0148563, 0.0632894, 0.164612, 0.111513, -0.592152, 0.0207248, -0.0072421, 0.00716145, 0.044647, 0.42202, 0.030679, 0.495284, 0.0496493, 0.1579, 0.795326, -0.582373, -0.168223, -0.604274, -0.783684, -0.14385, -0.0480596, 0.216061, -0.975196, 0.00125408, -0.00543542, 0.00236555, -0.00101353, -0.0204993, 0.0715035, 0.929774, 0.245972, -0.872326, -2.34595, 0.607942, 2.37313, 0.242722, 0.00151718, -0.00369916, -0.0119399, 0.000521841, -0.00971599, 0.00014206, -0.075691
688743, 10.6899, -0.00393085, 0.0147895, 0.0632956, 0.164604, 0.111424, -0.591538, 0.020668, -0.0121961, -0.000404569, 0.044365, 0.422154, 0.030814, 0.495287, 0.0495825, 0.157907, 0.795801, -0.581771, -0.168061, -0.603649, -0.784152, -0.143921, -0.0480563, 0.215982, -0.975214, 0.000336945, -0.00466017, 0.000350292, -7.22918e-05, -0.0206563, 0.0863032, 0.929766, 0.245976, -0.872435, -2.34595, 0.607831, 2.37312, 0.241912, 0.000358328, 0.000725755, -0.00864792, -0.000332676, -0.00441171, 7.0413e-05, -0.0932301
698859, 10.6999, -0.00392425, 0.0147235, 0.0633057, 0.16462, 0.11131, -0.5908, 0.0248992, -0.0146209, -0.00817075, 0.04433, 0.421854, 0.030682, 0.495294, 0.0495165, 0.157917, 0.796371, -0.581046, -0.167866, -0.602898, -0.784709, -0.144033, -0.0480366, 0.21591, -0.975231, 0.000271902, -0.00541609, 0.000613947, -0.00380887, -0.0210011, 0.0933321, 0.92976, 0.245971, -0.872546, -2.34595, 0.607726, 2.37312, 0.240941, -0.000830203, -0.000516714, -0.00813053, -0.000357232, -0.0123247, 0.000341807, -0.0947802
708976, 10.7099, -0.00391844, 0.0146608, 0.0633144, 0.164641, 0.111193, -0.589992, 0.0205282, -0.0170429, -0.000626962, 0.044304, 0.422159, 0.030545, 0.4953, 0.0494538, 0.157925, 0.796992, -0.580252, -0.167662, -0.602078, -0.785316, -0.144157, -0.0480207, 0.215837, -0.975248, 0.00184469, -0.00815597, 0.00224317, -0.00468618, -0.0248506, 0.0996232, 0.929753, 0.245968, -0.872649, -2.34595, 0.607622, 2.37312, 0.239889, -0.000143434, -0.000112519, -0.0151021, 0.00341656, -0.0147443, -0.00269719, -0.104215
719092, 10.7209, -0.00391184, 0.0145973, 0.0633258, 0.164685, 0.111049, -0.58896, 0.0205422, -0.021974, -0.00817309, 0.044243, 0.421911, 0.030682, 0.495306, 0.0493903, 0.157937, 0.797783, -0.579236, -0.167414, -0.601031, -0.786086, -0.144329, -0.0480012, 0.215764, -0.975265, 0.000292192, -0.00803715, 0.000729687, -0.000916828, -0.0284631, 0.118492, 0.929753, 0.245959, -0.872761, -2.34595, 0.607511, 2.37312, 0.238558, -0.00107082, -0.000450527, -0.0133901, -0.00137509, -0.00894208, 7.11134e-05, -0.128939
729208, 10.7309, -0.00390209, 0.0145495, 0.0633407, 0.164743, 0.1109, -0.587872, 0.0203846, -0.0169806, -0.00827964, 0.044082, 0.42229, 0.030545, 0.495316, 0.0493425, 0.157952, 0.798614, -0.578164, -0.167159, -0.599928, -0.786892, -0.144521, -0.0479789, 0.2157, -0.97528, 0.000710592, -0.0063001, 0.000949882, -0.000769721, -0.0323963, 0.13801, 0.929755, 0.245944, -0.872848, -2.34594, 0.607402, 2.37312, 0.237187, -0.00131904, -0.000402528, -0.00973834, 0.00024974, -0.0108134, 0.000174936, -0.143765
739324, 10.7409, -0.00389727, 0.0144984, 0.063351, 0.164809, 0.110742, -0.586608, 0.020321, -0.0169318, -0.008276, 0.044082, 0.42229, 0.030545, 0.495321, 0.0492914, 0.157962, 0.799574, -0.576917, -0.166877, -0.598649, -0.787827, -0.144738, -0.0479685, 0.215629, -0.975296, -0.000212206, -0.00482695, 0.000198994, 0.00125369, -0.0357422, 0.163927, 0.929753, 0.245931, -0.872934, -2.34594, 0.607286, 2.37312, 0.235594, -0.000460405, -0.000364567, -0.00751865, -0.00127381, -0.00979343, 5.95647e-05, -0.168345
749440, 10.7509, -0.00389143, 0.0144384, 0.063363, 0.164898, 0.110551, -0.585064, 0.0159946, -0.0242904, -0.00828205, 0.043995, 0.422347, 0.030545, 0.495327, 0.0492314, 0.157974, 0.800742, -0.575393, -0.166538, -0.597087, -0.788961, -0.14501, -0.0479544, 0.215553, -0.975314, 0.00137034, -0.00527695, 0.00202433, 0.00727835, -0.0493699, 0.200119, 0.929742, 0.245915, -0.873028, -2.34594, 0.607158, 2.37312, 0.233644, -0.000393429, -0.00263269, -0.0100922, 0.000865254, -0.00575045, 0.000166279, -0.210828
759556, 10.7609, -0.00388735, 0.0143817, 0.0633716, 0.165006, 0.110335, -0.583209, 0.0158957, -0.0242778, -0.000667698, 0.043773, 0.42222, 0.030544, 0.495331, 0.0491747, 0.157983, 0.802137, -0.573561, -0.166144, -0.595212, -0.790317, -0.145332, -0.0479502, 0.215467, -0.975333, 0.000502152, -0.00575572, 0.00134762, 0.0057159, -0.0541698, 0.235882, 0.929735, 0.245907, -0.873116, -2.34594, 0.607023, 2.37312, 0.23132, -0.00128119, -0.00261285, -0.00914028, -0.000536799, -0.0110237, 8.79837e-05, -0.243435
769672, 10.7709, -0.00388362, 0.0143154, 0.0633773, 0.165122, 0.110094, -0.581118, 0.0157558, -0.0192876, -0.00839267, 0.043611, 0.422347, 0.030408, 0.495334, 0.0491084, 0.157988, 0.803701, -0.571496, -0.165702, -0.593099, -0.791839, -0.145687, -0.0479495, 0.215366, -0.975355, 0.000599424, -0.00499666, 0.000364004, 0.00334825, -0.0584045, 0.263016, 0.929723, 0.24591, -0.873214, -2.34594, 0.60688, 2.37312, 0.228694, 0.000157116, 0.00152784, -0.0080161, 0.000824589, -0.011557, 0.000509055, -0.268042
779788, 10.7809, -0.00387848, 0.0142417, 0.063386, 0.165259, 0.109824, -0.578799, 0.0156652, -0.0240768, -0.0159275, 0.043773, 0.422477, 0.030545, 0.49534, 0.0490347, 0.157997, 0.805425, -0.569206, -0.165212, -0.590756, -0.793515, -0.146089, -0.0479429, 0.215264, -0.975378, 0.000849208, -0.00758574, 0.00103552, 0.00264699, -0.0658337, 0.288401, 0.929705, 0.245906, -0.873321, -2.34594, 0.606726, 2.37312, 0.225783, -0.00168157, -0.000554705, -0.0108768, 3.24187e-05, -0.0161348, 0.00164535, -0.295442
