timestamp, robot_time[1], robot_ee_pos_error[3], robot_ee_ori_error[3], sensed_forces_moments[6], robot_ee_position[3], robot_ee_orientation[9], robot_ee_linear_velocity[3], robot_ee_angular_velocity[3], joint_angles[7], joint_velocities[7], 
10410, 10.011, 0.00385036, 0.011098, 0.0654883, 0.139573, 0.110487, -0.550437, -0.00849001, -0.00995198, 0.0151764, 0.043515, 0.422119, 0.030809, 0.503068, 0.045891, 0.160099, 0.825634, -0.542565, -0.15476, -0.56098, -0.818717, -0.122494, -0.060244, 0.187952, -0.980329, -1.69073e-05, -0.00183916, -1.32395e-06, -5.47719e-05, 0.000269281, -0.00499092, 0.721731, 0.22024, -0.669538, -2.32001, 0.487244, 2.38152, 0.276714, -0.00172621, -0.000216125, -0.00186791, -0.000602999, 0.00038458, 7.34258e-05, 0.00106553
20825, 10.021, 0.00384985, 0.0111086, 0.0654898, 0.139577, 0.110487, -0.550415, -0.00849022, -0.00995083, 0.0151763, 0.043515, 0.422119, 0.030809, 0.503068, 0.0459016, 0.160101, 0.82565, -0.542542, -0.154759, -0.560957, -0.818731, -0.122499, -0.0602456, 0.187954, -0.980328, -0.000593018, 0.00189163, 8.46208e-05, -0.000161545, 0.00035994, 0.00549662, 0.721743, 0.220235, -0.66953, -2.32001, 0.487242, 2.38152, 0.276708, 0.00273396, -0.00144905, 0.00112708, -0.00109723, -0.00208729, -8.97555e-05, -0.000151121
31061, 10.031, 0.00383976, 0.0111204, 0.0654837, 0.139575, 0.110506, -0.550393, -0.00851341, -0.00998219, 0.0075259, 0.043293, 0.42225, 0.030809, 0.503058, 0.0459134, 0.160095, 0.825661, -0.54252, -0.154776, -0.560938, -0.818746, -0.122493, -0.0602676, 0.187957, -0.980326, -0.00222149, 0.00105082, -0.00108972, 0.000858483, 0.00391356, 0.00210536, 0.72175, 0.220229, -0.669512, -2.32003, 0.48724, 2.38152, 0.276705, 0.00290236, -0.00165629, -0.000484244, -0.00482219, -4.8023e-05, -0.000529148, -0.000210785
41280, 10.042, 0.00383198, 0.01114, 0.0654763, 0.139572, 0.110526, -0.55036, -0.00850983, -0.00998377, 0.00752553, 0.043293, 0.42225, 0.030809, 0.50305, 0.045933, 0.160087, 0.825681, -0.542485, -0.154792, -0.560906, -0.818768, -0.122486, -0.0602922, 0.187958, -0.980325, -0.00255989, 0.00324463, -0.00213017, 0.000769293, 0.00561394, 0.00500368, 0.721752, 0.220232, -0.669474, -2.32004, 0.487239, 2.38152, 0.276702, 3.67705e-05, 8.26605e-05, 0.00692732, -0.00452631, 0.000130564, 0.000124764, 0.00107754
51568, 10.052, 0.00381955, 0.0111636, 0.0654665, 0.139569, 0.110554, -0.550317, -0.0126877, -0.00753576, 0.015315, 0.043549, 0.422167, 0.030942, 0.503038, 0.0459566, 0.160077, 0.825706, -0.54244, -0.154815, -0.560865, -0.818798, -0.122477, -0.0603256, 0.18796, -0.980322, -0.00263635, 0.000323467, -0.00245626, -0.000420457, 0.00651077, 0.000497623, 0.721762, 0.220232, -0.669435, -2.32006, 0.487239, 2.38152, 0.276694, -0.000809328, 0.00117799, 0.00231945, -0.00492447, 0.00026495, -0.000440587, 0.000153133
61770, 10.062, 0.00379703, 0.0111853, 0.0654472, 0.139551, 0.110602, -0.55028, -0.0127148, -0.00262241, 0.0075844, 0.043387, 0.422294, 0.030807, 0.503015, 0.0459783, 0.160058, 0.825725, -0.542401, -0.154854, -0.560832, -0.818825, -0.122447, -0.060383, 0.187955, -0.98032, -0.00262364, 0.0026179, -0.00267422, -0.000188159, 0.00654581, 0.00380316, 0.721772, 0.220237, -0.669395, -2.3201, 0.487234, 2.38152, 0.276693, -0.000748505, 0.00159249, 0.00677885, -0.00437052, 0.000266461, 0.00017849, 0.00125661
71982, 10.072, 0.00377832, 0.0112199, 0.065432, 0.139541, 0.110643, -0.55022, -0.00848844, -0.00999653, 0.00752375, 0.043293, 0.42225, 0.030809, 0.502996, 0.0460129, 0.160043, 0.82576, -0.542338, -0.154887, -0.560775, -0.818867, -0.122429, -0.0604336, 0.187954, -0.980317, -0.00176301, 0.00304517, -0.00156542, 0.000457178, 0.00357926, 0.00553196, 0.7218, 0.22024, -0.66935, -2.32013, 0.487233, 2.38152, 0.276687, 0.00152484, 0.000436948, 0.00494982, -0.0030015, 0.000428547, 0.000430538, 8.92274e-06
82226, 10.083, 0.00375485, 0.0112519, 0.0654124, 0.139529, 0.110694, -0.550162, -0.0084159, -0.0100219, -0.000107088, 0.043292, 0.421998, 0.03081, 0.502973, 0.0460449, 0.160023, 0.825792, -0.542278, -0.154929, -0.560722, -0.818907, -0.122405, -0.0604948, 0.187953, -0.980313, -0.00182804, 0.00208543, -0.00165619, -0.000552864, 0.00423102, 0.00290574, 0.721812, 0.220243, -0.669293, -2.32017, 0.487231, 2.38152, 0.276678, 0.00187863, 0.000742366, 0.00293209, -0.00321602, -0.00026109, 0.000263675, 0.00159371
92424, 10.093, 0.00373136, 0.0112901, 0.0653946, 0.13952, 0.110746, -0.550103, -0.00837807, -0.0100065, 0.00755193, 0.043514, 0.421868, 0.030811, 0.502949, 0.0460831, 0.160006, 0.825824, -0.542215, -0.154973, -0.560667, -0.818947, -0.122385, -0.0605554, 0.187957, -0.980309, -0.00114274, 0.00597919, -0.000849273, 0.00161357, 0.00231886, 0.0101896, 0.721825, 0.22024, -0.669226, -2.32021, 0.487227, 2.38152, 0.27668, 0.00187448, -0.000259549, 0.00978414, -0.000866876, -6.55536e-05, -1.64964e-05, 0.00119318
102618, 10.103, 0.00371281, 0.0113253, 0.0653804, 0.139514, 0.110787, -0.550038, -0.0083985, -0.0100295, -0.000108885, 0.043292, 0.421998, 0.03081, 0.502931, 0.0461183, 0.159991, 0.825862, -0.542148, -0.155006, -0.560605, -0.818991, -0.122372, -0.0606053, 0.187959, -0.980305, -1.69321e-05, 0.0043529, 0.000389182, 0.0021147, -0.00155179, 0.0103457, 0.721836, 0.220238, -0.669164, -2.32024, 0.487223, 2.38152, 0.27667, 0.00142427, -0.00150923, 0.00667021, 0.0004876, -1.52769e-05, 0.000468893, -0.00245759
112818, 10.113, 0.00369336, 0.0113631, 0.0653639, 0.139508, 0.110833, -0.549977, -0.00419382, -0.00754307, 0.00761018, 0.043319, 0.422196, 0.030944, 0.502911, 0.0461561, 0.159975, 0.825897, -0.542084, -0.155045, -0.560548, -0.819033, -0.122356, -0.0606597, 0.187963, -0.980301, -0.000545952, 0.0039236, -0.000628435, 0.00105686, 0.000943438, 0.00848463, 0.721842, 0.22024, -0.669092, -2.32027, 0.487223, 2.38152, 0.276666, 0.00024553, 0.000365885, 0.00741973, -3.30803e-05, 0.000135124, 0.000220195, -0.00116811
123149, 10.123, 0.0036738, 0.0114056, 0.0653487, 0.139503, 0.110878, -0.549905, 2.46123e-05, -0.00996616, 0.00746923, 0.043285, 0.422148, 0.030811, 0.502892, 0.0461986, 0.15996, 0.825939, -0.542009, -0.155082, -0.56048, -0.819081, -0.122342, -0.0607143, 0.187968, -0.980297, -0.00140994, 0.00289553, -0.000991393, 0.00111388, 0.00282442, 0.0047451, 0.721852, 0.220238, -0.669015, -2.3203, 0.487219, 2.38152, 0.276662, -0.000399478, -0.000662897, 0.00622009, -0.00234939, -0.000208002, 6.30958e-05, 0.000776526
133515, 10.134, 0.00366278, 0.0114545, 0.0653397, 0.139507, 0.110909, -0.549824, 5.81421e-05, -0.00994616, 0.0151184, 0.043507, 0.422018, 0.030811, 0.502881, 0.0462475, 0.159951, 0.825989, -0.541926, -0.155107, -0.560402, -0.819135, -0.122342, -0.0607529, 0.187975, -0.980293, -0.00050585, 0.00340607, -0.000369457, 0.00088729, 0.000358706, 0.0100914, 0.721865, 0.220238, -0.668932, -2.32031, 0.48722, 2.38152, 0.276655, 0.0020663, 8.31674e-05, 0.0045723, -5.90452e-05, -0.000147868, -0.000238016, -0.00348499
143858, 10.144, 0.00364797, 0.0114946, 0.0653276, 0.139505, 0.110945, -0.549747, -0.0041825, -0.00259785, 0.00752757, 0.04338, 0.422193, 0.030809, 0.502866, 0.0462876, 0.159939, 0.826036, -0.541847, -0.155135, -0.560329, -0.819186, -0.122335, -0.0607976, 0.187979, -0.980289, -0.0012001, 0.00496807, -0.000729848, 0.00178081, 0.00168557, 0.010494, 0.721873, 0.220238, -0.668859, -2.32033, 0.487217, 2.38152, 0.27664, 0.001521, -0.000831527, 0.00817471, -0.00149205, -7.03501e-05, 0.000135896, -0.00118743
154198, 10.154, 0.0036378, 0.0115326, 0.0653185, 0.139504, 0.110971, -0.549662, -0.00414135, -0.00751832, 0.015257, 0.043542, 0.422066, 0.030944, 0.502856, 0.0463256, 0.15993, 0.826089, -0.54176, -0.155153, -0.560246, -0.819243, -0.122333, -0.0608333, 0.187982, -0.980287, -0.000628465, 0.00366023, -0.000597871, 0.000947896, 0.000504554, 0.0106419, 0.721879, 0.22024, -0.668787, -2.32034, 0.487211, 2.38152, 0.276604, 0.0003822, 7.52128e-05, 0.00685151, -0.000372784, -0.000356875, 0.000303249, -0.00345888
164517, 10.165, 0.0036277, 0.0115692, 0.0653091, 0.139509, 0.110993, -0.549529, 0.000107195, -0.00999656, -0.000163655, 0.043284, 0.421896, 0.030812, 0.502846, 0.0463622, 0.15992, 0.826176, -0.541625, -0.155164, -0.560115, -0.819332, -0.12234, -0.0608685, 0.187985, -0.980284, -0.000721171, 0.00310524, -0.000761987, 0.00091773, 4.67693e-05, 0.0151854, 0.721883, 0.220243, -0.66872, -2.32035, 0.487211, 2.38152, 0.276521, 0.000655702, 0.000566263, 0.00556767, -0.000439251, -0.000282051, -8.00678e-05, -0.00909968
174953, 10.175, 0.00362346, 0.0115995, 0.0653053, 0.139517, 0.111003, -0.549419, -0.0040833, -0.00260378, 0.00755592, 0.043601, 0.421811, 0.03081, 0.502841, 0.0463925, 0.159916, 0.826248, -0.541514, -0.155167, -0.560006, -0.819404, -0.122353, -0.0608886, 0.187988, -0.980282, -0.00150245, 0.00227385, -0.00132325, 0.00123178, 0.0016325, 0.0136484, 0.721883, 0.220243, -0.668661, -2.32035, 0.487207, 2.38152, 0.276448, -0.000457843, 0.000277023, 0.00520758, -0.00236208, 0.000126732, -0.000162703, -0.00960796
185264, 10.186, 0.00361828, 0.0116382, 0.0653007, 0.139521, 0.111021, -0.549348, -0.00412546, -0.00269284, 0.00750535, 0.043157, 0.421814, 0.030809, 0.502836, 0.0464312, 0.159912, 0.826293, -0.541442, -0.155179, -0.559937, -0.81945, -0.122357, -0.0609126, 0.187993, -0.98028, -0.000290011, 0.00666011, -0.00082515, 0.000340506, -0.00347347, 0.0202868, 0.721889, 0.220243, -0.668592, -2.32035, 0.487205, 2.38152, 0.276438, 0.00119156, 8.382e-05, 0.0126946, -0.000758718, -0.00075709, 0.00515074, -0.00717765
195530, 10.196, 0.00360947, 0.0116675, 0.0652933, 0.139518, 0.111044, -0.549298, -0.00410454, -0.00262422, -0.000105097, 0.043379, 0.421941, 0.03081, 0.502827, 0.0464605, 0.159904, 0.826323, -0.541391, -0.155197, -0.559889, -0.819484, -0.122351, -0.0609417, 0.187994, -0.980278, -0.000689553, 0.00271841, -0.000589547, 0.00086253, 0.00324651, 0.00645713, 0.721897, 0.220244, -0.668541, -2.32036, 0.487201, 2.38152, 0.276436, 0.000582285, 0.00103602, 0.00437084, 0.000840254, -0.000334986, -0.00298068, -0.000769113
205865, 10.206, 0.00360161, 0.0116899, 0.0652867, 0.139518, 0.111064, -0.549258, 0.000137122, -0.0050251, 0.00741443, 0.043567, 0.421763, 0.030677, 0.50282, 0.0464829, 0.159898, 0.826347, -0.541349, -0.155213, -0.559851, -0.819511, -0.122347, -0.0609663, 0.187997, -0.980276, -0.000846443, 2.06434e-05, -0.000810462, -0.000354931, 0.00186059, 0.00122085, 0.721896, 0.220244, -0.668495, -2.32037, 0.487199, 2.38152, 0.276431, -0.00102102, 0.000276155, 0.00143326, -0.0016539, -0.000511666, 0.000100004, -0.000692442
216155, 10.217, 0.00359847, 0.0117176, 0.0652851, 0.139523, 0.111075, -0.549217, -0.00417987, -0.00266404, 0.015134, 0.043158, 0.422066, 0.030807, 0.502816, 0.0465106, 0.159896, 0.826373, -0.541307, -0.155222, -0.559811, -0.819538, -0.122352, -0.0609803, 0.188003, -0.980274, -0.000436978, 0.00309646, 2.57999e-05, 0.00181365, 0.000311989, 0.00561812, 0.721901, 0.22024, -0.668447, -2.32037, 0.487197, 2.38152, 0.276435, 0.000567329, -0.00124957, 0.00514901, -0.000383894, 0.000163852, -0.000184111, -0.000181752
226436, 10.227, 0.00359078, 0.011737, 0.0652785, 0.139518, 0.111094, -0.549181, -0.00413164, -0.00257581, 0.0151837, 0.043602, 0.422062, 0.030809, 0.502809, 0.04653, 0.159889, 0.826395, -0.54127, -0.155236, -0.559777, -0.819562, -0.122344, -0.0610047, 0.188002, -0.980272, -0.0012006, 0.00248572, -0.000926895, 0.000643883, 0.00259754, 0.0038341, 0.721902, 0.220241, -0.668408, -2.32038, 0.487191, 2.38152, 0.276433, 0.000838613, -8.63568e-05, 0.00422862, -0.00187567, 8.2859e-05, -4.91056e-05, 0.000835903
236716, 10.237, 0.0035882, 0.0117535, 0.0652754, 0.139519, 0.111104, -0.549151, -0.00413002, -0.00257564, 0.0151834, 0.043602, 0.422062, 0.030809, 0.502806, 0.0465465, 0.159886, 0.826414, -0.541239, -0.155243, -0.559748, -0.819582, -0.122344, -0.0610169, 0.188004, -0.980271, 9.54783e-05, 0.00164503, -0.000329487, -0.000197088, 0.000168471, 0.00302178, 0.721899, 0.220243, -0.668373, -2.32038, 0.487191, 2.38152, 0.276428, -0.000861787, 0.00095822, 0.00418406, 0.000844324, -0.000228291, 0.000445119, 0.000431435
246985, 10.248, 0.00358101, 0.0117709, 0.0652696, 0.139516, 0.111121, -0.54912, -0.00415509, -0.0025972, 0.00752314, 0.04338, 0.422193, 0.030809, 0.502799, 0.0465639, 0.159881, 0.826432, -0.541207, -0.155256, -0.559718, -0.819603, -0.122338, -0.0610386, 0.188003, -0.98027, -0.000665235, 0.00169155, -0.000619303, -0.000126905, 0.00222544, -0.000729785, 0.721903, 0.220243, -0.668341, -2.32039, 0.487186, 2.38152, 0.276427, 0.00125096, 0.000385043, 0.0022522, -0.000868548, 0.000103985, 3.49043e-06, 0.00405828
257183, 10.258, 0.00357792, 0.0117864, 0.0652652, 0.13951, 0.111131, -0.549085, 9.30983e-05, -0.00994847, 0.0151131, 0.043507, 0.422018, 0.030811, 0.502796, 0.0465794, 0.159876, 0.826454, -0.541172, -0.155262, -0.559683, -0.819628, -0.122332, -0.0610541, 0.187999, -0.98027, -0.00205284, 0.00192231, -0.00205695, -0.000994467, 0.00447086, 0.00707815, 0.721906, 0.220249, -0.668312, -2.32039, 0.487181, 2.38152, 0.276419, 0.000301197, 0.00128902, 0.00441753, -0.00339687, -0.00117012, 0.000195397, -0.00207333
267415, 10.268, 0.0035754, 0.0118096, 0.0652647, 0.139513, 0.111138, -0.549038, -0.00840312, -0.0100177, 0.00751289, 0.043293, 0.42225, 0.030809, 0.502793, 0.0466026, 0.159876, 0.826485, -0.541124, -0.155265, -0.559637, -0.819659, -0.122335, -0.0610657, 0.188, -0.980269, -0.00101144, 0.00406905, -0.000434118, 0.00110559, 0.00183025, 0.00849708, 0.721914, 0.220244, -0.668275, -2.32039, 0.487173, 2.38152, 0.276413, 0.00157401, -0.000987898, 0.00633116, -0.00102814, -0.00113869, -0.000579544, 0.000110946
277648, 10.278, 0.00357371, 0.0118205, 0.0652635, 0.13951, 0.111142, -0.549007, -0.00840285, -0.010018, 0.00751289, 0.043293, 0.42225, 0.030809, 0.502792, 0.0466135, 0.159874, 0.826505, -0.541094, -0.155266, -0.559607, -0.81968, -0.122334, -0.0610743, 0.187998, -0.980269, -0.000234376, 0.000229754, 9.44848e-06, 0.000534691, 0.00126746, 0.0025324, 0.721912, 0.220243, -0.668251, -2.32039, 0.487164, 2.38152, 0.276404, 9.83963e-05, 5.61934e-05, 2.29301e-05, 0.000467111, -0.000381043, -0.00212053, -0.00174218
287818, 10.288, 0.00357096, 0.0118433, 0.0652627, 0.139509, 0.11115, -0.548962, -0.00842914, -0.0051381, 0.0150428, 0.043131, 0.422119, 0.030672, 0.502789, 0.0466363, 0.159874, 0.826534, -0.541048, -0.155269, -0.559562, -0.81971, -0.122334, -0.0610876, 0.187996, -0.980268, -8.1469e-06, 0.00122722, 0.000324184, -1.31059e-05, -0.000428056, 0.00424655, 0.721917, 0.220238, -0.668211, -2.32039, 0.48715, 2.38152, 0.276404, 0.000623552, -0.000932477, 0.00171783, 0.000257215, -0.00171793, -0.000276255, -0.000520036
297971, 10.298, 0.00356701, 0.0118682, 0.0652596, 0.139501, 0.111161, -0.548902, -0.00842845, -0.00513973, 0.0150429, 0.043131, 0.422119, 0.030672, 0.502785, 0.0466612, 0.159871, 0.826572, -0.540989, -0.155272, -0.559503, -0.819751, -0.122326, -0.0611076, 0.187987, -0.980269, 0.00010927, 0.000786365, 0.000230396, 0.000802284, -0.000489826, 0.00151347, 0.721923, 0.220238, -0.668166, -2.32039, 0.48713, 2.38152, 0.276397, -0.000243528, -0.000521242, 0.00153968, 0.000330931, 0.000214967, -9.69538e-05, -0.000371436
308120, 10.308, 0.00356182, 0.0118868, 0.065256, 0.139454, 0.111168, -0.548805, -0.00415505, -0.00260898, 0.00752461, 0.04338, 0.422193, 0.030809, 0.50278, 0.0466798, 0.159867, 0.826637, -0.540894, -0.155256, -0.559404, -0.819825, -0.122285, -0.0611397, 0.187937, -0.980276, -0.000872096, 0.00160579, -0.000281036, -0.00657557, 0.0014516, 0.0163444, 0.721933, 0.220238, -0.668128, -2.32039, 0.487047, 2.38152, 0.276387, 0.00128172, -0.000865535, 0.0035373, -0.000589306, -0.0129813, -0.000410697, -0.00139184
318271, 10.319, 0.00355411, 0.0119072, 0.0652515, 0.139368, 0.111176, -0.548651, -0.00832151, -0.0100462, 0.00754794, 0.043514, 0.421868, 0.030811, 0.502772, 0.0467002, 0.159863, 0.826741, -0.540745, -0.155223, -0.559246, -0.819945, -0.122209, -0.0611907, 0.187843, -0.980291, -0.00031289, 0.000697655, 5.54915e-05, -0.0092596, 0.00220106, 0.00887299, 0.721936, 0.220235, -0.66807, -2.32039, 0.48689, 2.38152, 0.276375, -0.000604252, -0.000727857, 0.00397377, 0.000659689, -0.0165014, -0.00026709, 0.00772775
328423, 10.329, 0.00354606, 0.0119293, 0.0652449, 0.139289, 0.111187, -0.54851, -0.00418538, -0.0027125, 0.0151409, 0.043158, 0.422066, 0.030807, 0.502764, 0.0467223, 0.159856, 0.826834, -0.540609, -0.155197, -0.559101, -0.820054, -0.122137, -0.0612419, 0.187758, -0.980304, -0.00066241, 0.00223334, -0.000476165, -0.0081451, 0.00219472, 0.0168871, 0.721943, 0.220238, -0.668014, -2.32039, 0.486753, 2.38152, 0.276366, -0.000949977, -1.8973e-05, 0.00727174, 0.000565748, -0.0154504, -0.000382712, 0.00164139
338621, 10.339, 0.00353713, 0.0119521, 0.0652372, 0.139199, 0.111199, -0.548345, -0.00839841, -0.0100506, 0.0151743, 0.043515, 0.422119, 0.030809, 0.502755, 0.0467451, 0.159848, 0.826945, -0.54045, -0.155166, -0.558932, -0.820181, -0.122056, -0.061299, 0.187661, -0.980319, -0.00175838, -0.000690492, -0.00153447, -0.0104091, 0.00460841, 0.0151183, 0.721952, 0.220243, -0.667956, -2.32039, 0.4866, 2.38152, 0.276343, -0.000354542, 0.000916361, 0.00185182, -0.00218205, -0.0167055, -0.000521394, -0.000686777
348839, 10.349, 0.00352852, 0.0119775, 0.0652325, 0.139105, 0.111206, -0.548163, -0.00844403, -0.0051592, 0.00744794, 0.043353, 0.422246, 0.030673, 0.502747, 0.0467705, 0.159844, 0.827066, -0.540274, -0.155128, -0.558746, -0.820321, -0.121974, -0.0613552, 0.187558, -0.980335, -0.000959196, 0.00316334, -0.000288036, -0.00913119, 0.00107171, 0.0252746, 0.721967, 0.22024, -0.667898, -2.32039, 0.486429, 2.38152, 0.27632, 0.00502217, -0.000542024, 0.00350185, -0.00012513, -0.017039, -0.000349733, -0.00339488
359017, 10.359, 0.00351914, 0.0120014, 0.065228, 0.138991, 0.111212, -0.547966, -0.00413063, -0.002732, -8.75446e-05, 0.043379, 0.421941, 0.03081, 0.502737, 0.0467944, 0.159839, 0.827199, -0.540084, -0.155081, -0.558542, -0.820474, -0.121873, -0.0614183, 0.187433, -0.980355, -0.000235994, 0.000669604, -1.609e-05, -0.00811871, -0.000647721, 0.0130076, 0.721982, 0.220235, -0.667838, -2.32039, 0.486222, 2.38152, 0.276306, 0.000492684, -0.000933747, 0.00296818, -0.000433846, -0.0139366, 0.00207515, 0.00102795
369225, 10.37, 0.0035074, 0.0120232, 0.065221, 0.138835, 0.111218, -0.547722, -0.00420906, -0.00273327, 0.00754862, 0.04338, 0.422193, 0.030809, 0.502725, 0.0468162, 0.159832, 0.827364, -0.539851, -0.155017, -0.558289, -0.820667, -0.121734, -0.0614989, 0.187263, -0.980383, -0.00171552, 0.00338819, -0.000859493, -0.0154303, 0.00305016, 0.0310646, 0.722007, 0.220235, -0.667782, -2.32039, 0.485953, 2.38152, 0.276287, 0.00671145, -0.00044179, 0.00395909, -0.00128694, -0.0265537, 0.000337722, 0.000276957
379530, 10.38, 0.00349659, 0.0120438, 0.0652157, 0.138686, 0.111222, -0.54749, -0.00839932, -0.0102532, 0.0151846, 0.043292, 0.421741, 0.030809, 0.502715, 0.0468368, 0.159827, 0.82752, -0.539629, -0.154954, -0.558049, -0.82085, -0.121602, -0.0615739, 0.1871, -0.980409, -0.00162992, 0.00343637, -0.00082798, -0.0119692, 0.00270984, 0.0288125, 0.722034, 0.220232, -0.667732, -2.32039, 0.485692, 2.38152, 0.276273, 0.00342067, -0.000810814, 0.00650911, -0.00126372, -0.0222837, 7.99677e-05, -0.00164177
389895, 10.39, 0.00348693, 0.0120596, 0.0652101, 0.138514, 0.111214, -0.547224, -0.00851957, -0.00533656, 0.0150818, 0.043131, 0.422119, 0.030672, 0.502705, 0.0468526, 0.159821, 0.827701, -0.539376, -0.154869, -0.557773, -0.821059, -0.121454, -0.061647, 0.186909, -0.980441, -0.00117906, -5.57712e-05, -0.000681848, -0.0166474, 0.00174954, 0.0310065, 0.722069, 0.220232, -0.667692, -2.32039, 0.485398, 2.38153, 0.276239, 0.0033843, 0.000200525, 0.000697521, -0.000560099, -0.0277899, -2.49989e-05, -0.00514753
400194, 10.401, 0.00347115, 0.01209, 0.0652014, 0.138302, 0.111219, -0.546875, -0.00848614, -0.0102287, 0.0152102, 0.043515, 0.422119, 0.030809, 0.502689, 0.046883, 0.159812, 0.827936, -0.539042, -0.154777, -0.557412, -0.821332, -0.121267, -0.0617554, 0.186676, -0.980479, -0.00197405, 0.00230738, -0.001429, -0.0191335, 0.00324834, 0.0404502, 0.722112, 0.220231, -0.667623, -2.32039, 0.48503, 2.38153, 0.276197, 0.00473017, 0.000613601, 0.00485976, -0.00131314, -0.0323379, 0.000347393, -0.0057613
410655, 10.411, 0.00345784, 0.012117, 0.0651945, 0.138125, 0.111222, -0.546565, -0.00844003, -0.0102934, 0.00759735, 0.043514, 0.421868, 0.030811, 0.502676, 0.04691, 0.159805, 0.828145, -0.538743, -0.154698, -0.557092, -0.821572, -0.121113, -0.0618466, 0.18648, -0.98051, -0.0015007, 0.00580007, -0.000687005, -0.0230227, 0.00183481, 0.0561541, 0.72215, 0.220229, -0.667564, -2.32039, 0.484719, 2.38153, 0.276144, 0.00534156, -0.00043481, 0.0117482, 0.00113914, -0.0421195, 0.000139895, -0.00604017
420954, 10.421, 0.00344354, 0.012151, 0.0651863, 0.137915, 0.111217, -0.546176, -0.00856472, -0.00539379, 0.00749607, 0.043353, 0.422246, 0.030673, 0.502662, 0.046944, 0.159797, 0.828407, -0.53837, -0.154593, -0.55669, -0.82187, -0.120934, -0.061948, 0.186243, -0.980549, -0.00152776, 0.00290682, -0.00084012, -0.0187376, 0.00186206, 0.0450043, 0.722195, 0.220227, -0.667488, -2.32039, 0.484347, 2.38154, 0.276064, 0.00359249, -0.000159485, 0.00687422, -7.37027e-05, -0.0337184, -0.000175421, -0.00819182
431255, 10.432, 0.00342649, 0.0121883, 0.0651764, 0.137701, 0.111223, -0.54578, -0.00427915, -0.00305573, 0.00757461, 0.043157, 0.421814, 0.030809, 0.502644, 0.0469813, 0.159787, 0.828672, -0.537989, -0.154498, -0.556283, -0.822173, -0.120749, -0.0620629, 0.186006, -0.980587, -0.00167127, 0.0036931, -0.00126276, -0.0170866, 0.00136737, 0.048051, 0.722242, 0.220227, -0.667408, -2.32039, 0.483971, 2.38154, 0.275986, 0.00540683, 0.000892938, 0.00643012, -0.000321055, -0.0300264, 0.000174907, -0.0129569
441640, 10.442, 0.00341045, 0.012222, 0.0651662, 0.137502, 0.11123, -0.545415, -0.00431764, -0.00297476, 0.0152625, 0.043602, 0.422062, 0.030809, 0.502628, 0.047015, 0.159777, 0.828917, -0.537638, -0.154412, -0.555906, -0.822453, -0.120576, -0.0621705, 0.185786, -0.980622, -0.00140479, 0.00110455, -0.00145121, -0.0208511, 0.00363211, 0.0371067, 0.72228, 0.220229, -0.66733, -2.32039, 0.483624, 2.38154, 0.275912, 0.00228557, 0.00200312, 0.00512072, 0.000331821, -0.0338167, -1.71606e-05, -0.00310515
452014, 10.453, 0.00339673, 0.0122556, 0.0651607, 0.137288, 0.11122, -0.545004, -0.00438014, 0.00190489, 0.00753146, 0.04344, 0.422189, 0.030673, 0.502615, 0.0470486, 0.159772, 0.829194, -0.537243, -0.154299, -0.555482, -0.822766, -0.120397, -0.0622695, 0.185542, -0.980661, -0.00148642, 0.00626607, -0.000413859, -0.0176042, 0.000576118, 0.0507525, 0.72233, 0.220221, -0.667259, -2.32039, 0.483238, 2.38155, 0.275817, 0.0100409, -0.000787276, 0.00677654, 0.000272652, -0.0324379, 0.000136423, -0.00860816
462374, 10.463, 0.00338095, 0.0122696, 0.0651515, 0.137047, 0.111216, -0.544598, -0.00440577, 0.00185783, 0.00754126, 0.04344, 0.422189, 0.030673, 0.502599, 0.0470626, 0.159763, 0.829466, -0.536855, -0.154185, -0.555062, -0.82308, -0.120188, -0.0623831, 0.185274, -0.980705, -0.00236556, -0.000225802, -0.00127166, -0.028516, 0.00341717, 0.0532956, 0.722363, 0.220222, -0.667204, -2.32039, 0.482819, 2.38155, 0.27572, 0.00500913, -0.000371004, 0.00184724, -0.00194728, -0.0483517, 0.000141049, -0.00871579
472748, 10.473, 0.00335966, 0.0122711, 0.0651355, 0.13674, 0.11121, -0.544137, -0.000187427, 0.00920703, 0.00756368, 0.043526, 0.422132, 0.030673, 0.502578, 0.0470641, 0.159747, 0.829777, -0.536415, -0.154045, -0.554582, -0.823443, -0.119919, -0.062521, 0.184936, -0.98076, -0.00162243, 0.000759123, -0.000978294, -0.0319166, 0.000589358, 0.0628254, 0.722388, 0.220229, -0.667147, -2.3204, 0.482302, 2.38156, 0.275617, 0.0041811, -0.000142235, 0.00547514, -0.000404008, -0.054054, 0.00219197, -0.011186
483128, 10.484, 0.00334024, 0.0122508, 0.0651249, 0.13636, 0.11119, -0.543584, -0.000229332, 0.00913224, 0.00757939, 0.043526, 0.422132, 0.030673, 0.502558, 0.0470438, 0.159736, 0.83015, -0.535891, -0.153859, -0.554006, -0.823878, -0.119587, -0.0626755, 0.184514, -0.980829, -0.000996811, -0.00379559, -0.000650752, -0.0381334, -0.00166419, 0.0634687, 0.722405, 0.220229, -0.667109, -2.3204, 0.481645, 2.38156, 0.275485, 0.000654535, -0.000377539, 0.00160139, -0.000523578, -0.0625971, 0.00424099, -0.0127485
493417, 10.494, 0.00332345, 0.012216, 0.0651141, 0.135967, 0.111157, -0.543045, -0.000283439, 0.0139954, 0.00752581, 0.043587, 0.422129, 0.030538, 0.502541, 0.047009, 0.159725, 0.830516, -0.535381, -0.153659, -0.553441, -0.824308, -0.119247, -0.0628201, 0.184078, -0.980902, -0.0017635, -0.00309368, -0.000701422, -0.0371695, 0.00150667, 0.0672668, 0.722407, 0.220232, -0.66708, -2.3204, 0.480973, 2.38157, 0.275354, -0.000593333, -0.00115565, 0.00368524, -0.000454592, -0.06445, 0.000437716, -0.0137069
503800, 10.504, 0.00330266, 0.0121575, 0.0651017, 0.135523, 0.111119, -0.542463, 0.00392606, 0.016388, 0.00762432, 0.043613, 0.422075, 0.030673, 0.502521, 0.0469505, 0.159713, 0.83091, -0.534833, -0.153435, -0.552831, -0.824773, -0.118859, -0.0629795, 0.183585, -0.980984, -0.0036143, -0.00472808, -0.00184044, -0.0475937, 0.0042242, 0.0881562, 0.722404, 0.220232, -0.667079, -2.32041, 0.480217, 2.38158, 0.2752, 0.0025127, -0.00119223, 0.000356175, -0.00354816, -0.0814834, -9.04548e-05, -0.0217608
514175, 10.515, 0.0032792, 0.0120615, 0.0650863, 0.134926, 0.111056, -0.541711, -0.000382, 0.0186609, 0.000139432, 0.043425, 0.422253, 0.030806, 0.502497, 0.0468545, 0.159697, 0.831422, -0.534126, -0.153125, -0.552038, -0.825378, -0.11834, -0.0631775, 0.182921, -0.981096, -0.00215858, -0.0112956, -0.00105283, -0.0594054, 0.00221918, 0.0924913, 0.722383, 0.220236, -0.667094, -2.32042, 0.479205, 2.3816, 0.274992, -0.00272982, -0.000157552, -0.00497102, -0.000645069, -0.0986583, 7.68164e-05, -0.0226065
524556, 10.525, 0.00325538, 0.011956, 0.0650737, 0.134249, 0.110985, -0.540841, -0.000483455, 0.0136582, 0.00759778, 0.043587, 0.422129, 0.030538, 0.502473, 0.046749, 0.159685, 0.832011, -0.533308, -0.152773, -0.551124, -0.826073, -0.117752, -0.0634034, 0.182168, -0.981221, -0.00176878, -0.011812, -0.000946643, -0.0764102, 0.00181582, 0.117608, 0.722356, 0.220235, -0.667104, -2.32042, 0.478043, 2.38161, 0.274757, -0.00322276, 0.000684138, -0.00160693, 0.00194902, -0.126455, 0.000947103, -0.0227432
534913, 10.535, 0.00322435, 0.0118259, 0.0650537, 0.133447, 0.110878, -0.539838, -0.000599831, 0.00854205, 5.17557e-05, 0.043304, 0.422262, 0.030673, 0.502442, 0.0466189, 0.159665, 0.832694, -0.532367, -0.152337, -0.550064, -0.826877, -0.11706, -0.0636448, 0.18127, -0.981372, -0.00321763, -0.0121366, -0.00226656, -0.0819123, -0.00104238, 0.123104, 0.722331, 0.220229, -0.667124, -2.32045, 0.476681, 2.38167, 0.274488, -0.000947111, -0.00131253, -0.00153471, -0.00531636, -0.132331, 0.0103083, -0.0236827
545192, 10.546, 0.00320174, 0.0116661, 0.0650309, 0.132434, 0.110678, -0.538587, -0.00497024, 0.00589906, 0.00765613, 0.0435, 0.422186, 0.030538, 0.50242, 0.0464591, 0.159642, 0.83355, -0.531201, -0.151723, -0.548738, -0.827879, -0.116205, -0.0638804, 0.180119, -0.981568, -0.00267168, -0.0145471, -0.00288013, -0.103475, -0.00507063, 0.150484, 0.722308, 0.220233, -0.667139, -2.32048, 0.474977, 2.38182, 0.274169, -0.000736705, 0.000496108, -0.000619349, -0.00507603, -0.162863, 0.0175075, -0.0269332
555416, 10.556, 0.0031809, 0.0115112, 0.06501, 0.131459, 0.110464, -0.537352, -0.00935922, -0.00170499, 0.00768912, 0.043413, 0.422243, 0.030538, 0.502399, 0.0463042, 0.159621, 0.834395, -0.530048, -0.151112, -0.547429, -0.828859, -0.115389, -0.0640886, 0.179003, -0.981759, -0.00307055, -0.0150697, -0.00327989, -0.102212, -0.00629859, 0.156595, 0.72228, 0.220227, -0.667145, -2.32052, 0.473326, 2.38199, 0.273833, -0.00259378, 0.000125045, 0.000329871, -0.00670056, -0.161637, 0.0186828, -0.0354717
565638, 10.566, 0.00316088, 0.0113582, 0.0649896, 0.130423, 0.110242, -0.536018, -0.0095048, -0.00190072, 0.0077344, 0.043413, 0.422243, 0.030538, 0.502379, 0.0461512, 0.159601, 0.835302, -0.5288, -0.150467, -0.546016, -0.82991, -0.114522, -0.0643147, 0.177817, -0.98196, -0.00176135, -0.014514, -0.00200392, -0.111812, -0.00845255, 0.173825, 0.722259, 0.220224, -0.66714, -2.32055, 0.471569, 2.38216, 0.273477, -0.000630178, 0.000227127, 0.00110176, -0.00227766, -0.178569, 0.017704, -0.0358301
575874, 10.576, 0.0031455, 0.0112068, 0.064974, 0.129341, 0.109997, -0.534601, -0.00965982, -0.00210391, 0.0077817, 0.043413, 0.422243, 0.030538, 0.502364, 0.0459998, 0.159585, 0.836264, -0.527474, -0.149779, -0.544516, -0.831019, -0.113621, -0.0645375, 0.176574, -0.982169, -0.00108286, -0.0151147, -0.00118195, -0.115254, -0.0111269, 0.182539, 0.72226, 0.220219, -0.667142, -2.32057, 0.469729, 2.38234, 0.273101, 0.000422401, -0.000548206, -0.00044919, -0.00109111, -0.185025, 0.0181848, -0.0398556
586233, 10.587, 0.00312556, 0.011031, 0.0649588, 0.128029, 0.109724, -0.532866, -0.0013079, -0.00232213, 0.000167955, 0.043404, 0.42189, 0.030542, 0.502344, 0.045824, 0.15957, 0.837431, -0.525848, -0.148973, -0.542684, -0.832366, -0.112521, -0.0648308, 0.175073, -0.982419, -0.00226413, -0.0154183, -0.00148194, -0.126039, -0.00614078, 0.207039, 0.722262, 0.22021, -0.667137, -2.32058, 0.467486, 2.38252, 0.272655, 0.00146286, -0.00024052, 3.42244e-05, 0.000109476, -0.206087, 0.012508, -0.0452467
596561, 10.597, 0.00311626, 0.010853, 0.0649495, 0.126747, 0.109434, -0.531137, -0.00580189, 0.0047974, 0.000253034, 0.043278, 0.422316, 0.030538, 0.502334, 0.045646, 0.159561, 0.838592, -0.524225, -0.148161, -0.540857, -0.833697, -0.111455, -0.0650942, 0.1736, -0.982663, -0.00134593, -0.0158062, -0.00130595, -0.140468, -0.0114665, 0.22717, 0.722257, 0.220207, -0.667138, -2.32057, 0.46529, 2.3827, 0.272175, 0.0037972, 8.20161e-05, 0.000937147, 0.000516393, -0.226634, 0.0193453, -0.0468711
606837, 10.607, 0.00309852, 0.0106547, 0.0649347, 0.125306, 0.109128, -0.529164, -0.00176172, 0.0168861, 0.000243823, 0.043425, 0.422256, 0.030402, 0.502317, 0.0454477, 0.159546, 0.839905, -0.52237, -0.147271, -0.538778, -0.835202, -0.110253, -0.0654087, 0.171948, -0.982932, -0.00194134, -0.0209469, -0.00186015, -0.154933, -0.012574, 0.254644, 0.722257, 0.220204, -0.667142, -2.32057, 0.462828, 2.38289, 0.271603, -0.000849686, -7.43167e-05, -0.000583975, -0.00102519, -0.250966, 0.0208405, -0.0618821
617110, 10.618, 0.00308332, 0.0104024, 0.0649235, 0.123507, 0.108727, -0.526667, -0.00629804, 0.0239386, 0.00800936, 0.04352, 0.422552, 0.030399, 0.502301, 0.0451954, 0.159535, 0.841558, -0.520021, -0.146144, -0.536146, -0.83709, -0.108757, -0.0657799, 0.16988, -0.983267, -0.00155521, -0.0245897, -0.000844031, -0.179232, -0.0141319, 0.290712, 0.722252, 0.220193, -0.667152, -2.32056, 0.459739, 2.38313, 0.270859, -0.00133652, -0.00167268, -0.00172522, 0.000866009, -0.292853, 0.0213737, -0.0662732
627370, 10.628, 0.00305864, 0.010137, 0.0649011, 0.121596, 0.108341, -0.524125, -0.00652836, 0.0236052, 0.0157473, 0.043742, 0.422422, 0.030399, 0.502277, 0.04493, 0.159512, 0.843227, -0.517632, -0.145004, -0.533467, -0.839007, -0.107146, -0.0661968, 0.167703, -0.983612, -0.000928543, -0.0274749, -0.00170682, -0.202705, -0.0156624, 0.308487, 0.722248, 0.220198, -0.667162, -2.32056, 0.456502, 2.38337, 0.270177, 0.000617908, 0.0015949, -0.00320478, 0.00150374, -0.323747, 0.0281601, -0.0598203
637626, 10.638, 0.00302316, 0.0098374, 0.0648754, 0.119494, 0.107943, -0.521402, -0.0068026, 0.023202, 0.0158311, 0.043742, 0.422422, 0.030399, 0.502241, 0.0446304, 0.159486, 0.844999, -0.515074, -0.143788, -0.530596, -0.841051, -0.105359, -0.0666657, 0.165322, -0.983984, -0.00288433, -0.028778, -0.00259775, -0.218292, -0.0113523, 0.344921, 0.722236, 0.220189, -0.667183, -2.32058, 0.452945, 2.38362, 0.269503, -0.000144638, 0.000866827, -0.00105184, -0.000139706, -0.353348, 0.0252791, -0.0714352
647872, 10.648, 0.00298951, 0.00952268, 0.0648507, 0.117336, 0.107541, -0.518609, -0.0070715, 0.0178473, 0.0159856, 0.043682, 0.422425, 0.030534, 0.502208, 0.0443157, 0.159462, 0.846803, -0.512448, -0.142557, -0.527652, -0.843129, -0.103521, -0.0671445, 0.162882, -0.984358, -0.00312509, -0.0334124, -0.00274586, -0.227437, -0.0106623, 0.352452, 0.722215, 0.220186, -0.667214, -2.32059, 0.449303, 2.38386, 0.268801, -0.00302879, 0.000761083, -0.00496547, -0.00118309, -0.367671, 0.0256174, -0.0744987
658171, 10.659, 0.00295264, 0.00918724, 0.0648217, 0.114996, 0.1071, -0.515429, -0.011616, 0.0149895, 0.00838581, 0.043877, 0.422606, 0.030401, 0.502171, 0.0439802, 0.159433, 0.848835, -0.509448, -0.141216, -0.52431, -0.845452, -0.101537, -0.0676637, 0.160229, -0.984758, -0.00393352, -0.0276068, -0.00291957, -0.214967, -0.00805659, 0.353715, 0.722206, 0.220191, -0.667248, -2.3206, 0.445353, 2.38412, 0.267887, -0.000659253, 0.000231477, 0.00100723, -0.00113061, -0.35198, 0.0215603, -0.0793956
668426, 10.669, 0.00291027, 0.00887759, 0.064792, 0.112818, 0.106715, -0.512406, -0.0160908, 0.0218214, 0.000857752, 0.043527, 0.422402, 0.030398, 0.502128, 0.0436706, 0.159403, 0.850745, -0.50659, -0.139998, -0.52114, -0.84763, -0.0996835, -0.0681677, 0.157764, -0.985121, -0.00451929, -0.0288146, -0.00305482, -0.220835, -0.00681582, 0.375861, 0.722207, 0.220192, -0.667286, -2.32062, 0.441677, 2.38434, 0.266977, 0.000239284, 0.000498953, -0.00084849, -0.00088286, -0.363821, 0.018735, -0.0928033
678774, 10.679, 0.0028662, 0.00855767, 0.0647671, 0.110533, 0.106315, -0.5092, -0.0163768, 0.0213825, 0.000942159, 0.043527, 0.422402, 0.030398, 0.502084, 0.0433507, 0.159378, 0.852752, -0.503556, -0.138731, -0.51778, -0.849912, -0.0977385, -0.0686921, 0.155179, -0.985495, -0.00296221, -0.0317642, -0.0018206, -0.241084, -0.0184224, 0.403353, 0.722203, 0.220176, -0.667314, -2.32064, 0.437801, 2.38456, 0.266017, 0.000477322, -0.00310117, -0.000908065, -0.00320349, -0.39531, 0.0322203, -0.0972822
689018, 10.689, 0.00281385, 0.00821619, 0.0647349, 0.108116, 0.105905, -0.50585, -0.00825881, 0.0259962, 0.000909376, 0.043802, 0.422676, 0.030265, 0.502032, 0.0430092, 0.159346, 0.855047, -0.500048, -0.137282, -0.513899, -0.852523, -0.0954599, -0.0693019, 0.152172, -0.985921, -0.00378532, -0.0317115, -0.0019935, -0.246764, -0.0155163, 0.413842, 0.722195, 0.220156, -0.667343, -2.32069, 0.433302, 2.38483, 0.264931, 0.00047728, -0.00400092, 0.00057866, -0.00408168, -0.406846, 0.0307346, -0.0969887
699315, 10.7, 0.00276982, 0.00783571, 0.0647098, 0.105397, 0.105373, -0.502072, -0.0043457, 0.0279453, 0.00109724, 0.043828, 0.422622, 0.0304, 0.501988, 0.0426287, 0.159321, 0.857155, -0.49681, -0.135886, -0.510309, -0.854908, -0.093363, -0.0697861, 0.14937, -0.986316, -0.0059287, -0.0354353, -0.00408116, -0.254348, -0.00593549, 0.413796, 0.722194, 0.220124, -0.667373, -2.32073, 0.429123, 2.38514, 0.263958, -1.63072e-06, -0.000829856, -0.00434713, -0.00633807, -0.416272, 0.0261143, -0.0943465
709608, 10.71, 0.00273176, 0.00747399, 0.0646874, 0.102893, 0.104859, -0.4987, -0.00887566, 0.0298845, 0.00132606, 0.043863, 0.42267, 0.030533, 0.50195, 0.042267, 0.159298, 0.859217, -0.493625, -0.134467, -0.506768, -0.857242, -0.0912324, -0.0702366, 0.146532, -0.986709, -0.00606175, -0.0364266, -0.00476497, -0.259022, -0.00916105, 0.408267, 0.722189, 0.220079, -0.667412, -2.3208, 0.424901, 2.3855, 0.263068, -0.000931899, -0.00189632, -0.00316549, -0.0109621, -0.420293, 0.0352816, -0.0869587
719863, 10.72, 0.00269555, 0.00711017, 0.0646678, 0.10029, 0.104324, -0.495273, -0.00496217, 0.0417432, 0.00135636, 0.04401, 0.42261, 0.030398, 0.501914, 0.0419032, 0.159279, 0.861294, -0.490389, -0.133012, -0.503167, -0.859593, -0.0890102, -0.0706862, 0.143591, -0.987109, -0.00413836, -0.0364988, -0.00140316, -0.272716, -0.0129609, 0.432608, 0.722185, 0.220026, -0.667433, -2.32087, 0.420521, 2.38588, 0.262262, -0.000625229, -0.00671991, -0.0014978, -0.0059038, -0.449977, 0.0331366, -0.0847911
730162, 10.731, 0.00265161, 0.00667064, 0.0646415, 0.0972002, 0.103691, -0.491318, -0.00955676, 0.0435651, 0.00160096, 0.044044, 0.422658, 0.030531, 0.50187, 0.0414636, 0.159252, 0.863668, -0.486658, -0.131307, -0.499008, -0.862284, -0.0863595, -0.0711964, 0.140109, -0.987573, -0.00429164, -0.0390974, -0.0024879, -0.289144, -0.0207473, 0.438566, 0.722182, 0.219965, -0.667474, -2.32097, 0.415352, 2.38635, 0.261413, -0.00169094, -0.00902706, 0.000440746, -0.0141294, -0.470774, 0.0511739, -0.0764473
740427, 10.741, 0.0026166, 0.00626201, 0.0646221, 0.0943571, 0.103069, -0.487698, -0.00568868, 0.0406659, -0.00605428, 0.044231, 0.422737, 0.030399, 0.501835, 0.041055, 0.159233, 0.865822, -0.483244, -0.129716, -0.4952, -0.864716, -0.0839254, -0.0716112, 0.1369, -0.987993, -0.00253503, -0.0411683, -0.00086841, -0.289871, -0.0183063, 0.432484, 0.722185, 0.219893, -0.667521, -2.32108, 0.410595, 2.38683, 0.260662, 0.000544381, -0.00658172, -0.00724876, -0.0071911, -0.471414, 0.0429685, -0.0730175
750684, 10.751, 0.00259189, 0.00586383, 0.0646126, 0.0915539, 0.102419, -0.48417, -0.0102705, 0.0327351, 0.0016778, 0.044367, 0.422663, 0.0304, 0.50181, 0.0406568, 0.159224, 0.867907, -0.479919, -0.128126, -0.491487, -0.867061, -0.0815287, -0.0719658, 0.133731, -0.988401, -0.0029417, -0.0379302, -0.000850033, -0.289293, -0.0198327, 0.426852, 0.722185, 0.219803, -0.667554, -2.32119, 0.405892, 2.38734, 0.260001, 0.00172354, -0.009634, -0.00165473, -0.0108357, -0.471529, 0.0485557, -0.0614767
760890, 10.761, 0.00257721, 0.00546098, 0.064606, 0.0887521, 0.101708, -0.480687, -0.00642545, 0.0445267, -0.00595094, 0.044291, 0.422733, 0.030264, 0.501795, 0.040254, 0.159217, 0.869952, -0.476638, -0.126491, -0.487816, -0.869351, -0.0791427, -0.0722426, 0.130555, -0.988806, -0.00283238, -0.0404867, -0.000716646, -0.2887, -0.0257286, 0.42422, 0.722177, 0.219703, -0.66758, -2.32132, 0.401196, 2.38793, 0.25939, -0.00027907, -0.0125614, -0.00386026, -0.0159546, -0.470056, 0.0567971, -0.0656223
771218, 10.772, 0.00256608, 0.00499318, 0.0645947, 0.0855008, 0.100842, -0.47666, 0.00160098, 0.048893, -0.00597687, 0.044344, 0.422628, 0.030131, 0.501784, 0.0397862, 0.159206, 0.872297, -0.472844, -0.124569, -0.483572, -0.871966, -0.0763782, -0.0725051, 0.126863, -0.989267, 0.000740387, -0.043388, 0.0011101, -0.31102, -0.0409154, 0.454324, 0.722178, 0.219594, -0.667614, -2.32149, 0.395772, 2.38868, 0.258694, 0.000689171, -0.0132649, -0.00457418, -0.0142311, -0.502547, 0.0718697, -0.0709372
781535, 10.782, 0.00257554, 0.00456844, 0.0646013, 0.082528, 0.099954, -0.47289, -0.00299859, 0.0458782, -0.0132721, 0.04454, 0.422806, 0.030401, 0.501794, 0.0393614, 0.159212, 0.874475, -0.469289, -0.122727, -0.479601, -0.874371, -0.0738752, -0.0726404, 0.123462, -0.989687, 0.00120353, -0.0413401, 0.000828224, -0.308516, -0.0437627, 0.442678, 0.722181, 0.219463, -0.667634, -2.32165, 0.390772, 2.38945, 0.258013, 0.00255331, -0.0131584, -0.00260106, -0.0161908, -0.495564, 0.0780543, -0.0615632
791838, 10.792, 0.00258997, 0.0041434, 0.0646146, 0.0795935, 0.0990332, -0.469148, -0.00342479, 0.0502624, -0.0132599, 0.0446, 0.422803, 0.030265, 0.501808, 0.0389364, 0.159226, 0.876618, -0.465757, -0.120878, -0.475661, -0.876725, -0.0714118, -0.0727165, 0.120098, -0.990095, 0.00376165, -0.0430409, 0.00263733, -0.309375, -0.0543145, 0.440583, 0.722177, 0.219308, -0.667654, -2.32183, 0.385816, 2.39026, 0.257335, 0.00112782, -0.0153117, -0.00419964, -0.0158408, -0.496186, 0.0867259, -0.0625149
802207, 10.803, 0.00261155, 0.00372336, 0.0646373, 0.076653, 0.0980833, -0.465367, 0.000395925, 0.0620562, -0.0132295, 0.044747, 0.422743, 0.03013, 0.50183, 0.0385164, 0.159248, 0.878762, -0.462184, -0.119011, -0.471683, -0.879069, -0.0689467, -0.0727529, 0.116723, -0.990496, 0.00307924, -0.0426218, 0.00336514, -0.310594, -0.0545643, 0.458064, 0.722176, 0.219135, -0.667667, -2.32201, 0.38083, 2.39109, 0.256661, 0.000159589, -0.0192682, -0.0021065, -0.0178717, -0.504881, 0.0858415, -0.072025
