timestamp, robot_time[1], robot_ee_pos_error[3], robot_ee_ori_error[3], sensed_forces_moments[6], robot_ee_position[3], robot_ee_orientation[9], robot_ee_linear_velocity[3], robot_ee_angular_velocity[3], joint_angles[7], joint_velocities[7], 
10184, 10.012, -0.00940394, 0.0485061, 0.0764209, -0.0736647, 0.212933, -0.897148, 1.81591e-05, -8.31419e-05, -1.99746e-05, 0.040346, 0.411309, 0.012632, 0.489814, 0.0832991, 0.171032, 0.38237, -0.908866, -0.1666, -0.890517, -0.410575, 0.19598, -0.246521, 0.0734229, -0.966352, 0.000644388, 0.000299355, 0.000817056, -5.8342e-05, -0.0020452, -0.000449678, 0.10256, 0.20207, 0.0350831, -2.21765, 0.1216, 2.17853, 1.21191, 0.000507689, -0.000829075, -4.37541e-05, 0.00114003, -8.20383e-05, 0.000155692, 0.000987711
20354, 10.022, -0.00940323, 0.0485038, 0.0764219, -0.0736626, 0.212932, -0.897146, 1.8399e-05, -8.23717e-05, -1.98598e-05, 0.040346, 0.411309, 0.012632, 0.489815, 0.0832968, 0.171033, 0.382375, -0.908864, -0.166601, -0.890515, -0.41058, 0.195977, -0.246519, 0.0734239, -0.966353, 0.000101486, -0.000439949, 0.000105224, -0.000425845, -0.000457914, -0.00108823, 0.102557, 0.202068, 0.0350814, -2.21765, 0.1216, 2.17853, 1.2119, -0.000512737, -0.000348474, -0.0002718, -0.000206997, -0.000380023, 0.000319174, 0.00058784
30500, 10.032, -0.00940473, 0.0485079, 0.0764194, -0.0736658, 0.212936, -0.897142, 1.88641e-05, -8.3371e-05, -2.01426e-05, 0.040346, 0.411309, 0.012632, 0.489813, 0.0833009, 0.17103, 0.382382, -0.908861, -0.166603, -0.890511, -0.410587, 0.195981, -0.246524, 0.0734221, -0.966351, -0.000562385, 0.000999819, -0.000806333, -0.000225988, 0.0015543, 0.00161638, 0.102562, 0.202073, 0.0350847, -2.21765, 0.1216, 2.17853, 1.2119, 0.000845545, 0.00127167, 0.00129168, -0.000547818, -0.000204173, 0.000309377, 0.000646437
40678, 10.042, -0.00940351, 0.0485056, 0.0764219, -0.0736632, 0.212932, -0.897149, 1.81119e-05, -8.27018e-05, -1.98773e-05, 0.040346, 0.411309, 0.012632, 0.489814, 0.0832986, 0.171033, 0.382369, -0.908867, -0.1666, -0.890518, -0.410573, 0.195978, -0.246519, 0.073424, -0.966353, 0.000233907, 0.000630085, 0.00037089, 2.34865e-05, -0.000689229, -4.6554e-05, 0.10256, 0.202068, 0.0350817, -2.21765, 0.121601, 2.17853, 1.21191, 0.000902248, -0.000235132, 0.00023221, 0.000727947, 0.000193445, -0.000164299, 0.00107653
50842, 10.052, -0.00940277, 0.048504, 0.0764234, -0.0736618, 0.21293, -0.89715, 1.77751e-05, -8.21152e-05, -1.97002e-05, 0.040346, 0.411309, 0.012632, 0.489815, 0.083297, 0.171034, 0.382367, -0.908868, -0.166598, -0.89052, -0.410571, 0.195976, -0.246516, 0.0734242, -0.966353, -0.000227287, -0.00109957, 8.52336e-05, -0.00335848, -0.000453214, 0.0038843, 0.102557, 0.202065, 0.0350817, -2.21765, 0.1216, 2.17853, 1.21191, -0.000827417, -0.00103211, -2.39792e-05, -0.00104101, -0.00534185, -0.000107005, -0.000734383
60996, 10.062, -0.00940281, 0.0485014, 0.0764219, -0.0736629, 0.212931, -0.897152, 1.78756e-05, -8.27749e-05, -1.98513e-05, 0.040346, 0.411309, 0.012632, 0.489815, 0.0832944, 0.171033, 0.382362, -0.90887, -0.166599, -0.890521, -0.410566, 0.195978, -0.246519, 0.0734248, -0.966353, 5.08562e-05, -0.000149306, -3.1279e-05, -0.000379791, 0.000333971, -0.000578482, 0.102554, 0.202068, 0.0350795, -2.21765, 0.1216, 2.17853, 1.21191, -0.00029547, 0.000282672, 4.6261e-05, 0.000357634, -0.000353896, -0.000394246, 0.00064755
71149, 10.073, -0.00940321, 0.0485008, 0.0764204, -0.0736637, 0.212934, -0.897148, 1.84696e-05, -8.30414e-05, -2.00078e-05, 0.040346, 0.411309, 0.012632, 0.489815, 0.0832938, 0.171031, 0.38237, -0.908866, -0.166601, -0.890517, -0.410574, 0.19598, -0.246521, 0.0734245, -0.966352, 5.448e-05, -0.000340994, -0.000377262, 2.45696e-05, 0.0005781, 0.000592892, 0.102554, 0.202071, 0.0350785, -2.21765, 0.1216, 2.17853, 1.2119, -0.000421244, 0.00102668, -0.000221917, 0.000389569, -0.000225584, -4.96468e-05, -0.00109759
81299, 10.083, -0.00940364, 0.0485062, 0.0764219, -0.0736633, 0.212933, -0.897143, 1.83848e-05, -8.237e-05, -1.9857e-05, 0.040346, 0.411309, 0.012632, 0.489814, 0.0832992, 0.171033, 0.382381, -0.908862, -0.166601, -0.890513, -0.410585, 0.195977, -0.246519, 0.0734225, -0.966353, -0.000264855, 0.000585019, -0.000303873, -0.000335478, 0.000779185, 0.00108475, 0.102559, 0.202068, 0.0350844, -2.21765, 0.121599, 2.17853, 1.2119, 0.000914817, 0.000538802, 0.000374734, -8.67818e-05, -0.000334628, -0.000147115, 0.00047781
91463, 10.093, -0.00940482, 0.0485074, 0.0764189, -0.0736664, 0.212937, -0.897142, 1.88235e-05, -8.36223e-05, -2.01866e-05, 0.040346, 0.411309, 0.012632, 0.489813, 0.0833004, 0.17103, 0.382381, -0.908861, -0.166603, -0.890511, -0.410586, 0.195982, -0.246525, 0.0734218, -0.966351, -0.000599489, 2.04641e-06, -0.000922913, -0.000279406, 0.00195166, 0.00112182, 0.102567, 0.202074, 0.0350789, -2.21765, 0.121601, 2.17853, 1.2119, 0.00143497, 0.00122376, -0.00122225, -0.000878244, -2.02355e-05, 4.29821e-05, -0.000896786
101612, 10.103, -0.00940487, 0.0485078, 0.076419, -0.0736658, 0.212937, -0.897142, 1.90584e-05, -8.35433e-05, -2.02111e-05, 0.040346, 0.411309, 0.012632, 0.489813, 0.0833008, 0.17103, 0.382381, -0.908861, -0.166604, -0.890511, -0.410586, 0.195982, -0.246525, 0.0734228, -0.966351, 0.000599136, 4.7056e-05, 0.000811523, 0.000914964, -0.00215041, 0.00177866, 0.102562, 0.202074, 0.0350844, -2.21765, 0.121601, 2.17853, 1.2119, -0.000402142, -0.00099353, 0.000301281, 0.000878781, 0.000165257, 0.000160081, -0.00210049
111767, 10.113, -0.00940589, 0.0485089, 0.0764165, -0.0736696, 0.212939, -0.897144, 1.89091e-05, -8.497e-05, -2.04747e-05, 0.040346, 0.411309, 0.012632, 0.489812, 0.0833019, 0.171027, 0.382374, -0.908864, -0.166603, -0.890513, -0.41058, 0.195988, -0.24653, 0.0734214, -0.96635, 0.000522244, 0.00247417, 0.000628216, -0.000909048, -0.00233265, 0.0049125, 0.102562, 0.202079, 0.035087, -2.21765, 0.1216, 2.17853, 1.21191, 0.00419365, 6.80148e-05, 0.000964773, 0.00185363, -0.00157279, 0.000538697, 0.00139353
121926, 10.123, -0.00940625, 0.0485102, 0.076416, -0.0736695, 0.212941, -0.89714, 1.94474e-05, -8.47994e-05, -2.05329e-05, 0.040346, 0.411309, 0.012632, 0.489812, 0.0833032, 0.171027, 0.382384, -0.908859, -0.166605, -0.890508, -0.410591, 0.195987, -0.246532, 0.073421, -0.96635, 8.3349e-05, 0.000341494, -0.00035366, 0.000140502, 0.000110263, 0.000139689, 0.102567, 0.20208, 0.0350844, -2.21765, 0.121601, 2.17853, 1.2119, 0.000615093, 0.00103077, -1.58583e-05, 0.000379213, 0.000324794, 0.000585282, 0.000168096
132080, 10.133, -0.00940544, 0.0485093, 0.076418, -0.0736679, 0.212938, -0.897145, 1.87459e-05, -8.43379e-05, -2.03183e-05, 0.040346, 0.411309, 0.012632, 0.489813, 0.0833023, 0.171029, 0.382374, -0.908864, -0.166602, -0.890513, -0.41058, 0.195985, -0.246528, 0.0734219, -0.966351, 0.000253344, -0.000105158, 0.000358397, 0.000569374, -0.000402779, -0.00326373, 0.102565, 0.202076, 0.0350844, -2.21765, 0.121601, 2.17853, 1.21191, -0.000570267, -0.000280314, 0.00100364, 0.000257966, 0.000745542, -9.8932e-05, -0.00053644
142239, 10.144, -0.00940615, 0.0485095, 0.076416, -0.0736697, 0.212941, -0.89714, 1.93392e-05, -8.48293e-05, -2.05203e-05, 0.040346, 0.411309, 0.012632, 0.489812, 0.0833025, 0.171027, 0.382384, -0.908859, -0.166605, -0.890508, -0.41059, 0.195988, -0.246531, 0.0734206, -0.96635, 0.000232844, -0.000552297, 0.00022146, 0.00153919, -0.000962814, 0.00496742, 0.102565, 0.20208, 0.0350852, -2.21765, 0.1216, 2.17853, 1.2119, -0.000685464, -0.000310841, -0.000460288, 0.000200969, 1.83377e-05, -1.80557e-05, -0.00633043
152393, 10.154, -0.00940569, 0.0485107, 0.076418, -0.0736674, 0.212939, -0.897139, 1.92593e-05, -8.39316e-05, -2.03245e-05, 0.040346, 0.411309, 0.012632, 0.489812, 0.0833037, 0.171029, 0.382387, -0.908858, -0.166605, -0.890508, -0.410592, 0.195984, -0.246528, 0.0734213, -0.966351, -0.000137802, -0.00013738, -9.71449e-05, 0.000425957, 0.000313458, 0.00108417, 0.102563, 0.202076, 0.0350894, -2.21765, 0.1216, 2.17853, 1.2119, -0.000977985, -1.53419e-05, 0.000707489, -0.000297594, -1.96567e-05, -0.000123774, -0.00138814
162532, 10.164, -0.00940698, 0.0485136, 0.0764155, -0.0736709, 0.212942, -0.897141, 1.93135e-05, -8.53028e-05, -2.06119e-05, 0.040346, 0.411309, 0.012632, 0.489811, 0.0833066, 0.171027, 0.382381, -0.90886, -0.166605, -0.890509, -0.410588, 0.19599, -0.246533, 0.0734203, -0.966349, -0.00023839, 0.000276403, -0.000279526, -0.0018621, 0.000339717, 0.00294183, 0.102568, 0.202081, 0.0350901, -2.21765, 0.121601, 2.17853, 1.21191, 0.000798785, 0.000372685, 0.000449091, -0.000195978, -0.00274531, -4.3407e-07, 0.000371104
172697, 10.174, -0.0094065, 0.0485136, 0.076417, -0.0736694, 0.21294, -0.897141, 1.9119e-05, -8.46747e-05, -2.0451e-05, 0.040346, 0.411309, 0.012632, 0.489812, 0.0833066, 0.171028, 0.382382, -0.90886, -0.166604, -0.890509, -0.410588, 0.195987, -0.24653, 0.0734206, -0.96635, -0.000269373, 0.00135825, -0.000467882, -0.000484751, 0.000812298, 0.00251617, 0.102568, 0.202078, 0.0350901, -2.21765, 0.121601, 2.17853, 1.21191, 0.00230281, 0.0011729, 0.000570031, 0.00032183, -0.00051873, 5.33539e-05, 0.000752778
182827, 10.184, -0.00940623, 0.0485149, 0.0764185, -0.0736676, 0.212939, -0.897136, 1.93354e-05, -8.36748e-05, -2.02855e-05, 0.040346, 0.411309, 0.012632, 0.489812, 0.0833079, 0.17103, 0.382394, -0.908855, -0.166605, -0.890505, -0.4106, 0.195982, -0.246528, 0.07342, -0.966351, -0.000625996, 0.00107738, -0.000139999, -0.00220542, 0.000500386, 0.00644804, 0.102568, 0.202075, 0.0350927, -2.21765, 0.1216, 2.17853, 1.2119, 0.00115926, -0.000328893, 0.00199897, -0.00073379, -0.00396846, -0.000463934, -0.00031734
192973, 10.195, -0.00940635, 0.0485108, 0.076416, -0.0736696, 0.212941, -0.897139, 1.94559e-05, -8.47965e-05, -2.05338e-05, 0.040346, 0.411309, 0.012632, 0.489812, 0.0833038, 0.171027, 0.382386, -0.908859, -0.166606, -0.890507, -0.410592, 0.195987, -0.246532, 0.0734207, -0.96635, -0.000300372, 0.000850208, -0.000433772, 0.000777394, 0.000656721, 0.00152159, 0.102568, 0.20208, 0.0350846, -2.21765, 0.121601, 2.17853, 1.2119, 0.00105774, 0.000706701, 0.000489824, -0.000312728, 0.000913357, 0.000401891, -0.000726728
203114, 10.205, -0.00940534, 0.0485094, 0.0764184, -0.0736684, 0.212936, -0.897144, 1.84305e-05, -8.41999e-05, -2.0236e-05, 0.040346, 0.411309, 0.012632, 0.489813, 0.0833024, 0.171029, 0.382377, -0.908863, -0.166601, -0.890513, -0.410582, 0.195985, -0.246527, 0.0734203, -0.966351, 0.000133493, -0.000289495, 1.11577e-06, -0.00150786, -0.000269542, 0.000433268, 0.102565, 0.202075, 0.0350852, -2.21765, 0.121599, 2.17853, 1.21191, -2.01935e-05, 0.000166052, -0.00011999, 0.00029484, -0.00195735, 2.13796e-05, 0.000925121
213265, 10.215, -0.00940741, 0.0485122, 0.0764135, -0.0736729, 0.212944, -0.897141, 1.9466e-05, -8.61761e-05, -2.08153e-05, 0.040346, 0.411309, 0.012632, 0.489811, 0.0833052, 0.171025, 0.382378, -0.908862, -0.166606, -0.890509, -0.410585, 0.195994, -0.246537, 0.0734201, -0.966348, -0.000149813, 0.000263056, -0.000491704, -0.00023313, 0.00126354, -0.000264471, 0.102568, 0.202085, 0.0350876, -2.21765, 0.121601, 2.17853, 1.21191, 0.000566843, 0.00123536, -4.7909e-05, 0.000375034, 8.79571e-05, -0.000343783, 0.000771658
223412, 10.225, -0.00940626, 0.0485092, 0.0764155, -0.0736706, 0.212941, -0.897144, 1.90644e-05, -8.53801e-05, -2.05846e-05, 0.040346, 0.411309, 0.012632, 0.489812, 0.0833022, 0.171026, 0.382374, -0.908864, -0.166604, -0.890512, -0.41058, 0.19599, -0.246532, 0.0734211, -0.966349, 0.00115535, -0.000925384, 0.000119401, -0.000229707, -0.00512799, -0.00270304, 0.102562, 0.202081, 0.0350876, -2.21765, 0.1216, 2.17853, 1.21191, -0.00142798, -0.000267247, -0.000392657, -0.000562614, -0.00028625, 0.0054586, 0.000655511
233554, 10.235, -0.0094082, 0.0485158, 0.076413, -0.0736738, 0.212945, -0.897134, 1.99375e-05, -8.60151e-05, -2.08639e-05, 0.040346, 0.411309, 0.012632, 0.48981, 0.0833088, 0.171024, 0.382395, -0.908854, -0.166608, -0.890502, -0.410602, 0.195993, -0.246538, 0.0734178, -0.966348, 6.66839e-05, 0.000303093, 7.45972e-06, 0.000137451, -0.000208749, 0.00109818, 0.102573, 0.202086, 0.0350901, -2.21765, 0.1216, 2.17853, 1.2119, 0.000628917, 0.000195046, -3.55442e-05, 0.000288955, -1.09207e-05, 7.67878e-05, -0.000522186
243700, 10.245, -0.00940871, 0.0485189, 0.0764131, -0.0736747, 0.212945, -0.897136, 1.97089e-05, -8.63191e-05, -2.08862e-05, 0.040346, 0.411309, 0.012632, 0.489809, 0.0833119, 0.171024, 0.382391, -0.908856, -0.166607, -0.890503, -0.410598, 0.195994, -0.246539, 0.0734173, -0.966348, -0.00153114, 0.00231721, -0.00120646, -0.000138032, 0.0031925, 0.00564066, 0.102574, 0.202086, 0.0350951, -2.21765, 0.1216, 2.17853, 1.21191, 0.000464228, 0.00103782, 0.00457887, -0.00200284, -0.000986041, -0.000171005, 8.09931e-05
253840, 10.255, -0.00940467, 0.0485183, 0.0764146, -0.0736711, 0.212942, -0.897133, 1.96263e-05, -8.47342e-05, -2.05505e-05, 0.040346, 0.411309, 0.012632, 0.489813, 0.0833113, 0.171026, 0.382399, -0.908853, -0.166606, -0.890501, -0.410605, 0.195987, -0.246533, 0.0734177, -0.96635, -0.000167891, 0.00294115, 3.30635e-05, -0.000176319, -0.000413032, 0.00545309, 0.102577, 0.20209, 0.0350902, -2.21764, 0.1216, 2.17853, 1.2119, 0.00628947, 0.000541128, -0.000341585, 0.000849669, -6.09385e-05, 0.000137679, 0.000547939
263983, 10.265, -0.00940795, 0.0485162, 0.076414, -0.0736731, 0.212944, -0.897134, 1.97894e-05, -8.55961e-05, -2.07534e-05, 0.040346, 0.411309, 0.012632, 0.48981, 0.0833092, 0.171025, 0.382396, -0.908854, -0.166607, -0.890501, -0.410603, 0.195991, -0.246536, 0.0734175, -0.966349, 0.000503334, 0.000117625, 0.000949754, 0.000264854, -0.00241437, 0.00097457, 0.102571, 0.202084, 0.035093, -2.21765, 0.121599, 2.17853, 1.2119, -3.46594e-05, -0.00160895, 0.000221181, 0.000400653, -0.00026649, 0.000350232, -0.000647694
274126, 10.276, -0.00940826, 0.0485152, 0.0764125, -0.0736741, 0.212946, -0.897134, 2.00365e-05, -8.62129e-05, -2.09211e-05, 0.040346, 0.411309, 0.012632, 0.48981, 0.0833082, 0.171024, 0.382393, -0.908855, -0.166608, -0.890502, -0.4106, 0.195994, -0.246539, 0.0734182, -0.966348, 0.000182798, -5.18295e-05, 0.00047275, 0.00112967, -0.000811594, -0.000767006, 0.102571, 0.202087, 0.0350909, -2.21765, 0.1216, 2.17853, 1.2119, -0.00076792, -0.000900428, 0.000311343, 3.64312e-05, 0.00124286, -4.28559e-05, -0.000646944
284273, 10.286, -0.00940874, 0.0485161, 0.0764115, -0.0736755, 0.212947, -0.897133, 2.01192e-05, -8.66474e-05, -2.10235e-05, 0.040346, 0.411309, 0.012632, 0.489809, 0.0833091, 0.171023, 0.382395, -0.908854, -0.166608, -0.890501, -0.410602, 0.195996, -0.246541, 0.0734173, -0.966347, -1.66879e-05, 0.000519297, -6.63679e-05, 0.00147767, 0.000347527, 0.000156173, 0.102574, 0.202089, 0.0350898, -2.21765, 0.1216, 2.17853, 1.2119, 0.000763823, 0.000383818, -0.000187062, 0.000315446, 0.00192897, -0.000175515, -0.00104537
294411, 10.296, -0.00940836, 0.0485138, 0.0764115, -0.0736756, 0.212947, -0.897135, 1.9917e-05, -8.67089e-05, -2.10011e-05, 0.040346, 0.411309, 0.012632, 0.48981, 0.0833068, 0.171023, 0.382392, -0.908856, -0.166608, -0.890502, -0.410599, 0.195996, -0.246541, 0.0734173, -0.966348, -8.91526e-05, -0.000542556, -0.0003773, -0.000108144, 0.00068755, 0.000350446, 0.102571, 0.202089, 0.0350884, -2.21765, 0.121599, 2.17853, 1.2119, -0.000563463, 0.000649146, -0.000407521, -0.000137653, -0.000324731, -2.5956e-05, -0.00110333
304543, 10.306, -0.00940815, 0.0485146, 0.0764125, -0.0736738, 0.212946, -0.897135, 2.00379e-05, -8.62189e-05, -2.09226e-05, 0.040346, 0.411309, 0.012632, 0.48981, 0.0833076, 0.171024, 0.382392, -0.908856, -0.166608, -0.890503, -0.410599, 0.195994, -0.246539, 0.0734186, -0.966348, -0.000109204, -0.00115065, -0.0004095, -0.00544968, -0.000585034, 0.0093453, 0.102573, 0.202087, 0.0350876, -2.21765, 0.121601, 2.17853, 1.2119, 9.76785e-05, 0.000401883, -0.000159496, -0.000348276, -0.00916128, 0.000259649, -0.00263742
314689, 10.316, -0.00940855, 0.0485148, 0.0764115, -0.073676, 0.212947, -0.897134, 1.98829e-05, -8.67204e-05, -2.09976e-05, 0.040346, 0.411309, 0.012632, 0.489809, 0.0833078, 0.171023, 0.382394, -0.908855, -0.166607, -0.890501, -0.410601, 0.195996, -0.246541, 0.0734166, -0.966348, -0.000242156, -0.000146113, -0.000538021, -0.00203483, 0.00136515, -0.00521688, 0.102574, 0.202089, 0.0350876, -2.21765, 0.121599, 2.17853, 1.2119, 0.000516111, 0.000836639, -0.000582574, -0.000337978, -0.000567617, 0.000160198, 0.00577088
324825, 10.326, -0.00940499, 0.0485173, 0.0764131, -0.0736726, 0.212944, -0.897133, 1.97682e-05, -8.53735e-05, -2.07046e-05, 0.040346, 0.411309, 0.012632, 0.489813, 0.0833103, 0.171024, 0.382398, -0.908853, -0.166607, -0.890501, -0.410604, 0.19599, -0.246536, 0.0734175, -0.966349, -0.00180805, -0.000453726, -0.000619651, -0.000923602, 0.00958267, -0.000393617, 0.102573, 0.202093, 0.0350923, -2.21764, 0.121599, 2.17853, 1.2119, -0.000588966, 0.00117561, -0.000157459, 0.00082933, -0.000414541, -0.0092644, 0.000789643
335073, 10.337, -0.00940975, 0.0485185, 0.0764096, -0.0736757, 0.212952, -0.897128, 2.1299e-05, -8.69675e-05, -2.12918e-05, 0.040346, 0.411309, 0.012632, 0.489808, 0.0833115, 0.171021, 0.382405, -0.908849, -0.166614, -0.890495, -0.410613, 0.195997, -0.246545, 0.0734185, -0.966346, -0.000705619, 0.000530815, -0.000874248, 0.00429148, 0.00320708, -0.00411714, 0.102577, 0.202093, 0.035091, -2.21765, 0.121603, 2.17853, 1.21189, 0.000777517, 0.00128516, -0.00115062, -0.000792066, 0.00681934, -0.000617782, -0.00133591
345220, 10.347, -0.00941031, 0.0485273, 0.0764126, -0.0736764, 0.212948, -0.897124, 2.03427e-05, -8.61035e-05, -2.09517e-05, 0.040346, 0.411309, 0.012632, 0.489808, 0.0833203, 0.171024, 0.382416, -0.908845, -0.166609, -0.890492, -0.410623, 0.195993, -0.246541, 0.0734134, -0.966348, 0.000165781, 0.00197837, 0.000528095, 0.00010537, -0.00170057, 0.00426242, 0.102585, 0.202087, 0.0351014, -2.21765, 0.121599, 2.17853, 1.2119, 0.00302618, -0.000546638, 0.00095992, 0.000677487, -0.000405639, 0.000466142, -3.81133e-05
355370, 10.357, -0.00941116, 0.0485245, 0.0764086, -0.0736799, 0.212953, -0.897121, 2.10672e-05, -8.74754e-05, -2.13549e-05, 0.040346, 0.411309, 0.012632, 0.489807, 0.0833175, 0.17102, 0.38242, -0.908843, -0.166613, -0.890488, -0.410628, 0.195999, -0.246548, 0.0734126, -0.966346, 0.000420229, -0.00299397, -0.000248566, -0.00012997, 0.000338674, -0.0052284, 0.102582, 0.202095, 0.0350992, -2.21765, 0.121598, 2.17853, 1.21189, -0.005137, 0.000442588, -0.000883447, -7.16897e-05, -0.000120603, 9.08776e-05, -0.000715034
365530, 10.367, -0.00941204, 0.0485316, 0.0764096, -0.0736805, 0.212952, -0.897116, 2.10259e-05, -8.70205e-05, -2.12555e-05, 0.040346, 0.411309, 0.012632, 0.489806, 0.0833246, 0.171021, 0.382434, -0.908837, -0.166612, -0.890482, -0.410641, 0.195997, -0.246548, 0.0734095, -0.966346, -7.03407e-05, -1.86578e-05, -0.00013067, 0.000194855, 0.000170081, 0.00151007, 0.102591, 0.202093, 0.0351046, -2.21765, 0.121597, 2.17853, 1.21189, -0.000275577, 0.000207329, 0.000301542, -7.68436e-05, -0.00025242, -4.39081e-06, -0.00134515
375677, 10.377, -0.00941198, 0.048533, 0.0764106, -0.0736805, 0.212951, -0.897114, 2.07483e-05, -8.66386e-05, -2.11302e-05, 0.040346, 0.411309, 0.012632, 0.489806, 0.083326, 0.171022, 0.382438, -0.908835, -0.166611, -0.890481, -0.410645, 0.195996, -0.246546, 0.0734079, -0.966347, -0.000294395, -0.000472281, -0.00031807, -0.000230175, 0.000956924, -0.00123966, 0.102591, 0.202091, 0.0351078, -2.21765, 0.121595, 2.17853, 1.21189, -0.00114397, 0.000121204, 0.000281705, -0.000726331, -8.62492e-05, -8.56017e-05, 0.000464603
385820, 10.387, -0.00941245, 0.048535, 0.0764102, -0.0736794, 0.212953, -0.897109, 2.16468e-05, -8.63533e-05, -2.12272e-05, 0.040346, 0.411309, 0.012632, 0.489806, 0.083328, 0.171021, 0.382449, -0.90883, -0.166615, -0.890476, -0.410657, 0.195994, -0.246547, 0.0734091, -0.966347, 0.000681848, -7.4213e-05, 0.000216956, 0.000247521, -0.000823401, -0.000763591, 0.102592, 0.202092, 0.0351103, -2.21765, 0.121597, 2.17853, 1.21188, -0.000978546, 0.000826245, 0.000593822, 0.00177142, 7.87847e-05, -6.72067e-05, 0.000311515
395964, 10.397, -0.00941195, 0.0485339, 0.0764111, -0.0736785, 0.212952, -0.897106, 2.16077e-05, -8.56705e-05, -2.1082e-05, 0.040346, 0.411309, 0.012632, 0.489806, 0.0833269, 0.171022, 0.382457, -0.908827, -0.166615, -0.890473, -0.410664, 0.195991, -0.246545, 0.073408, -0.966347, 0.000203592, -0.00128003, 0.000214068, 0.00124862, -0.000828198, 0.0036098, 0.102595, 0.20209, 0.0351054, -2.21765, 0.121596, 2.17853, 1.21187, -0.000958578, -0.000603387, -0.00157041, -0.000204698, -2.94082e-05, -6.63279e-05, -0.00628918
406113, 10.408, -0.009415, 0.0485383, 0.0764042, -0.0736862, 0.212962, -0.897096, 2.29649e-05, -8.82165e-05, -2.18324e-05, 0.040346, 0.411309, 0.012632, 0.489803, 0.0833313, 0.171015, 0.382473, -0.908819, -0.166621, -0.890462, -0.410682, 0.196003, -0.246559, 0.0734041, -0.966344, -0.00085476, -0.000376198, -0.0013844, -0.000764664, 0.00320646, -0.000355695, 0.102601, 0.202104, 0.0351089, -2.21765, 0.121595, 2.17853, 1.21186, 0.000550355, 0.00188043, -0.000995428, -0.00124357, -0.000247842, -0.000138373, 0.000142504
416258, 10.418, -0.00942029, 0.0485408, 0.0764002, -0.0736943, 0.212969, -0.897087, 2.35174e-05, -9.0306e-05, -2.23515e-05, 0.040346, 0.411309, 0.012632, 0.489798, 0.0833338, 0.171011, 0.382491, -0.908811, -0.166624, -0.890451, -0.410701, 0.196012, -0.24657, 0.0733974, -0.966342, -0.00187315, 0.000410134, -0.00258071, -0.000363864, 0.00588552, 0.00244947, 0.102601, 0.202105, 0.0351165, -2.21766, 0.121589, 2.17853, 1.21185, 0.000332591, 0.00325795, 0.000948198, -0.00275366, -0.00016809, 7.34414e-06, -0.00107939
426400, 10.428, -0.00941582, 0.048542, 0.0764037, -0.0736858, 0.212966, -0.897081, 2.42811e-05, -8.73104e-05, -2.18756e-05, 0.040346, 0.411309, 0.012632, 0.489802, 0.083335, 0.171015, 0.382508, -0.908803, -0.166627, -0.890447, -0.410718, 0.195999, -0.246561, 0.0734014, -0.966344, 0.000564862, 0.000731992, 0.000790595, 0.000246081, -0.00192244, 0.00128024, 0.102604, 0.202105, 0.0351138, -2.21765, 0.121593, 2.17853, 1.21183, 0.000923853, -0.000704088, 0.000396477, 0.00124891, -8.1945e-05, -8.35018e-06, 8.84241e-05
436544, 10.438, -0.00941881, 0.0485327, 0.0764005, -0.0736887, 0.212973, -0.897061, 2.6048e-05, -8.73931e-05, -2.2197e-05, 0.040346, 0.411309, 0.012632, 0.489799, 0.0833257, 0.171012, 0.38255, -0.908784, -0.166635, -0.890427, -0.410761, 0.195999, -0.246568, 0.0733966, -0.966342, 0.00100732, -0.00118065, -0.000164342, 0.00157279, -0.00640971, 0.00582507, 0.102601, 0.202104, 0.0351011, -2.21766, 0.121587, 2.17853, 1.21177, 0.000671861, -0.000503237, -0.00280578, -0.00181342, -0.000187465, 0.00702887, -0.00865214
446685, 10.448, -0.0094178, 0.0485297, 0.076402, -0.0736774, 0.212982, -0.89702, 3.09142e-05, -8.25629e-05, -2.20566e-05, 0.040346, 0.411309, 0.012632, 0.4898, 0.0833227, 0.171013, 0.382643, -0.908741, -0.166656, -0.890388, -0.410856, 0.195978, -0.246564, 0.0733994, -0.966343, 0.0011021, 0.000522286, 0.00110476, 0.00735404, -0.00324334, 0.00425003, 0.10259, 0.202101, 0.0351057, -2.21766, 0.121587, 2.17853, 1.21166, -0.00121627, -0.000745704, 0.000394471, 0.00182592, 0.00663777, 0.000568447, -0.0104765
456845, 10.458, -0.00941555, 0.0485172, 0.0764024, -0.0736683, 0.212988, -0.89699, 3.45435e-05, -7.88316e-05, -2.19258e-05, 0.040346, 0.411309, 0.012632, 0.489802, 0.0833102, 0.171013, 0.38271, -0.90871, -0.166672, -0.89036, -0.410925, 0.195961, -0.246561, 0.0734021, -0.966343, 0.000842113, -0.0019604, 0.000805845, 0.0021435, -0.00199208, 0.0024463, 0.102579, 0.2021, 0.035092, -2.21766, 0.121586, 2.17853, 1.21156, -0.00207538, -0.000989261, -0.00216666, 0.000957193, 0.000802058, -0.000458256, -0.00746421
467005, 10.468, -0.00941242, 0.048508, 0.0764073, -0.0736549, 0.21299, -0.896949, 3.82545e-05, -7.25178e-05, -2.12857e-05, 0.040346, 0.411309, 0.012632, 0.489806, 0.083301, 0.171018, 0.382806, -0.908666, -0.166689, -0.890322, -0.41102, 0.195933, -0.24655, 0.0734024, -0.966346, 0.000661647, -0.00200999, 0.000279076, 0.00326835, -0.00182843, 0.00852826, 0.10257, 0.20209, 0.0350832, -2.21766, 0.121582, 2.17853, 1.21144, -0.00256386, -0.000156787, -0.0016165, 0.00058164, 0.000299335, 0.000111234, -0.0133639
477150, 10.479, -0.0094094, 0.048498, 0.0764112, -0.0736395, 0.212995, -0.896915, 4.26346e-05, -6.67064e-05, -2.0863e-05, 0.040346, 0.411309, 0.012632, 0.489809, 0.083291, 0.171022, 0.382885, -0.908629, -0.166708, -0.89029, -0.4111, 0.195907, -0.246541, 0.0734088, -0.966348, -5.26293e-05, -8.14171e-05, 0.000409164, 0.00205319, -0.000994353, 0.00677078, 0.102555, 0.202082, 0.0350774, -2.21766, 0.121584, 2.17853, 1.21133, -0.000786293, -0.00115542, 0.000580543, -0.000457955, 0.000134704, -0.000214476, -0.00731364
487292, 10.489, -0.00940713, 0.0484839, 0.0764111, -0.0736316, 0.213002, -0.896873, 4.67652e-05, -6.23155e-05, -2.06855e-05, 0.040346, 0.411309, 0.012632, 0.489811, 0.0832769, 0.171022, 0.382982, -0.908585, -0.166727, -0.890249, -0.411198, 0.195888, -0.246538, 0.0734068, -0.966349, -1.04103e-05, 5.45457e-05, 0.000264446, 0.00281578, -0.00122921, 0.0113054, 0.102543, 0.202082, 0.0350629, -2.21766, 0.121577, 2.17853, 1.2112, -0.000243434, -0.000673611, 0.00038146, -0.000189185, -0.000174373, -0.000100926, -0.0114184
497463, 10.499, -0.0094101, 0.0484721, 0.0764065, -0.0736262, 0.213021, -0.896824, 5.30812e-05, -5.97719e-05, -2.12597e-05, 0.040346, 0.411309, 0.012632, 0.489808, 0.0832651, 0.171017, 0.383085, -0.908537, -0.166755, -0.890202, -0.411306, 0.195876, -0.246548, 0.0734079, -0.966346, 0.00142958, 0.000473187, 0.00021355, 0.00430884, -0.00811516, 0.0145509, 0.102531, 0.202084, 0.0350527, -2.21767, 0.121576, 2.17853, 1.21106, -0.000113749, -0.000109484, 0.000921202, -0.00029047, 0.000181095, 0.00726159, -0.0150347
507596, 10.509, -0.00940972, 0.0484645, 0.0764039, -0.0736159, 0.213039, -0.896753, 6.08054e-05, -5.39731e-05, -2.14175e-05, 0.040346, 0.411309, 0.012632, 0.489808, 0.0832575, 0.171015, 0.383245, -0.908463, -0.166789, -0.890132, -0.411469, 0.195851, -0.246552, 0.0734054, -0.966346, -0.000164166, -0.0003791, -0.000828162, 0.00509809, -0.000362365, 0.0204057, 0.102524, 0.202089, 0.035046, -2.21767, 0.121571, 2.17853, 1.21087, -0.0004344, 0.00158137, -0.000239075, -0.000166809, -9.3681e-05, 0.000490539, -0.0217785
517727, 10.519, -0.00941415, 0.0484607, 0.0763989, -0.073598, 0.213075, -0.896631, 7.53122e-05, -4.50492e-05, -2.21133e-05, 0.040346, 0.411309, 0.012632, 0.489804, 0.0832537, 0.17101, 0.383511, -0.908339, -0.166853, -0.890014, -0.411743, 0.195811, -0.246564, 0.0734059, -0.966343, -0.000848686, 0.000703257, -0.000916809, 0.00997874, -0.000812822, 0.0427063, 0.102523, 0.202092, 0.0350402, -2.21768, 0.121573, 2.17853, 1.21056, 0.001781, 0.00103482, -0.000109831, -0.00111961, -0.000232317, -0.000175898, -0.0422576
527860, 10.529, -0.0094205, 0.0484601, 0.0763965, -0.0735751, 0.213127, -0.896448, 9.56381e-05, -3.18311e-05, -2.29459e-05, 0.040346, 0.411309, 0.012632, 0.489797, 0.0832531, 0.171007, 0.383915, -0.908152, -0.166943, -0.889836, -0.412157, 0.195753, -0.24658, 0.0733996, -0.966339, 0.000143595, 0.000991111, 0.00135586, 0.013156, -0.00577633, 0.0516289, 0.102521, 0.202089, 0.0350437, -2.21769, 0.121567, 2.17852, 1.21011, -0.000207585, -0.00271785, 0.00210393, 6.51116e-05, -0.000239734, -0.00073721, -0.0512571
537993, 10.539, -0.00942581, 0.0484636, 0.0763929, -0.0735296, 0.213199, -0.89615, 0.000127348, -6.76607e-06, -2.33503e-05, 0.040346, 0.411309, 0.012632, 0.489792, 0.0832553, 0.171004, 0.384575, -0.907847, -0.167084, -0.889548, -0.41283, 0.195642, -0.24659, 0.0733902, -0.966337, 8.26515e-05, -0.000450052, 0.0002235, 0.0163179, -0.00490229, 0.0638758, 0.102531, 0.202089, 0.0350412, -2.2177, 0.12156, 2.17852, 1.20938, 0.000420994, -0.000391144, -0.00131515, 0.000165955, 4.28976e-05, -0.000592645, -0.0669797
548129, 10.55, -0.0094339, 0.0484694, 0.0763923, -0.073478, 0.213274, -0.895843, 0.00016093, 2.00751e-05, -2.37268e-05, 0.040346, 0.411309, 0.012632, 0.489784, 0.0832624, 0.171003, 0.385256, -0.90753, -0.167233, -0.889251, -0.413526, 0.195523, -0.246598, 0.0733854, -0.966335, -0.000292234, 0.00106471, 0.000979508, 0.0184477, -0.00726189, 0.0737215, 0.10254, 0.202076, 0.0350486, -2.21772, 0.121559, 2.17852, 1.20863, 0.00189693, -0.0029832, 0.000330542, -0.0014548, 1.20829e-05, 0.000313077, -0.0740187
558266, 10.56, -0.00944034, 0.0484743, 0.0763924, -0.0734397, 0.21334, -0.895582, 0.000188963, 4.12151e-05, -2.43036e-05, 0.040346, 0.411309, 0.012632, 0.489778, 0.0832673, 0.171003, 0.38583, -0.907263, -0.167357, -0.888999, -0.414112, 0.195429, -0.24661, 0.0733776, -0.966333, 0.00055523, 0.000322025, 0.000965483, 0.0212582, -0.00829758, 0.0837842, 0.102546, 0.202068, 0.0350549, -2.21773, 0.121553, 2.17851, 1.208, 0.000596175, -0.00124292, -3.60098e-05, 0.00102849, -0.000264141, -0.000288061, -0.0858992
568392, 10.57, -0.00944893, 0.0484841, 0.0763923, -0.0733488, 0.213462, -0.895067, 0.000245012, 8.76265e-05, -2.46367e-05, 0.040346, 0.411309, 0.012632, 0.489769, 0.0832771, 0.171003, 0.386969, -0.906732, -0.167605, -0.888501, -0.415275, 0.195223, -0.246617, 0.073372, -0.966331, -0.000447866, 0.00133385, 0.000702366, 0.0323594, -0.00563456, 0.0981031, 0.102558, 0.202054, 0.0350646, -2.21775, 0.121552, 2.17851, 1.20674, 0.00154996, -0.00131597, -0.00102069, 0.000181385, 0.0091126, -0.00292683, -0.107767
578533, 10.58, -0.00945453, 0.0484974, 0.0763928, -0.0732636, 0.213574, -0.894578, 0.000297019, 0.000131871, -2.47292e-05, 0.040346, 0.411309, 0.012632, 0.489763, 0.0832904, 0.171004, 0.388046, -0.906229, -0.167836, -0.88803, -0.416373, 0.195027, -0.246622, 0.0733636, -0.966331, 5.13852e-05, 0.00125848, 0.000437832, 0.0302213, -0.00956272, 0.11733, 0.10257, 0.202046, 0.0350812, -2.21776, 0.121547, 2.17851, 1.20556, 0.00115554, -0.000587748, 0.0011459, 0.000385102, 0.000617788, -9.08754e-05, -0.119535
588694, 10.59, -0.00946275, 0.048497, 0.0763887, -0.0731805, 0.213694, -0.894087, 0.000350502, 0.0001746, -2.54054e-05, 0.040346, 0.411309, 0.012632, 0.489755, 0.08329, 0.171, 0.389123, -0.905723, -0.168073, -0.887555, -0.417473, 0.194838, -0.246635, 0.073358, -0.966328, -0.000247951, 0.000123817, 2.72093e-05, 0.0313784, -0.00927123, 0.123113, 0.102571, 0.20204, 0.0350824, -2.21778, 0.121543, 2.17851, 1.20435, 0.000115108, -0.00058557, 0.000191066, -0.000764017, 3.83585e-05, 0.000128079, -0.127126
598834, 10.6, -0.0094753, 0.0485013, 0.0763803, -0.0730806, 0.213858, -0.893458, 0.000419911, 0.000226041, -2.71229e-05, 0.040346, 0.411309, 0.012632, 0.489743, 0.0832943, 0.170991, 0.390488, -0.905079, -0.16838, -0.886947, -0.41887, 0.19461, -0.246667, 0.0733516, -0.96632, -0.000273168, 0.00114926, -0.000113253, 0.0353046, -0.0101826, 0.13866, 0.102574, 0.202042, 0.0350911, -2.2178, 0.121541, 2.1785, 1.20282, 0.000201806, 9.38318e-05, 0.00205451, -0.000252314, 0.000112221, 0.00021482, -0.141306
609438, 10.611, -0.00949147, 0.0484983, 0.0763678, -0.0729804, 0.214035, -0.892781, 0.000493735, 0.000279376, -2.92645e-05, 0.040346, 0.411309, 0.012632, 0.489727, 0.0832913, 0.170979, 0.39195, -0.904385, -0.168708, -0.88629, -0.420367, 0.194373, -0.246708, 0.0733392, -0.966311, -0.000673764, 0.000944771, -0.000234306, 0.0370897, -0.0102699, 0.148943, 0.102579, 0.202045, 0.0350859, -2.21783, 0.121533, 2.17849, 1.20117, 0.00180347, -0.000391411, 0.000338946, -0.00120298, -0.00038756, -7.70823e-05, -0.151609
619586, 10.621, -0.00951115, 0.048487, 0.0763508, -0.072878, 0.214225, -0.892084, 0.000571268, 0.000332724, -3.20903e-05, 0.040346, 0.411309, 0.012632, 0.489707, 0.08328, 0.170962, 0.393446, -0.903671, -0.169051, -0.885613, -0.421901, 0.194137, -0.246759, 0.0733316, -0.966298, -0.00106841, -0.00135924, -0.00100098, 0.0417848, -0.0086901, 0.16452, 0.102568, 0.20205, 0.0350805, -2.21787, 0.121528, 2.17848, 1.19946, -0.00108462, 0.000599162, -0.0013231, -0.00180813, -0.00017865, -0.0016189, -0.172424
629740, 10.631, -0.00953634, 0.0484843, 0.0763318, -0.0727762, 0.214424, -0.891364, 0.000651244, 0.000386128, -3.53737e-05, 0.040346, 0.411309, 0.012632, 0.489682, 0.0832773, 0.170943, 0.394979, -0.902936, -0.169406, -0.884914, -0.423474, 0.1939, -0.246818, 0.073323, -0.966284, -0.00312746, -0.00128075, -0.00312922, 0.0471266, -0.00621829, 0.187759, 0.102569, 0.202052, 0.0350806, -2.21792, 0.121527, 2.17847, 1.19772, -0.000786544, 0.00154323, -0.000919776, -0.00669447, 4.88833e-06, -5.52164e-06, -0.196011
639898, 10.641, -0.00956889, 0.0484816, 0.0763117, -0.0726505, 0.214664, -0.890469, 0.000748581, 0.000453405, -3.89705e-05, 0.040346, 0.411309, 0.012632, 0.489649, 0.0832746, 0.170923, 0.396879, -0.902021, -0.169837, -0.884044, -0.425422, 0.193602, -0.246886, 0.0733068, -0.966268, -0.0038286, -0.000501766, -0.00319595, 0.053701, -0.0071025, 0.215431, 0.102571, 0.202042, 0.0350833, -2.21799, 0.121519, 2.17846, 1.19557, 0.000627232, 0.000792738, -0.000626598, -0.00788207, 1.38716e-06, -0.000651166, -0.222823
650071, 10.652, -0.00961825, 0.0484679, 0.0762831, -0.0724793, 0.215, -0.889247, 0.00088288, 0.00054336, -4.46123e-05, 0.040346, 0.411309, 0.012632, 0.4896, 0.0832609, 0.170894, 0.399452, -0.900772, -0.170432, -0.882856, -0.428062, 0.193203, -0.246988, 0.0732917, -0.966243, -0.0051099, -0.00164959, -0.00255566, 0.0603472, -0.00644131, 0.239153, 0.10256, 0.20202, 0.0350805, -2.2181, 0.121514, 2.17844, 1.19263, -0.00220381, -0.00276942, 7.05087e-05, -0.0107709, 0.000150287, -0.003926, -0.249402
660263, 10.662, -0.00966258, 0.0484573, 0.0762591, -0.0723458, 0.215302, -0.888211, 0.000998351, 0.000613925, -5.09123e-05, 0.040346, 0.411309, 0.012632, 0.489555, 0.0832503, 0.17087, 0.401606, -0.899717, -0.170944, -0.881847, -0.430278, 0.192891, -0.2471, 0.0732805, -0.966215, -0.00694156, 0.00112161, -0.00328857, 0.0688801, -0.00466932, 0.274748, 0.102555, 0.202008, 0.0350742, -2.21818, 0.121514, 2.17839, 1.19016, -0.00169176, -0.0028154, 0.00520289, -0.0128294, 0.000390375, -0.0058625, -0.280512
670414, 10.672, -0.00972961, 0.0484376, 0.0762186, -0.0721864, 0.215727, -0.886827, 0.00115439, 0.000699779, -6.14526e-05, 0.040346, 0.411309, 0.012632, 0.489488, 0.0832306, 0.17083, 0.404447, -0.898312, -0.171636, -0.880495, -0.433207, 0.19251, -0.247288, 0.0732641, -0.966168, -0.00570773, -0.000676517, -0.00412456, 0.0737806, -0.00768159, 0.283774, 0.102546, 0.202005, 0.035058, -2.21829, 0.121515, 2.1783, 1.18688, -0.000205037, -3.79417e-05, -0.00051766, -0.0116331, 0.00334477, -0.00227645, -0.296757
680568, 10.682, -0.00978606, 0.0484196, 0.0761817, -0.0720794, 0.216045, -0.885803, 0.0012688, 0.000759875, -6.98412e-05, 0.040346, 0.411309, 0.012632, 0.489432, 0.0832126, 0.170793, 0.406531, -0.897273, -0.172143, -0.879492, -0.435357, 0.192244, -0.247439, 0.0732451, -0.966131, -0.00771219, -0.000586495, -0.00472478, 0.0719147, -0.00112281, 0.289948, 0.102536, 0.202004, 0.0350463, -2.21839, 0.121509, 2.17824, 1.18447, 0.00102727, -0.000346264, -0.00055894, -0.0131006, 0.00025576, -0.00816944, -0.298984
690722, 10.692, -0.0098612, 0.0483903, 0.0761304, -0.0719097, 0.216491, -0.884338, 0.00143228, 0.000850619, -8.09943e-05, 0.040346, 0.411309, 0.012632, 0.489357, 0.0831833, 0.170741, 0.409496, -0.895785, -0.172867, -0.87806, -0.438414, 0.191842, -0.247636, 0.0732295, -0.966082, -0.00620795, -0.00298036, -0.00497381, 0.0766498, -0.00677182, 0.30498, 0.102516, 0.202003, 0.0350251, -2.21853, 0.121511, 2.17817, 1.18102, 0.000530798, 0.000816639, -0.00490521, -0.0125635, 0.000487056, -0.00348088, -0.320086
700869, 10.702, -0.00993241, 0.0483517, 0.0760798, -0.0717405, 0.216919, -0.882909, 0.00159012, 0.000940432, -9.14771e-05, 0.040346, 0.411309, 0.012632, 0.489286, 0.0831447, 0.170691, 0.412363, -0.894333, -0.173567, -0.876665, -0.441371, 0.191444, -0.247822, 0.0732156, -0.966035, -0.00991653, -0.00274703, -0.0071683, 0.0807975, 0.000908497, 0.324129, 0.102484, 0.202001, 0.0349975, -2.21867, 0.12151, 2.17811, 1.17766, -0.00252616, 0.000263581, -0.000624587, -0.019379, 0.000107727, -0.00623955, -0.338155
711012, 10.713, -0.0100231, 0.0483113, 0.0760154, -0.0715244, 0.21744, -0.881114, 0.00178448, 0.00105586, -0.000103642, 0.040346, 0.411309, 0.012632, 0.489195, 0.0831043, 0.170626, 0.41594, -0.892507, -0.174428, -0.874912, -0.445055, 0.190932, -0.248038, 0.0731931, -0.965981, -0.00889844, -0.00371763, -0.00580168, 0.0944313, -0.00513086, 0.374042, 0.102468, 0.201992, 0.0349567, -2.21886, 0.121509, 2.17806, 1.17348, -0.0045072, -0.00118727, -0.000856053, -0.017405, -2.8625e-05, -0.00755043, -0.39192
721155, 10.723, -0.0101045, 0.0482704, 0.0759515, -0.071302, 0.217945, -0.879329, 0.00197519, 0.00117344, -0.000114952, 0.040346, 0.411309, 0.012632, 0.489114, 0.0830634, 0.170562, 0.419464, -0.89069, -0.175273, -0.873171, -0.448683, 0.190411, -0.248239, 0.0731731, -0.965931, -0.00789841, -0.00574535, -0.00732615, 0.0995715, -0.010656, 0.395778, 0.102454, 0.201997, 0.0349106, -2.21903, 0.121509, 2.17802, 1.16935, 0.000258109, 0.0015407, -0.00931695, -0.0184616, 0.000198338, -0.000349197, -0.418909
731296, 10.733, -0.0102042, 0.0482105, 0.0758748, -0.0710642, 0.218507, -0.877361, 0.00218486, 0.00129943, -0.000128301, 0.040346, 0.411309, 0.012632, 0.489014, 0.0830035, 0.170486, 0.423303, -0.888689, -0.176203, -0.871249, -0.452638, 0.189852, -0.248476, 0.0731514, -0.965872, -0.0077704, -0.00241625, -0.00566798, 0.0956991, -0.00914321, 0.37951, 0.102433, 0.201992, 0.0348393, -2.21925, 0.12151, 2.17798, 1.16481, -0.000336397, 4.77413e-05, -0.00260517, -0.0155898, 0.000345415, -0.00435066, -0.395675
741438, 10.743, -0.0103078, 0.0481454, 0.0757874, -0.0708824, 0.219022, -0.875654, 0.00236835, 0.00139836, -0.000142429, 0.040346, 0.411309, 0.012632, 0.48891, 0.0829384, 0.170398, 0.426581, -0.886958, -0.177016, -0.869577, -0.456024, 0.189414, -0.248726, 0.0731285, -0.965809, -0.0100398, -0.00752987, -0.00935174, 0.0919368, -0.00309012, 0.365733, 0.102417, 0.202002, 0.0347542, -2.21948, 0.121513, 2.17795, 1.16089, -0.00303485, 0.0020008, -0.00899652, -0.0235936, -3.4687e-05, -0.000308186, -0.390723
751579, 10.753, -0.0104006, 0.0480872, 0.0757094, -0.0707322, 0.21946, -0.874194, 0.00252378, 0.00148134, -0.000154713, 0.040346, 0.411309, 0.012632, 0.488817, 0.0828802, 0.17032, 0.429358, -0.885479, -0.177705, -0.868147, -0.458893, 0.189046, -0.248944, 0.0731053, -0.965755, -0.0105378, -0.00584731, -0.0093736, 0.085046, -0.000868554, 0.343408, 0.102407, 0.202008, 0.0346748, -2.21969, 0.121513, 2.17793, 1.15756, 0.00121292, 0.0016601, -0.00968348, -0.024117, -0.000184719, -0.000401212, -0.363799
761715, 10.763, -0.0104903, 0.0480147, 0.0756334, -0.0705489, 0.219923, -0.872596, 0.00269226, 0.00157852, -0.00016678, 0.040346, 0.411309, 0.012632, 0.488728, 0.0828077, 0.170244, 0.432382, -0.883856, -0.178452, -0.866584, -0.462014, 0.188616, -0.249156, 0.0730893, -0.965701, -0.00710731, -0.00908017, -0.00553706, 0.0864485, -0.00517836, 0.338412, 0.102378, 0.20201, 0.0345852, -2.2199, 0.121515, 2.17791, 1.15391, -0.00326535, -0.000406579, -0.0128063, -0.0154217, 0.000190671, -0.00699181, -0.366213
771853, 10.773, -0.0106046, 0.0479202, 0.075537, -0.0703735, 0.220459, -0.870843, 0.0028791, 0.00167433, -0.000182696, 0.040346, 0.411309, 0.012632, 0.488613, 0.0827132, 0.170148, 0.43565, -0.882081, -0.17928, -0.864865, -0.465396, 0.188191, -0.249436, 0.0730672, -0.965631, -0.0112618, -0.00854047, -0.0107458, 0.0839257, 0.00327939, 0.336188, 0.102348, 0.202016, 0.0344595, -2.22016, 0.121517, 2.17787, 1.14992, 0.000167434, 0.00326705, -0.0138532, -0.0256276, 0.000393117, -0.00134568, -0.362037
781985, 10.783, -0.0107066, 0.0478249, 0.0754551, -0.0702238, 0.220949, -0.869279, 0.0030468, 0.00175604, -0.000197985, 0.040346, 0.411309, 0.012632, 0.488511, 0.0826179, 0.170066, 0.438532, -0.880501, -0.180023, -0.86333, -0.468383, 0.187829, -0.249703, 0.0730501, -0.965563, -0.00904158, -0.00991127, -0.00744113, 0.0805749, -0.000445476, 0.314488, 0.102305, 0.202019, 0.0343408, -2.22038, 0.121517, 2.1778, 1.14637, -0.00596777, -0.000480664, -0.0112438, -0.0212647, 0.000296346, -0.00424273, -0.342991
