timestamp, robot_time[1], robot_ee_pos_error[3], robot_ee_ori_error[3], sensed_forces_moments[6], robot_ee_position[3], robot_ee_orientation[9], robot_ee_linear_velocity[3], robot_ee_angular_velocity[3], joint_angles[7], joint_velocities[7], 
10422, 10.0119, 0.0260122, 0.0593307, 0.104546, -0.0269413, -0.367196, 0.276391, 0.00226466, 6.2671e-05, 0.000898973, 0.040346, 0.411309, 0.012632, 0.52523, 0.0941237, 0.199157, 0.889111, 0.280577, 0.361606, 0.276336, -0.95889, 0.0645714, 0.364857, 0.0425136, -0.930092, -0.00361191, -0.00213252, -0.00523022, -0.00462631, 0.0127116, -0.0016647, 0.747639, 0.0802904, -0.555449, -2.51962, 0.061083, 2.96252, -0.149089, -0.00202836, 0.00415463, 0.000193113, -0.00666574, 0.000553207, -0.00315816, -0.00102704
20823, 10.0219, 0.0259236, 0.0593307, 0.104402, -0.0270271, -0.366871, 0.276472, 0.00234118, 5.15818e-05, 0.000927936, 0.040346, 0.411309, 0.012632, 0.525142, 0.0941237, 0.199013, 0.889219, 0.28067, 0.361267, 0.2764, -0.958868, 0.0646205, 0.364544, 0.0423924, -0.930221, -0.00787443, -0.00156998, -0.0132519, -0.0137628, 0.0308525, 0.00106162, 0.747658, 0.0804618, -0.555411, -2.51974, 0.0610819, 2.96243, -0.149081, -0.000177574, 0.0159367, 0.00245551, -0.0110247, -0.000204564, -0.00828246, 0.00089242
31076, 10.0319, 0.0258063, 0.05932, 0.104232, -0.0271143, -0.366486, 0.276554, 0.002431, 4.23434e-05, 0.000962156, 0.040346, 0.411309, 0.012632, 0.525024, 0.094113, 0.198843, 0.889352, 0.280762, 0.360869, 0.276464, -0.958846, 0.0646615, 0.364172, 0.0422605, -0.930372, -0.0133877, -0.00331933, -0.0191221, -0.017181, 0.0433992, 0.000840987, 0.747658, 0.0806253, -0.555362, -2.51993, 0.0610828, 2.96234, -0.149082, -0.000448081, 0.0169415, 0.00210855, -0.0240028, -5.38614e-05, -0.00741759, -0.000255335
41385, 10.0429, 0.0256298, 0.059298, 0.103975, -0.0272489, -0.365927, 0.276666, 0.00256203, 2.748e-05, 0.0010119, 0.040346, 0.411309, 0.012632, 0.524848, 0.094091, 0.198586, 0.889546, 0.280892, 0.360288, 0.276549, -0.958817, 0.0647273, 0.363632, 0.0420594, -0.930593, -0.0157328, -0.00487522, -0.0249556, -0.0245425, 0.0530429, 0.000322955, 0.747667, 0.0808736, -0.555306, -2.52023, 0.0610898, 2.96224, -0.149087, -8.72767e-05, 0.0268864, 0.00123735, -0.027734, 0.000189806, -0.00614574, -0.000627588
51714, 10.0529, 0.0254319, 0.0592828, 0.103674, -0.0274186, -0.36531, 0.276811, 0.00270724, 5.26731e-06, 0.00106651, 0.040346, 0.411309, 0.012632, 0.52465, 0.0940758, 0.198285, 0.889753, 0.28106, 0.359645, 0.276661, -0.958778, 0.0648258, 0.363039, 0.0418208, -0.930835, -0.0212557, -0.00316338, -0.0339489, -0.0333096, 0.0697431, 0.0052934, 0.74768, 0.0811951, -0.555223, -2.52057, 0.0610885, 2.96218, -0.149079, 0.00195394, 0.0386261, 0.00611008, -0.0365007, -0.000380056, -0.00531225, 0.00156471
62029, 10.0629, 0.0252158, 0.0592519, 0.103312, -0.0276565, -0.364612, 0.276978, 0.00287325, -3.02689e-05, 0.0011281, 0.040346, 0.411309, 0.012632, 0.524434, 0.0940449, 0.197923, 0.889987, 0.281262, 0.358909, 0.276782, -0.958733, 0.0649833, 0.362375, 0.0415051, -0.931108, -0.0219503, -0.00257225, -0.0374914, -0.0395868, 0.0740871, 0.0102332, 0.747682, 0.0816354, -0.555134, -2.52094, 0.0610885, 2.96216, -0.149082, -0.000649548, 0.0480251, 0.0114936, -0.0350761, 7.7856e-05, -0.00285506, 0.000647025
72269, 10.0731, 0.0249645, 0.0592086, 0.1029, -0.0279243, -0.363812, 0.277152, 0.00306308, -6.91187e-05, 0.00119846, 0.040346, 0.411309, 0.012632, 0.524182, 0.0940016, 0.197511, 0.890259, 0.281474, 0.358067, 0.276903, -0.958686, 0.0651555, 0.361614, 0.0411447, -0.93142, -0.0256712, -0.00335453, -0.0415855, -0.0415199, 0.081281, 0.00971867, 0.747675, 0.0821768, -0.555034, -2.52142, 0.0610895, 2.96213, -0.149079, -0.00187476, 0.0495699, 0.0115249, -0.0419486, 0.000313229, -0.000942673, -5.91099e-05
82515, 10.0839, 0.0246732, 0.0591363, 0.102402, -0.0282664, -0.36286, 0.277321, 0.00328968, -0.000118911, 0.00128195, 0.040346, 0.411309, 0.012632, 0.523891, 0.0939293, 0.197013, 0.890593, 0.281693, 0.357063, 0.277005, -0.958642, 0.0653761, 0.360712, 0.0406849, -0.93179, -0.0262785, -0.0066865, -0.0460625, -0.0482962, 0.0887115, 0.00428167, 0.747673, 0.0827399, -0.554963, -2.52189, 0.0610932, 2.96213, -0.149078, -0.000974449, 0.059064, 0.0076116, -0.0452251, 0.000394916, -0.000621461, 1.75063e-05
92763, 10.0939, 0.0244005, 0.0590633, 0.101916, -0.0286233, -0.361947, 0.277492, 0.00350803, -0.000173586, 0.00136165, 0.040346, 0.411309, 0.012632, 0.523618, 0.0938563, 0.196527, 0.890909, 0.281917, 0.356095, 0.277108, -0.958595, 0.0656185, 0.35985, 0.0402169, -0.932143, -0.0273565, -0.00675416, -0.0488665, -0.0517863, 0.0930923, 0.00448242, 0.747681, 0.0833781, -0.554905, -2.52236, 0.0610932, 2.96214, -0.149077, 0.000748559, 0.0645897, 0.00703944, -0.0464358, 0.00074456, 0.000262405, 0.000656516
103003, 10.1039, 0.0241103, 0.05897, 0.101382, -0.0290305, -0.360942, 0.277657, 0.00374878, -0.000235861, 0.00144907, 0.040346, 0.411309, 0.012632, 0.523328, 0.093763, 0.195993, 0.891263, 0.282142, 0.355028, 0.277195, -0.958551, 0.0658945, 0.358905, 0.0396827, -0.93253, -0.0282323, -0.00874952, -0.0528892, -0.058996, 0.0999102, 0.00429647, 0.747685, 0.0841015, -0.554861, -2.52285, 0.0610964, 2.96214, -0.149074, 0.00156643, 0.0734903, 0.00409871, -0.046662, 6.0958e-05, -7.95166e-05, -0.000819076
113241, 10.1149, 0.0237951, 0.0588435, 0.100772, -0.0295251, -0.3598, 0.277819, 0.00402333, -0.000312729, 0.00154795, 0.040346, 0.411309, 0.012632, 0.523013, 0.0936365, 0.195383, 0.891672, 0.282379, 0.353812, 0.277263, -0.958508, 0.0662351, 0.357835, 0.039039, -0.932969, -0.0299801, -0.0117525, -0.0582504, -0.0653689, 0.109536, -0.00121341, 0.747672, 0.0849686, -0.554831, -2.52337, 0.061098, 2.96214, -0.149074, -0.00212834, 0.08335, 0.00437312, -0.0489943, 0.000116152, -8.76951e-05, 0.00123444
123485, 10.1249, 0.0235058, 0.0587052, 0.100199, -0.0300029, -0.358734, 0.277928, 0.00427984, -0.000386218, 0.00163982, 0.040346, 0.411309, 0.012632, 0.522724, 0.0934982, 0.19481, 0.892065, 0.28256, 0.352675, 0.277282, -0.95848, 0.0665609, 0.356839, 0.0384136, -0.933376, -0.0284026, -0.01426, -0.0575087, -0.0658247, 0.107079, -0.00644974, 0.747659, 0.085798, -0.554837, -2.52385, 0.0611029, 2.96215, -0.149063, -0.0020598, 0.084903, -0.000588644, -0.0462768, 0.000688253, 0.000598736, 0.00121537
133723, 10.1349, 0.0232042, 0.0585687, 0.0996087, -0.0304939, -0.357635, 0.278065, 0.00454462, -0.000462706, 0.00173421, 0.040346, 0.411309, 0.012632, 0.522422, 0.0933617, 0.19422, 0.892462, 0.28277, 0.351501, 0.277327, -0.958444, 0.0668998, 0.355811, 0.0377753, -0.933794, -0.0311167, -0.0149826, -0.0623074, -0.071963, 0.116436, -0.00459159, 0.747651, 0.0866463, -0.554837, -2.52435, 0.0611016, 2.96216, -0.149063, -0.00151669, 0.0916114, -0.000439758, -0.0504931, -0.000300906, 0.000212486, 0.000637313
143969, 10.1449, 0.0228956, 0.0584287, 0.0990112, -0.0309869, -0.356512, 0.278194, 0.00481459, -0.000538389, 0.0018302, 0.040346, 0.411309, 0.012632, 0.522114, 0.0932217, 0.193622, 0.892869, 0.282971, 0.350305, 0.277363, -0.95841, 0.0672353, 0.354761, 0.0371294, -0.934219, -0.0311822, -0.0148579, -0.0600112, -0.0677295, 0.113413, -0.00531457, 0.747644, 0.0875002, -0.55484, -2.52486, 0.061104, 2.96216, -0.149057, -0.00211362, 0.0850147, -0.000355934, -0.0520499, -8.05149e-05, -6.44731e-05, 0.000554597
154207, 10.1559, 0.0225622, 0.0582893, 0.0983757, -0.031505, -0.355315, 0.278348, 0.00510236, -0.000618155, 0.00193213, 0.040346, 0.411309, 0.012632, 0.52178, 0.0930823, 0.192987, 0.893295, 0.2832, 0.349029, 0.277422, -0.958368, 0.0675888, 0.35364, 0.0364516, -0.934671, -0.0294038, -0.0123681, -0.0568803, -0.0642189, 0.107011, -0.00354998, 0.747651, 0.0884023, -0.554838, -2.52541, 0.0611056, 2.96216, -0.149051, 0.00102159, 0.0822025, -4.23919e-06, -0.0478612, -5.04374e-05, 0.000267253, 0.00255546
164451, 10.1659, 0.0222729, 0.0581554, 0.0978177, -0.031966, -0.35427, 0.278455, 0.0053537, -0.000688525, 0.00202072, 0.040346, 0.411309, 0.012632, 0.521491, 0.0929484, 0.192429, 0.893675, 0.283374, 0.347915, 0.277444, -0.958339, 0.0679007, 0.352662, 0.0358458, -0.935064, -0.0299355, -0.0133251, -0.0558304, -0.0603859, 0.10638, -0.00888933, 0.74764, 0.0892019, -0.55484, -2.52589, 0.0611078, 2.96217, -0.149036, -0.000360079, 0.077476, -0.000687523, -0.0504287, 3.24635e-05, 2.45378e-05, 0.00582892
174798, 10.1759, 0.0220015, 0.0580296, 0.0972957, -0.0323989, -0.353292, 0.278557, 0.00558914, -0.000754817, 0.00210335, 0.040346, 0.411309, 0.012632, 0.521219, 0.0928226, 0.191907, 0.894028, 0.283539, 0.346872, 0.277467, -0.958312, 0.0681945, 0.351747, 0.0352778, -0.93543, -0.0270893, -0.0139148, -0.0524185, -0.0599276, 0.0990206, -0.0057437, 0.747635, 0.0899506, -0.554847, -2.52634, 0.0611086, 2.96218, -0.149024, -0.00180107, 0.0752167, -0.00183092, -0.0449249, 3.04247e-05, 5.25632e-05, -3.43519e-05
185029, 10.1859, 0.0217443, 0.0579113, 0.0968001, -0.0328092, -0.352357, 0.278647, 0.00581389, -0.000817045, 0.00218201, 0.040346, 0.411309, 0.012632, 0.520962, 0.0927043, 0.191411, 0.894367, 0.283687, 0.345876, 0.277483, -0.958288, 0.0684703, 0.350873, 0.0347371, -0.935779, -0.0267087, -0.0117391, -0.050118, -0.0553723, 0.0952457, -0.00557011, 0.747628, 0.0906656, -0.554849, -2.52676, 0.0611099, 2.96218, -0.149002, -0.000291472, 0.0717365, 3.15885e-05, -0.0424198, 8.67775e-05, 7.01253e-05, 0.00190145
195269, 10.1969, 0.0214939, 0.057794, 0.0963029, -0.0332315, -0.351429, 0.278737, 0.0060375, -0.000882236, 0.00225974, 0.040346, 0.411309, 0.012632, 0.520712, 0.092587, 0.190914, 0.894702, 0.283837, 0.344885, 0.277496, -0.958263, 0.0687592, 0.350007, 0.0341852, -0.936123, -0.0222783, -0.0099762, -0.0455421, -0.0536167, 0.0842044, -0.00227415, 0.747625, 0.0914076, -0.554852, -2.52716, 0.0611114, 2.96219, -0.148974, 0.000309024, 0.0702124, 0.000558227, -0.0342803, 2.22603e-05, 0.000977122, 0.00158944
205504, 10.2069, 0.021289, 0.0576943, 0.0958894, -0.0335887, -0.350654, 0.27881, 0.00622451, -0.000937608, 0.00232447, 0.040346, 0.411309, 0.012632, 0.520507, 0.0924873, 0.1905, 0.894981, 0.283961, 0.344056, 0.277505, -0.958243, 0.0690046, 0.349284, 0.0337195, -0.93641, -0.0205894, -0.00919189, -0.0397371, -0.0451532, 0.0754883, -0.00345115, 0.747619, 0.0920345, -0.554855, -2.52748, 0.0611114, 2.96219, -0.148951, -0.000594145, 0.0579918, 0.00053826, -0.032861, 7.62187e-05, -0.000666406, 0.00184218
215749, 10.2169, 0.0211096, 0.0575965, 0.0955173, -0.0339211, -0.349963, 0.278875, 0.00639149, -0.000990138, 0.00238187, 0.040346, 0.411309, 0.012632, 0.520328, 0.0923895, 0.190128, 0.89523, 0.284073, 0.343316, 0.27751, -0.958224, 0.0692374, 0.348642, 0.0332903, -0.936665, -0.0156816, -0.00826172, -0.0340972, -0.041231, 0.0598216, -0.00254247, 0.747605, 0.0926105, -0.554864, -2.52776, 0.061112, 2.9622, -0.148943, -0.000793167, 0.0552593, 9.27349e-05, -0.0244054, 0.000567404, 0.00471263, 0.000264423
226023, 10.2269, 0.0209565, 0.0575106, 0.0951872, -0.0342257, -0.349355, 0.278939, 0.00653914, -0.00103937, 0.00243229, 0.040346, 0.411309, 0.012632, 0.520174, 0.0923036, 0.189798, 0.895446, 0.284181, 0.342661, 0.27752, -0.958206, 0.0694556, 0.348078, 0.0329017, -0.936888, -0.0127129, -0.00661839, -0.0292629, -0.0412936, 0.0492173, 0.0062691, 0.747595, 0.0931398, -0.554873, -2.52799, 0.0611114, 2.96221, -0.148939, -0.000723569, 0.0497475, 0.00011748, -0.0190183, -0.00908099, 0.00544804, 0.000101641
236264, 10.2379, 0.0208272, 0.0574258, 0.0948788, -0.0345296, -0.3488, 0.278991, 0.00667459, -0.00108988, 0.00247803, 0.040346, 0.411309, 0.012632, 0.520045, 0.0922188, 0.18949, 0.895645, 0.284278, 0.342061, 0.277518, -0.95819, 0.0696795, 0.347568, 0.0325199, -0.937091, -0.011772, -0.00724966, -0.0293999, -0.0384491, 0.0522969, -0.00232576, 0.747579, 0.0936715, -0.554884, -2.52817, 0.0611107, 2.96223, -0.148931, -0.000750679, 0.0525854, -0.000370177, -0.014636, -0.000598576, 0.00059166, 0.00107858
246511, 10.2479, 0.0207385, 0.0573678, 0.0946433, -0.0347744, -0.348391, 0.279047, 0.0067752, -0.00113257, 0.00251155, 0.040346, 0.411309, 0.012632, 0.519956, 0.0921608, 0.189254, 0.895786, 0.28437, 0.341615, 0.27753, -0.958173, 0.0698687, 0.347195, 0.032221, -0.937239, -0.00894498, -0.00483226, -0.0231115, -0.0306909, 0.0393039, -4.70948e-05, 0.747576, 0.0941086, -0.554889, -2.52828, 0.0611125, 2.96226, -0.148929, 0.00155439, 0.0427088, -0.000695176, -0.0109272, -0.000186762, 0.00271656, 0.000617814
256776, 10.2581, 0.020688, 0.0573201, 0.0944619, -0.0349886, -0.348095, 0.279092, 0.00684908, -0.0011721, 0.00253551, 0.040346, 0.411309, 0.012632, 0.519906, 0.0921131, 0.189073, 0.895886, 0.284449, 0.341288, 0.277538, -0.958158, 0.0700439, 0.346931, 0.0319688, -0.937345, -0.0044344, -0.0035527, -0.0173301, -0.0260175, 0.0255535, 0.00138208, 0.747566, 0.0944934, -0.554892, -2.52832, 0.0611129, 2.9623, -0.148931, -9.02917e-05, 0.0383049, 0.000757306, -0.00264851, 0.000130432, 0.00521232, -0.000923045
267126, 10.2689, 0.0206557, 0.0572751, 0.0942935, -0.0352058, -0.347855, 0.279128, 0.00691064, -0.00121387, 0.00255479, 0.040346, 0.411309, 0.012632, 0.519874, 0.0920681, 0.188905, 0.895967, 0.284519, 0.341015, 0.277534, -0.958145, 0.070229, 0.346723, 0.0317203, -0.937431, -0.00296841, -0.00368622, -0.014486, -0.0222463, 0.0206065, -0.000583999, 0.747557, 0.0948915, -0.554896, -2.52833, 0.0611177, 2.96238, -0.148927, -0.00242474, 0.0336704, 0.00156075, -0.000573282, 0.000272355, 0.00479687, -0.000490214
277448, 10.2789, 0.0206489, 0.0572418, 0.0941918, -0.0353561, -0.347729, 0.27914, 0.006944, -0.00124376, 0.00256468, 0.040346, 0.411309, 0.012632, 0.519867, 0.0920348, 0.188803, 0.896012, 0.284556, 0.340867, 0.277519, -0.95814, 0.0703615, 0.34662, 0.0315524, -0.937475, 0.00181605, -0.00255142, -0.00672246, -0.0133117, -0.000196209, -0.00228267, 0.747548, 0.0951646, -0.554907, -2.52831, 0.0611181, 2.96245, -0.148921, -0.00180939, 0.0241708, -0.000147755, 0.00450405, 0.000139621, 0.0136702, 0.000737483
287844, 10.2889, 0.0206579, 0.0572118, 0.0941201, -0.0354826, -0.347666, 0.279142, 0.00696245, -0.00127009, 0.00256942, 0.040346, 0.411309, 0.012632, 0.519876, 0.0920048, 0.188731, 0.896036, 0.28458, 0.340785, 0.277498, -0.958137, 0.0704782, 0.346576, 0.0314164, -0.937496, 0.000713603, -0.00451497, -0.0068239, -0.0121857, 0.00386172, -0.00580502, 0.74753, 0.0953924, -0.554916, -2.52827, 0.0611181, 2.96253, -0.148919, -0.00460312, 0.0205026, -0.00107273, 0.00191961, -7.79957e-05, 0.00933103, 0.0005078
298140, 10.2989, 0.0206675, 0.0571792, 0.0940649, -0.0355842, -0.347641, 0.279124, 0.00697145, -0.00129136, 0.00257108, 0.040346, 0.411309, 0.012632, 0.519885, 0.0919722, 0.188676, 0.896051, 0.28458, 0.340745, 0.277463, -0.958141, 0.0705725, 0.346566, 0.0313077, -0.937503, 0.000855203, -0.00365393, -0.00367882, -0.00475503, -0.000753464, -0.0103151, 0.747494, 0.0955706, -0.554918, -2.52825, 0.0611194, 2.96263, -0.148917, -0.00456659, 0.0118043, -0.000727881, 0.000193393, 0.000100242, 0.00944757, 0.00547109
308467, 10.3099, 0.0206781, 0.05714, 0.0940381, -0.035645, -0.347654, 0.279074, 0.00697019, -0.00130344, 0.00256972, 0.040346, 0.411309, 0.012632, 0.519896, 0.091933, 0.188649, 0.896061, 0.284541, 0.340751, 0.277402, -0.958155, 0.070626, 0.346588, 0.0312397, -0.937497, 0.00236274, -0.00019254, 0.000781987, -0.000335504, -0.0125358, -0.000425812, 0.747444, 0.095663, -0.55493, -2.52825, 0.0611229, 2.96272, -0.148918, -0.00104234, 0.00415227, 0.00057094, 0.000751194, 0.000372023, 0.0150556, -4.28937e-05
318790, 10.3199, 0.0206952, 0.0570937, 0.0940272, -0.0356927, -0.347684, 0.278997, 0.00696464, -0.00131195, 0.00256706, 0.040346, 0.411309, 0.012632, 0.519913, 0.0918867, 0.188638, 0.896073, 0.284473, 0.340776, 0.277315, -0.958177, 0.0706637, 0.346625, 0.0311824, -0.937485, 0.000702588, -0.00314805, -0.0026864, -0.00549025, 0.00118259, -0.00432348, 0.747403, 0.095724, -0.554971, -2.52824, 0.0611282, 2.96279, -0.148915, -0.000969297, 0.00878036, -0.00378567, 0.00121752, 0.000352602, 0.00385806, -0.000620583
329008, 10.3309, 0.020716, 0.057034, 0.0940382, -0.035717, -0.347726, 0.278881, 0.00695543, -0.001314, 0.00256356, 0.040346, 0.411309, 0.012632, 0.519934, 0.091827, 0.188649, 0.896093, 0.284363, 0.340816, 0.277195, -0.958211, 0.0706728, 0.346671, 0.0311433, -0.93747, 0.00180068, -0.00614681, 0.000810792, -0.000368979, -0.00268022, -0.0121786, 0.747367, 0.095724, -0.555052, -2.52823, 0.0611312, 2.96282, -0.148911, -0.00130169, 0.000185878, -0.0105996, 0.00101142, -3.31709e-05, 0.00116106, 0.000456354
339136, 10.3409, 0.0207419, 0.056939, 0.0940499, -0.0357532, -0.347764, 0.278704, 0.00694744, -0.00131586, 0.00256051, 0.040346, 0.411309, 0.012632, 0.51996, 0.091732, 0.188661, 0.896133, 0.284192, 0.340852, 0.277012, -0.958263, 0.070681, 0.346713, 0.0310803, -0.937456, 0.00289213, -0.00804048, 0.0022884, 0.00433845, -0.00642687, -0.0202858, 0.747294, 0.0957209, -0.555163, -2.52822, 0.0611375, 2.96284, -0.14891, -0.00731881, -0.00226275, -0.00840985, 0.0012976, 0.00496193, 0.00327181, 0.000483683
349336, 10.3509, 0.0207725, 0.0568445, 0.0940712, -0.0357826, -0.347813, 0.278528, 0.00693657, -0.00131668, 0.0025565, 0.040346, 0.411309, 0.012632, 0.519991, 0.0916375, 0.188682, 0.896169, 0.284022, 0.3409, 0.27683, -0.958316, 0.0706847, 0.346766, 0.031026, -0.937438, 0.00152375, -0.00918594, 0.000434431, -0.000477251, -0.000814168, -0.0167508, 0.747216, 0.0957021, -0.555273, -2.5282, 0.0611411, 2.96285, -0.148914, -0.00635971, -0.000883413, -0.011132, -0.000651642, 0.000453288, 7.07527e-05, -0.0011858
359529, 10.3609, 0.0208082, 0.05673, 0.09409, -0.0358217, -0.347854, 0.278301, 0.00692759, -0.00131721, 0.00255319, 0.040346, 0.411309, 0.012632, 0.520026, 0.091523, 0.188701, 0.896223, 0.283803, 0.34094, 0.276596, -0.958383, 0.070687, 0.346812, 0.0309514, -0.937424, 0.00330032, -0.0117393, 0.00122092, 0.00017256, -0.00439946, -0.0241485, 0.747117, 0.0956958, -0.555399, -2.52817, 0.0611499, 2.96285, -0.148903, -0.00929961, 0.000567868, -0.0133542, 0.00179061, 0.00107164, 0.00230182, 0.000819476
369772, 10.3709, 0.0208505, 0.0566043, 0.0941134, -0.0358674, -0.347905, 0.27806, 0.00691654, -0.00131895, 0.00254904, 0.040346, 0.411309, 0.012632, 0.520068, 0.0913973, 0.188724, 0.896278, 0.283571, 0.340989, 0.276347, -0.958454, 0.0706947, 0.346869, 0.0308692, -0.937405, 0.00450233, -0.0126177, 0.00231407, -0.000368514, -0.00572118, -0.0241712, 0.747016, 0.09569, -0.555546, -2.52813, 0.0611592, 2.96285, -0.1489, -0.0113847, 0.000157178, -0.0136507, 0.00465939, -0.000231349, 0.000362788, -0.000384889
380088, 10.3809, 0.0208941, 0.0564587, 0.094129, -0.0359267, -0.347943, 0.277767, 0.00690851, -0.00132105, 0.00254596, 0.040346, 0.411309, 0.012632, 0.520112, 0.0912517, 0.18874, 0.896354, 0.283289, 0.341024, 0.276043, -0.958541, 0.0707041, 0.346916, 0.0307616, -0.937392, 0.00485455, -0.0115688, 0.00268338, 0.00209338, -0.00631503, -0.0298738, 0.746908, 0.0957034, -0.55572, -2.52809, 0.0611707, 2.96285, -0.148873, -0.00504195, 0.000802738, -0.0180059, 0.00605158, 0.000339137, 5.00184e-05, 0.00738486
390395, 10.3919, 0.0209419, 0.0562811, 0.0941443, -0.0359955, -0.347976, 0.277392, 0.00690172, -0.00132155, 0.00254345, 0.040346, 0.411309, 0.012632, 0.52016, 0.0910741, 0.188755, 0.896457, 0.282927, 0.341054, 0.275656, -0.958652, 0.0707063, 0.346957, 0.0306286, -0.937381, 0.00422914, -0.0180048, 0.00107754, 0.000185796, -0.00243303, -0.0397916, 0.746792, 0.0957172, -0.555946, -2.52805, 0.0611845, 2.96284, -0.148819, -0.011191, 0.00115498, -0.0232686, 0.00241747, 0.000747978, -0.000402345, 0.00523689
400735, 10.4019, 0.0209833, 0.0561106, 0.0941568, -0.0360546, -0.348014, 0.277003, 0.00689341, -0.00131941, 0.00254059, 0.040346, 0.411309, 0.012632, 0.520201, 0.0909036, 0.188768, 0.896562, 0.282548, 0.341091, 0.275256, -0.958768, 0.0706968, 0.347003, 0.0305034, -0.937368, 0.00351766, -0.017493, 0.000740745, 0.00140293, -0.00142798, -0.0398921, 0.746695, 0.0957256, -0.556175, -2.52803, 0.0611996, 2.96285, -0.148736, -0.00935067, 0.000520412, -0.0236481, 0.000850463, 0.00361902, -0.000236563, 0.00418772
411000, 10.4119, 0.0210033, 0.0559649, 0.0941542, -0.0361003, -0.348006, 0.276651, 0.00689504, -0.00131421, 0.00254158, 0.040346, 0.411309, 0.012632, 0.520221, 0.0907579, 0.188765, 0.896708, 0.282071, 0.341102, 0.274759, -0.958913, 0.0706621, 0.347019, 0.0303577, -0.937367, 0.0032511, -0.0172149, 0.000768943, 0.00291782, -0.00129789, -0.0454238, 0.746607, 0.0957288, -0.556458, -2.52803, 0.0612259, 2.96284, -0.148602, -0.0063321, -3.71586e-06, -0.0263884, 0.000165777, 4.53033e-05, -0.000165309, 0.0136449
421330, 10.4229, 0.0210408, 0.0557386, 0.0941605, -0.0361312, -0.348026, 0.276019, 0.00688869, -0.00129453, 0.00254075, 0.040346, 0.411309, 0.012632, 0.520259, 0.0905316, 0.188771, 0.89686, 0.281577, 0.341112, 0.274259, -0.959062, 0.0705865, 0.347023, 0.0302468, -0.937369, 0.00244172, -0.0169251, 0.000576491, 0.00655741, 0.000102904, -0.0464243, 0.746542, 0.0957284, -0.556711, -2.52805, 0.0613356, 2.96284, -0.148484, -0.00450513, -0.00141327, -0.0264615, -0.00174217, 0.0112002, -0.000359454, 0.00623558
431568, 10.4329, 0.0210653, 0.0555663, 0.0941593, -0.0361151, -0.348028, 0.27544, 0.00688529, -0.00126585, 0.00254167, 0.040346, 0.411309, 0.012632, 0.520283, 0.0903593, 0.18877, 0.897037, 0.280994, 0.341127, 0.273683, -0.959236, 0.0704594, 0.34702, 0.030156, -0.937373, 0.00247367, -0.0189905, -0.000500812, 0.0136901, 0.00293674, -0.0669492, 0.746498, 0.0957345, -0.55697, -2.52806, 0.0615528, 2.96283, -0.148364, -0.00454667, 0.00118554, -0.0287055, -0.00164178, 0.0235282, -0.00062472, 0.0143863
441801, 10.4429, 0.0210862, 0.0553912, 0.0941516, -0.036088, -0.348023, 0.274826, 0.00688267, -0.00123298, 0.00254318, 0.040346, 0.411309, 0.012632, 0.520304, 0.0901842, 0.188763, 0.897226, 0.280374, 0.341139, 0.273074, -0.95942, 0.0703137, 0.34701, 0.030069, -0.937379, 0.00251789, -0.0187674, -0.000430062, 0.0112738, 0.00243438, -0.0608892, 0.746447, 0.095749, -0.55722, -2.52808, 0.0618176, 2.96283, -0.148249, -0.00678191, 0.00105778, -0.0263862, -0.00151319, 0.0208609, -0.000456835, 0.0104587
452108, 10.4529, 0.021101, 0.0552143, 0.0941337, -0.0360455, -0.348001, 0.274171, 0.00688308, -0.00119019, 0.00254654, 0.040346, 0.411309, 0.012632, 0.520321, 0.0899959, 0.188744, 0.897452, 0.279652, 0.341137, 0.272373, -0.959633, 0.0701241, 0.346977, 0.0299834, -0.937394, 0.00199351, -0.0167904, -0.0010869, 0.0176689, 0.00391647, -0.0690477, 0.746369, 0.0957784, -0.557455, -2.52811, 0.0621733, 2.96283, -0.148125, -0.00573775, 0.00240155, -0.0223853, -0.00164737, 0.0319719, 0.000150131, 0.014328
462490, 10.4639, 0.0211142, 0.055037, 0.0941107, -0.0359929, -0.34797, 0.273481, 0.00688559, -0.00115136, 0.00255035, 0.040346, 0.411309, 0.012632, 0.520332, 0.08983, 0.188722, 0.897657, 0.279008, 0.341126, 0.271748, -0.959823, 0.069952, 0.346938, 0.0299073, -0.937411, 0.000358167, -0.0152858, -0.00167032, 0.014601, 0.00550423, -0.0562299, 0.746305, 0.0958134, -0.557662, -2.52814, 0.0625106, 2.96283, -0.148025, -0.00741279, 8.09156e-05, -0.0178618, -0.00522772, 0.0291362, 0.000259553, 0.00608215
472776, 10.4739, 0.0211179, 0.0548697, 0.0940844, -0.0359307, -0.34793, 0.272817, 0.00688979, -0.00110712, 0.00255518, 0.040346, 0.411309, 0.012632, 0.520336, 0.0896627, 0.188695, 0.897874, 0.278331, 0.341107, 0.271095, -0.960022, 0.0697559, 0.346886, 0.0298406, -0.937433, 0.000447212, -0.0151596, -0.00094854, 0.0257588, 0.00553189, -0.0760512, 0.746244, 0.0958391, -0.557869, -2.52819, 0.0628835, 2.96283, -0.147924, -0.0042787, -0.00156526, -0.0197762, -0.00528766, 0.0421354, -4.60989e-05, 0.0165915
483001, 10.4839, 0.0211133, 0.0546918, 0.0940468, -0.0358679, -0.347867, 0.272121, 0.00689897, -0.00106054, 0.00256198, 0.040346, 0.411309, 0.012632, 0.520331, 0.0894848, 0.188658, 0.898109, 0.277621, 0.341067, 0.270411, -0.96023, 0.0695495, 0.346811, 0.0297651, -0.937463, 0.00198455, -0.0182292, -0.000949692, 0.0225541, 0.00516424, -0.0781027, 0.746171, 0.0958714, -0.558077, -2.52826, 0.0632779, 2.96283, -0.14782, -0.00742161, 0.00140711, -0.0226057, -0.00194672, 0.041701, -0.00110592, 0.0129789
493244, 10.4949, 0.0210859, 0.0544804, 0.0939812, -0.0357944, -0.347746, 0.271291, 0.00692018, -0.00100373, 0.0025739, 0.040346, 0.411309, 0.012632, 0.520304, 0.0892734, 0.188592, 0.898407, 0.276773, 0.340973, 0.269595, -0.960477, 0.0692977, 0.346676, 0.0296669, -0.937516, -0.00230294, -0.0219985, -0.00715983, 0.017113, 0.017174, -0.0843636, 0.74608, 0.0959121, -0.558311, -2.52839, 0.0637364, 2.96283, -0.147674, -0.01093, 0.00663993, -0.0236838, -0.0118129, 0.0386085, 0.000294615, 0.0170993
503483, 10.5049, 0.0210485, 0.0542787, 0.0939104, -0.0357083, -0.347613, 0.270465, 0.00694388, -0.00094386, 0.00258694, 0.040346, 0.411309, 0.012632, 0.520266, 0.0890717, 0.188521, 0.898706, 0.275928, 0.340868, 0.268785, -0.960723, 0.0690323, 0.346527, 0.0295804, -0.937573, -0.00472404, -0.0218427, -0.00791737, 0.0261954, 0.021134, -0.095105, 0.746, 0.0959448, -0.558534, -2.52854, 0.0642065, 2.96283, -0.147523, -0.00862835, 0.0024649, -0.023794, -0.0179943, 0.0534575, 8.77655e-05, 0.0169159
513777, 10.5149, 0.0209909, 0.0540641, 0.0938141, -0.0355899, -0.347425, 0.269492, 0.00697821, -0.000868483, 0.00260495, 0.040346, 0.411309, 0.012632, 0.520209, 0.0888571, 0.188425, 0.89907, 0.274928, 0.340715, 0.267835, -0.961012, 0.0686983, 0.346319, 0.029491, -0.937653, -0.00597808, -0.019569, -0.00986462, 0.0306974, 0.0250731, -0.102968, 0.745924, 0.0959944, -0.558764, -2.52873, 0.06478, 2.96282, -0.147311, -0.00830769, 0.00572616, -0.0182984, -0.0190155, 0.0611595, 0.00051538, 0.0243498
524002, 10.5249, 0.0209037, 0.0538429, 0.0936902, -0.0354335, -0.347185, 0.26842, 0.00702269, -0.000778455, 0.00262768, 0.040346, 0.411309, 0.012632, 0.520122, 0.0886359, 0.188301, 0.899483, 0.273821, 0.340518, 0.266793, -0.961331, 0.0682993, 0.346053, 0.0294137, -0.937754, -0.0105974, -0.0229022, -0.0137142, 0.0314971, 0.0354219, -0.108642, 0.745849, 0.0960431, -0.558984, -2.52899, 0.0654632, 2.96282, -0.147085, -0.0081909, 0.0033783, -0.0221513, -0.0307136, 0.0679759, -0.000142602, 0.0195162
534275, 10.5359, 0.0207748, 0.0535981, 0.0935146, -0.0352415, -0.346843, 0.267151, 0.00708828, -0.000668391, 0.00265948, 0.040346, 0.411309, 0.012632, 0.519993, 0.0883911, 0.188126, 0.899992, 0.272508, 0.340228, 0.265559, -0.961707, 0.0678115, 0.345678, 0.0293209, -0.937895, -0.0133445, -0.0220342, -0.0166137, 0.0334642, 0.0426419, -0.112011, 0.745775, 0.0961246, -0.559212, -2.52934, 0.0662907, 2.96282, -0.146784, -0.00475017, 0.00508372, -0.0217895, -0.0355502, 0.0764389, -0.00094295, 0.0190919
544583, 10.5459, 0.0206286, 0.0533661, 0.0933223, -0.0350565, -0.346465, 0.265926, 0.00716251, -0.000560715, 0.00269414, 0.040346, 0.411309, 0.012632, 0.519847, 0.0881591, 0.187933, 0.900499, 0.27124, 0.339899, 0.26437, -0.962068, 0.0673342, 0.345269, 0.0292245, -0.938049, -0.0159606, -0.0208571, -0.0204139, 0.0354422, 0.050176, -0.122194, 0.745701, 0.0962138, -0.559411, -2.52972, 0.0670904, 2.96282, -0.146475, -0.00497438, 0.00976169, -0.0174798, -0.0396978, 0.0785228, -0.000217914, 0.0321319
554883, 10.5559, 0.0204686, 0.0531209, 0.0931106, -0.0348524, -0.34605, 0.264599, 0.00724415, -0.000443205, 0.00273211, 0.040346, 0.411309, 0.012632, 0.519687, 0.0879139, 0.187722, 0.901048, 0.269865, 0.339537, 0.263081, -0.962458, 0.0668134, 0.34482, 0.0291235, -0.938217, -0.0182112, -0.022675, -0.0243796, 0.0364256, 0.0582227, -0.130862, 0.745616, 0.0963186, -0.559608, -2.53013, 0.0679686, 2.96282, -0.146137, -0.00642223, 0.014866, -0.0165939, -0.0439462, 0.0905662, 0.000229, 0.0294528
565126, 10.5659, 0.0202848, 0.0528769, 0.0928702, -0.0345746, -0.345529, 0.262989, 0.00734613, -0.000293486, 0.00277959, 0.040346, 0.411309, 0.012632, 0.519486, 0.0876453, 0.187458, 0.901718, 0.268192, 0.339085, 0.261522, -0.962928, 0.0661499, 0.344255, 0.0290298, -0.938427, -0.0192175, -0.0221787, -0.0258277, 0.0418044, 0.0618768, -0.140375, 0.745526, 0.0964623, -0.559796, -2.53062, 0.0691107, 2.96281, -0.145735, -0.00756347, 0.0166933, -0.0128087, -0.0452238, 0.102522, 4.76618e-05, 0.0312933
575362, 10.5769, 0.0200689, 0.0526067, 0.0925838, -0.0342765, -0.345018, 0.26139, 0.00744551, -0.000140257, 0.00282622, 0.040346, 0.411309, 0.012632, 0.519287, 0.0873997, 0.187195, 0.902377, 0.266527, 0.338644, 0.259978, -0.963392, 0.0654707, 0.343697, 0.0289609, -0.938634, -0.0205796, -0.0214772, -0.0265301, 0.0533795, 0.0648863, -0.160649, 0.745436, 0.0966149, -0.559937, -2.5311, 0.0702976, 2.96281, -0.145342, -0.00757439, 0.0154373, -0.00980485, -0.0481511, 0.116614, 0.000202862, 0.0429173
585603, 10.5869, 0.0198613, 0.0523653, 0.0923093, -0.033927, -0.344489, 0.259657, 0.00754705, 3.05979e-05, 0.00287467, 0.040346, 0.411309, 0.012632, 0.519079, 0.0871583, 0.18692, 0.903077, 0.264718, 0.338194, 0.25831, -0.963892, 0.0647135, 0.343114, 0.0289177, -0.938849, -0.0202338, -0.0245128, -0.0269595, 0.0654627, 0.0666607, -0.186758, 0.745352, 0.0967832, -0.560057, -2.53159, 0.0716356, 2.96281, -0.144922, -0.00700713, 0.0168598, -0.0134233, -0.0481132, 0.142792, 0.000496427, 0.0433938
595849, 10.5969, 0.0196417, 0.0521123, 0.0920132, -0.0335142, -0.343923, 0.257716, 0.00765424, 0.000225533, 0.0029266, 0.040346, 0.411309, 0.012632, 0.51886, 0.0869053, 0.186624, 0.903847, 0.262689, 0.337719, 0.256445, -0.964448, 0.0638496, 0.342485, 0.028896, -0.939079, -0.019945, -0.0274593, -0.0279968, 0.070264, 0.0698081, -0.202, 0.74526, 0.0969814, -0.56016, -2.5321, 0.0732008, 2.96281, -0.144483, -0.0125663, 0.0196016, -0.0118774, -0.0471684, 0.156414, -0.00085421, 0.0427871
606172, 10.6079, 0.0193818, 0.051832, 0.0916596, -0.0329944, -0.343251, 0.25537, 0.00778068, 0.000464941, 0.00298817, 0.040346, 0.411309, 0.012632, 0.5186, 0.086625, 0.186271, 0.904766, 0.260234, 0.337159, 0.254193, -0.965113, 0.0627885, 0.341736, 0.0288944, -0.939352, -0.0228963, -0.0242517, -0.0298497, 0.0886384, 0.0761766, -0.227456, 0.74517, 0.0972349, -0.560255, -2.53269, 0.0751429, 2.96281, -0.143951, -0.00562308, 0.0188264, -0.0087738, -0.0523647, 0.187907, -0.000736677, 0.0512511
616452, 10.6179, 0.0191304, 0.0515781, 0.0913182, -0.0324242, -0.342607, 0.252949, 0.00789923, 0.000717391, 0.0030474, 0.040346, 0.411309, 0.012632, 0.518348, 0.0863711, 0.185929, 0.905688, 0.257696, 0.336633, 0.251875, -0.965793, 0.0616696, 0.34101, 0.0289362, -0.939614, -0.0251582, -0.0233726, -0.0349064, 0.0935215, 0.0852386, -0.244287, 0.745099, 0.0974875, -0.560316, -2.53325, 0.0771785, 2.96281, -0.14338, -0.0063414, 0.0283887, -0.00254436, -0.0546863, 0.205303, 0.000949395, 0.0588027
626761, 10.6279, 0.018863, 0.0513136, 0.090954, -0.0317991, -0.341922, 0.250291, 0.00802493, 0.00099307, 0.0031103, 0.040346, 0.411309, 0.012632, 0.518081, 0.0861066, 0.185565, 0.906683, 0.254909, 0.336076, 0.249329, -0.96653, 0.0604478, 0.340237, 0.0289866, -0.939893, -0.0261677, -0.0258469, -0.0372815, 0.104251, 0.0914346, -0.272258, 0.745025, 0.0977639, -0.560369, -2.53384, 0.0793678, 2.96281, -0.142695, -0.00832627, 0.0321026, -0.0020845, -0.0563085, 0.227991, 0.000351674, 0.0658636
637067, 10.6389, 0.0185561, 0.0510051, 0.0905269, -0.0310848, -0.341122, 0.24713, 0.00817262, 0.00131303, 0.00318339, 0.040346, 0.411309, 0.012632, 0.517774, 0.0857981, 0.185138, 0.907848, 0.251603, 0.335422, 0.246296, -0.967395, 0.0590297, 0.339337, 0.029023, -0.940217, -0.0294047, -0.0276222, -0.0406999, 0.10535, 0.0992945, -0.285573, 0.744941, 0.0981097, -0.560437, -2.53451, 0.0818676, 2.96281, -0.141786, -0.00913013, 0.0331567, -0.00320869, -0.063644, 0.225491, 0.000584428, 0.0797277
647391, 10.6489, 0.0182785, 0.0507153, 0.0901293, -0.0304645, -0.340378, 0.244227, 0.00831184, 0.00159832, 0.00325071, 0.040346, 0.411309, 0.012632, 0.517497, 0.0855083, 0.18474, 0.90891, 0.248573, 0.334805, 0.243503, -0.968178, 0.0577653, 0.33851, 0.0290225, -0.940515, -0.0263147, -0.0239559, -0.0385133, 0.103702, 0.0925651, -0.282962, 0.744848, 0.0984547, -0.560501, -2.53511, 0.0840869, 2.96281, -0.140896, -0.00266974, 0.0369143, -0.00444917, -0.0547416, 0.217181, 0.0010867, 0.0905089
657629, 10.6589, 0.0179935, 0.0503996, 0.0897122, -0.029911, -0.339598, 0.241393, 0.00846176, 0.00186604, 0.00332029, 0.040346, 0.411309, 0.012632, 0.517212, 0.0851926, 0.184323, 0.909956, 0.245624, 0.33414, 0.240767, -0.968932, 0.0565788, 0.337656, 0.0289658, -0.940824, -0.029749, -0.0313794, -0.0431919, 0.0949994, 0.103143, -0.286293, 0.744736, 0.098831, -0.560594, -2.53573, 0.0862181, 2.96282, -0.140043, -0.0096575, 0.0390109, -0.0100401, -0.0638903, 0.210217, 9.99527e-05, 0.0864471
667889, 10.6689, 0.0176992, 0.0500735, 0.089288, -0.0293438, -0.338794, 0.238472, 0.00861678, 0.00214044, 0.0033916, 0.040346, 0.411309, 0.012632, 0.516917, 0.0848665, 0.183899, 0.911022, 0.242586, 0.333453, 0.237946, -0.969699, 0.0553626, 0.33678, 0.0289074, -0.94114, -0.0296846, -0.0332479, -0.0430412, 0.103171, 0.10423, -0.307909, 0.744611, 0.0992022, -0.560688, -2.53637, 0.0883748, 2.96282, -0.13914, -0.0150778, 0.0380767, -0.00774852, -0.0641732, 0.216467, -0.000653158, 0.100159
678228, 10.6789, 0.0173931, 0.0497187, 0.0888466, -0.0287451, -0.337956, 0.23539, 0.00877874, 0.0024289, 0.00346569, 0.040346, 0.411309, 0.012632, 0.516611, 0.0845117, 0.183458, 0.912132, 0.239381, 0.332735, 0.234969, -0.970497, 0.0540842, 0.335865, 0.0288507, -0.941468, -0.0312804, -0.0340005, -0.0452599, 0.103262, 0.108695, -0.310729, 0.744465, 0.099586, -0.560793, -2.53704, 0.0906823, 2.96282, -0.138243, -0.0133368, 0.0406641, -0.00898815, -0.0671447, 0.225008, -0.000220778, 0.0955091
688488, 10.6899, 0.0170289, 0.0493082, 0.0883348, -0.0280389, -0.336974, 0.231848, 0.00896885, 0.00276399, 0.00355176, 0.040346, 0.411309, 0.012632, 0.516247, 0.0841012, 0.182946, 0.913398, 0.235695, 0.331893, 0.231549, -0.9714, 0.052599, 0.334798, 0.0288058, -0.94185, -0.0333955, -0.0363789, -0.0459302, 0.11679, 0.112333, -0.332461, 0.744284, 0.100009, -0.560897, -2.53784, 0.093401, 2.96282, -0.13728, -0.0154222, 0.0364414, -0.00845524, -0.073537, 0.251886, 0.00035731, 0.0916419
698741, 10.6999, 0.0166836, 0.0489275, 0.0878572, -0.0273164, -0.336063, 0.228385, 0.00914362, 0.00309629, 0.00363155, 0.040346, 0.411309, 0.012632, 0.515902, 0.0837205, 0.182468, 0.914602, 0.232087, 0.331118, 0.228211, -0.972268, 0.0511263, 0.333802, 0.0288048, -0.942203, -0.0338459, -0.034195, -0.0460325, 0.130326, 0.114334, -0.352065, 0.744126, 0.100395, -0.560984, -2.5386, 0.0961007, 2.96283, -0.136356, -0.0124404, 0.0368499, -0.00490332, -0.0728626, 0.276497, -0.000622985, 0.096542
708997, 10.7099, 0.0163117, 0.0485314, 0.0873601, -0.0265367, -0.335099, 0.22473, 0.00932882, 0.00344984, 0.00371543, 0.040346, 0.411309, 0.012632, 0.51553, 0.0833244, 0.181971, 0.915856, 0.228278, 0.330297, 0.22469, -0.973169, 0.0495593, 0.332749, 0.0288253, -0.942575, -0.0367037, -0.0382796, -0.0485096, 0.136441, 0.12106, -0.370899, 0.743967, 0.100767, -0.561075, -2.53942, 0.0989508, 2.96283, -0.135383, -0.0172444, 0.0354005, -0.00546277, -0.0806763, 0.289139, -0.000284529, 0.0985364
719240, 10.7209, 0.0158941, 0.0480851, 0.0868121, -0.0256531, -0.334035, 0.220579, 0.00953302, 0.0038486, 0.00380746, 0.040346, 0.411309, 0.012632, 0.515112, 0.0828781, 0.181423, 0.917249, 0.223954, 0.329392, 0.220689, -0.974173, 0.047792, 0.331588, 0.0288563, -0.942983, -0.0378006, -0.0383061, -0.0487715, 0.137251, 0.121831, -0.376825, 0.74379, 0.101158, -0.561188, -2.54035, 0.102123, 2.96284, -0.134235, -0.0157689, 0.0337251, -0.00729252, -0.0835498, 0.282957, 0.000305106, 0.109741
729465, 10.7309, 0.0154852, 0.0476664, 0.0862905, -0.0248653, -0.333003, 0.216794, 0.00973446, 0.00420865, 0.00389566, 0.040346, 0.411309, 0.012632, 0.514703, 0.0824594, 0.180901, 0.918522, 0.220014, 0.3285, 0.217037, -0.97507, 0.0461962, 0.330474, 0.0288645, -0.943374, -0.0405314, -0.0403438, -0.0507137, 0.141024, 0.12719, -0.387298, 0.743609, 0.101504, -0.561288, -2.54126, 0.104963, 2.96284, -0.133162, -0.0187024, 0.0318363, -0.00657176, -0.0904556, 0.290258, 0.000608187, 0.111134
739681, 10.7409, 0.0150691, 0.0472448, 0.0857773, -0.0240597, -0.331983, 0.212911, 0.00993316, 0.00457507, 0.00398237, 0.040346, 0.411309, 0.012632, 0.514287, 0.0820378, 0.180388, 0.919794, 0.215974, 0.327619, 0.213289, -0.975972, 0.0445723, 0.329373, 0.0288803, -0.943758, -0.0441938, -0.039176, -0.0543591, 0.133905, 0.134575, -0.384872, 0.74343, 0.101808, -0.561403, -2.5422, 0.107749, 2.96285, -0.131959, -0.011428, 0.03427, -0.0112985, -0.0973798, 0.272396, 0.00103158, 0.127118
749896, 10.7509, 0.0146354, 0.0468206, 0.0852547, -0.0232364, -0.330936, 0.208952, 0.0101383, 0.00494796, 0.00407076, 0.040346, 0.411309, 0.012632, 0.513853, 0.0816136, 0.179866, 0.921074, 0.211857, 0.32671, 0.209467, -0.976873, 0.0429196, 0.328247, 0.0289029, -0.94415, -0.0434667, -0.0462326, -0.0537333, 0.140732, 0.135187, -0.408571, 0.743251, 0.102097, -0.561516, -2.54318, 0.110555, 2.96286, -0.130702, -0.0207903, 0.0320652, -0.0145945, -0.0980592, 0.285538, -0.000350238, 0.126433
760107, 10.7609, 0.0141964, 0.0463941, 0.0847391, -0.0223394, -0.329883, 0.204829, 0.0103641, 0.00538243, 0.00416805, 0.040346, 0.411309, 0.012632, 0.51337, 0.0811448, 0.179297, 0.922502, 0.207134, 0.325709, 0.205095, -0.977883, 0.040994, 0.326997, 0.0289844, -0.944581, -0.0456635, -0.0447156, -0.0526699, 0.15229, 0.134898, -0.421258, 0.74307, 0.102383, -0.561644, -2.54427, 0.113844, 2.96285, -0.129321, -0.016461, 0.0240874, -0.0151204, -0.10458, 0.297364, 0.000973926, 0.132343
770324, 10.7719, 0.0136973, 0.0459278, 0.0841775, -0.0212581, -0.328736, 0.200156, 0.0105647, 0.00580215, 0.00425489, 0.040346, 0.411309, 0.012632, 0.512915, 0.0807208, 0.178789, 0.923802, 0.202687, 0.32482, 0.200997, -0.97881, 0.0391338, 0.325869, 0.0291359, -0.944966, -0.0449237, -0.0444687, -0.0496228, 0.16594, 0.130828, -0.430105, 0.742923, 0.102586, -0.561754, -2.54531, 0.117059, 2.96286, -0.128126, -0.0162182, 0.0173478, -0.0134422, -0.104018, 0.327758, 0.000325171, 0.115472
780537, 10.7819, 0.0132286, 0.0455019, 0.0836591, -0.0203077, -0.327666, 0.196102, 0.0107746, 0.00620388, 0.00434318, 0.040346, 0.411309, 0.012632, 0.512447, 0.0802949, 0.17827, 0.925046, 0.198457, 0.32389, 0.197098, -0.979672, 0.0373533, 0.324719, 0.0292844, -0.945357, -0.0497725, -0.0415708, -0.0548641, 0.145884, 0.14078, -0.387912, 0.742779, 0.102784, -0.561866, -2.54638, 0.120268, 2.96287, -0.127151, -0.0120089, 0.0219419, -0.0109296, -0.111902, 0.312677, 0.000203161, 0.0911316
790747, 10.7919, 0.0127742, 0.0450839, 0.0831608, -0.0194223, -0.326629, 0.192317, 0.0109798, 0.00657826, 0.00442785, 0.040346, 0.411309, 0.012632, 0.511992, 0.0798769, 0.177772, 0.926202, 0.194508, 0.32298, 0.193455, -0.98046, 0.035694, 0.323612, 0.0294223, -0.945732, -0.0447871, -0.0394787, -0.0486684, 0.137358, 0.126347, -0.359708, 0.742642, 0.102966, -0.561992, -2.54742, 0.123342, 2.96288, -0.126344, -0.0121835, 0.0173556, -0.0114295, -0.101619, 0.295135, -0.00012835, 0.0771497
800956, 10.8019, 0.0123232, 0.0446866, 0.0826754, -0.018602, -0.325609, 0.188846, 0.0111842, 0.00692409, 0.00451031, 0.040346, 0.411309, 0.012632, 0.511541, 0.0794796, 0.177286, 0.927271, 0.190885, 0.322074, 0.190115, -0.981167, 0.0341613, 0.32253, 0.0295544, -0.946098, -0.0456607, -0.0362535, -0.0476371, 0.12547, 0.123796, -0.321823, 0.742524, 0.103129, -0.562117, -2.54845, 0.126265, 2.96289, -0.125711, -0.00701604, 0.013433, -0.0119595, -0.103432, 0.282358, -5.24976e-05, 0.0534873
811176, 10.8129, 0.011832, 0.0442619, 0.0821645, -0.0177246, -0.324522, 0.18527, 0.0114031, 0.00728741, 0.00459752, 0.040346, 0.411309, 0.012632, 0.51105, 0.0790549, 0.176775, 0.928368, 0.187149, 0.321104, 0.186678, -0.981882, 0.0325511, 0.321378, 0.0297236, -0.946484, -0.0464751, -0.0385846, -0.0475282, 0.124124, 0.123929, -0.318869, 0.742397, 0.103258, -0.562251, -2.54958, 0.129415, 2.9629, -0.125212, -0.0113132, 0.0103542, -0.0121213, -0.10674, 0.283013, 0.000442039, 0.0446484
