timestamp, robot_time[1], robot_ee_pos_error[3], robot_ee_ori_error[3], sensed_forces_moments[6], robot_ee_position[3], robot_ee_orientation[9], robot_ee_linear_velocity[3], robot_ee_angular_velocity[3], joint_angles[7], joint_velocities[7], 
10493, 10.0119, -0.00879243, 0.0679602, 0.0711953, 0.590185, -0.0287047, -0.739425, -0.000726044, 0.000367799, -7.86258e-06, 0.040346, 0.411309, 0.012632, 0.490426, 0.102753, 0.165806, 0.585839, -0.751529, -0.30331, -0.721142, -0.312639, -0.618233, 0.369793, 0.580914, -0.725115, 0.00288997, -0.000664591, 0.00260944, 0.000867567, -0.006884, -0.00180494, 0.760146, 0.118578, -0.627821, -2.49562, 1.60639, 2.52894, -0.251193, -0.000473372, -0.00121256, -0.00192158, 0.00526488, 0.000392605, 0.00039803, -0.00103838
21047, 10.0219, -0.00876081, 0.0679632, 0.0712177, 0.590205, -0.0287497, -0.739405, -0.00073584, 0.000377896, -1.23741e-05, 0.040346, 0.411309, 0.012632, 0.490462, 0.102752, 0.16583, 0.585868, -0.751533, -0.303245, -0.721092, -0.31266, -0.618279, 0.369844, 0.580898, -0.725102, 0.00438358, 0.000504059, 0.00327398, 4.06384e-05, -0.00912463, 0.00104178, 0.760141, 0.118594, -0.62782, -2.49554, 1.60638, 2.52896, -0.251204, 0.000561192, 0.00115321, -0.00105928, 0.00968304, -0.000500819, -9.3642e-05, -0.000530292
31501, 10.0329, -0.00871519, 0.0679661, 0.0712508, 0.590236, -0.028827, -0.739362, -0.00075567, 0.000394258, -1.80345e-05, 0.040346, 0.411309, 0.012632, 0.490503, 0.102759, 0.165862, 0.585916, -0.751522, -0.303178, -0.721022, -0.312683, -0.61835, 0.369905, 0.5809, -0.72507, 0.00419276, -0.000742989, 0.00230366, -0.00881026, -0.0103794, 0.00448612, 0.760141, 0.118599, -0.627817, -2.49545, 1.60638, 2.52897, -0.251231, -0.000437709, 0.00262455, 0.000127319, 0.00955895, -0.00483762, 0.00517378, -0.00376197
41971, 10.0429, -0.00866723, 0.0679696, 0.0712903, 0.590281, -0.0289175, -0.739306, -0.000778282, 0.000415237, -2.64736e-05, 0.040346, 0.411309, 0.012632, 0.490551, 0.102763, 0.165901, 0.585988, -0.751507, -0.303078, -0.720924, -0.312726, -0.618443, 0.369983, 0.580896, -0.725032, 0.00488294, 0.000827363, 0.0041098, -0.00240541, -0.0128176, 0.00304408, 0.760141, 0.118596, -0.62782, -2.49535, 1.60638, 2.52899, -0.251293, 0.00126762, -0.000434768, -0.000241172, 0.010402, -0.00068217, 0.00302839, -0.00317052
52411, 10.0539, -0.00859605, 0.0679744, 0.0713466, 0.590338, -0.0290514, -0.739231, -0.000811902, 0.000444434, -3.73305e-05, 0.040346, 0.411309, 0.012632, 0.490622, 0.102767, 0.165958, 0.586083, -0.751492, -0.302929, -0.720786, -0.312787, -0.618572, 0.3701, 0.580882, -0.724984, 0.00698682, 0.0016205, 0.00585993, 0.000558169, -0.0159016, 0.00250507, 0.760138, 0.118597, -0.627817, -2.4952, 1.60638, 2.52903, -0.251373, 9.87313e-05, -0.000122435, 0.000921158, 0.0152068, -0.000256165, 0.00127007, -0.00121688
62784, 10.0639, -0.00852099, 0.0679698, 0.0714078, 0.590376, -0.0292094, -0.739174, -0.000851262, 0.000472342, -4.47034e-05, 0.040346, 0.411309, 0.012632, 0.490697, 0.102763, 0.166019, 0.586156, -0.751506, -0.302755, -0.720656, -0.312843, -0.618696, 0.370239, 0.580834, -0.724952, 0.00733743, -0.00245276, 0.00579558, -0.0109331, -0.0194255, -0.0034905, 0.760141, 0.118583, -0.62782, -2.49505, 1.60637, 2.52912, -0.251432, -0.000394202, -0.00224386, -0.00142662, 0.0135224, -0.00149375, 0.0138399, -0.00463695
73219, 10.0749, -0.00843369, 0.0679646, 0.0714727, 0.5904, -0.0293859, -0.739128, -0.000895117, 0.000499632, -4.96873e-05, 0.040346, 0.411309, 0.012632, 0.490784, 0.102758, 0.166084, 0.586213, -0.751539, -0.30256, -0.720529, -0.312896, -0.618817, 0.370395, 0.580762, -0.72493, 0.00942544, 3.59411e-05, 0.00720884, -0.00696472, -0.0230522, 0.000621661, 0.760146, 0.118585, -0.627815, -2.49487, 1.60636, 2.52924, -0.251465, 0.000834942, 0.000312709, -0.000285482, 0.0196258, 7.80277e-05, 0.00903386, -0.00483784
83654, 10.0849, -0.00834119, 0.0679596, 0.0715422, 0.590431, -0.0295596, -0.73909, -0.000935147, 0.000528177, -5.73546e-05, 0.040346, 0.411309, 0.012632, 0.490877, 0.102753, 0.166153, 0.586254, -0.751579, -0.302383, -0.720409, -0.312921, -0.618943, 0.370563, 0.580698, -0.724896, 0.0089462, 0.000356711, 0.00699423, -0.00542223, -0.0204172, 0.000285266, 0.760149, 0.118587, -0.627814, -2.49468, 1.60636, 2.52935, -0.25148, 0.00161274, 0.000154412, -0.000858585, 0.0188345, -0.00129149, 0.00771557, -0.00160455
94090, 10.0959, -0.00824058, 0.0679561, 0.0716176, 0.590474, -0.0297336, -0.739041, -0.000974623, 0.000559477, -6.76207e-05, 0.040346, 0.411309, 0.012632, 0.490977, 0.102749, 0.166229, 0.586305, -0.751609, -0.302208, -0.72028, -0.312945, -0.619082, 0.370734, 0.580645, -0.72485, 0.0104773, -0.00125178, 0.0078134, -0.00662321, -0.0213891, -0.00718835, 0.760144, 0.118594, -0.627813, -2.49447, 1.60635, 2.52944, -0.251491, -0.000474346, 0.000154093, -0.000655038, 0.0211698, 0.000289918, 0.0118714, 0.00146647
104520, 10.1059, -0.00815448, 0.0679592, 0.071685, 0.590522, -0.0298796, -0.738993, -0.00100705, 0.000588227, -7.86635e-05, 0.040346, 0.411309, 0.012632, 0.491064, 0.102752, 0.166296, 0.586357, -0.751627, -0.302064, -0.720162, -0.312962, -0.61921, 0.37088, 0.580613, -0.724801, 0.0109873, -0.000924384, 0.00841858, -0.00671335, -0.0238914, -0.00492302, 0.760141, 0.118594, -0.627806, -2.49429, 1.60635, 2.52951, -0.251506, -0.000717016, -0.00026033, -0.000259663, 0.0222936, -0.000100286, 0.0114068, -0.000552989
114960, 10.1159, -0.00807439, 0.067966, 0.0717491, 0.590572, -0.0300046, -0.738943, -0.00103447, 0.00061489, -9.00179e-05, 0.040346, 0.411309, 0.012632, 0.491144, 0.102759, 0.16636, 0.58641, -0.751634, -0.301943, -0.720054, -0.312978, -0.619328, 0.371006, 0.580595, -0.724751, 0.008188, 0.00111299, 0.00680979, 0.000837272, -0.0178721, 0.000304601, 0.760145, 0.118594, -0.627805, -2.49412, 1.60634, 2.52956, -0.251508, -8.22419e-05, -0.000298706, -8.48609e-05, 0.017389, 6.44342e-05, 0.00188068, -0.000419729
125411, 10.1269, -0.00799699, 0.0679729, 0.0718154, 0.590636, -0.0301203, -0.738892, -0.00105712, 0.000643306, -0.000104867, 0.040346, 0.411309, 0.012632, 0.491221, 0.102766, 0.166426, 0.586459, -0.751637, -0.301842, -0.719948, -0.312973, -0.619454, 0.371135, 0.580595, -0.724685, 0.00785977, -0.000854926, 0.00623847, 0.00129273, -0.0133788, -0.0081463, 0.760142, 0.118582, -0.627807, -2.49396, 1.60634, 2.52959, -0.251514, -0.00170613, -0.00048292, -0.00130666, 0.0157296, 0.000453217, 0.00385394, 0.00528217
135764, 10.1369, -0.00792798, 0.0679894, 0.071874, 0.590701, -0.0302114, -0.738836, -0.0010752, 0.000668926, -0.000119243, 0.040346, 0.411309, 0.012632, 0.49129, 0.102782, 0.166485, 0.586518, -0.751623, -0.301762, -0.719848, -0.312978, -0.619567, 0.371236, 0.58061, -0.724621, 0.00539356, 0.00182434, 0.00488535, 0.00206045, -0.0116229, 0.00134034, 0.760149, 0.11858, -0.627804, -2.49381, 1.60634, 2.5296, -0.251517, 0.0013913, -0.000839972, 0.000231584, 0.0117558, -5.40349e-05, 0.000613283, 0.00113403
146215, 10.1479, -0.00786217, 0.0679957, 0.0719271, 0.590756, -0.0303028, -0.738791, -0.00109298, 0.000692492, -0.000131988, 0.040346, 0.411309, 0.012632, 0.491356, 0.102789, 0.166538, 0.586562, -0.75162, -0.301683, -0.719759, -0.312975, -0.619672, 0.371338, 0.580615, -0.724565, 0.00574044, 0.000998555, 0.00464909, -0.000561001, -0.0145744, 0.00369952, 0.760144, 0.118582, -0.627807, -2.49367, 1.60634, 2.52961, -0.251524, -0.000375039, 0.000366617, 0.000430838, 0.0124794, 2.97022e-05, 0.000546229, -0.00426687
156664, 10.1579, -0.00781184, 0.068004, 0.0719672, 0.5908, -0.0303665, -0.738755, -0.00110512, 0.000710267, -0.000142137, 0.040346, 0.411309, 0.012632, 0.491406, 0.102797, 0.166578, 0.586598, -0.751613, -0.30163, -0.719692, -0.312974, -0.61975, 0.37141, 0.580625, -0.72452, 0.0052209, 0.000813015, 0.00399412, 0.00211465, -0.00899131, -0.00175322, 0.760142, 0.118588, -0.627807, -2.49356, 1.60634, 2.52961, -0.251525, -0.000304811, 0.00110811, 5.98894e-05, 0.0114986, 0.000490505, -8.42191e-05, 0.00267004
167092, 10.1689, -0.00775726, 0.0680155, 0.0720112, 0.590848, -0.0304404, -0.738712, -0.00112053, 0.000729818, -0.00015245, 0.040346, 0.411309, 0.012632, 0.491461, 0.102809, 0.166622, 0.586645, -0.751604, -0.301561, -0.719614, -0.312982, -0.619837, 0.371489, 0.580632, -0.724474, 0.00536286, 0.0015427, 0.00450462, 0.000495809, -0.0122372, 0.00267843, 0.760146, 0.118593, -0.627804, -2.49344, 1.60634, 2.52962, -0.251531, 0.000607109, 0.000134054, 0.000662375, 0.0118957, -0.000298938, 0.000670157, -0.000945531
177654, 10.1789, -0.0077164, 0.0680239, 0.0720449, 0.590886, -0.0304943, -0.738674, -0.00113231, 0.000744977, -0.000160515, 0.040346, 0.411309, 0.012632, 0.491502, 0.102817, 0.166656, 0.586689, -0.751591, -0.301509, -0.71955, -0.312996, -0.619904, 0.371543, 0.580642, -0.724438, 0.00277216, 0.000312815, 0.00243125, 0.000649733, -0.00641788, 0.000125492, 0.760147, 0.118595, -0.627804, -2.49335, 1.60633, 2.52962, -0.251539, 0.000768239, -0.000414589, -0.00114687, 0.00572947, 0.000219603, 0.000252409, -0.000575645
188017, 10.1889, -0.0076746, 0.0680341, 0.0720818, 0.59093, -0.0305458, -0.73864, -0.00114149, 0.000760929, -0.000170346, 0.040346, 0.411309, 0.012632, 0.491543, 0.102827, 0.166693, 0.586722, -0.751581, -0.301468, -0.719491, -0.312992, -0.619975, 0.371604, 0.580657, -0.724395, 0.00552005, 0.00118563, 0.00497504, -0.00209594, -0.0114036, 0.00726279, 0.760152, 0.118598, -0.627801, -2.49325, 1.60633, 2.52962, -0.251544, 0.00220842, 0.00104597, -0.000424255, 0.011693, -0.00479955, 7.45879e-05, -0.00086401
198482, 10.1999, -0.00763865, 0.068044, 0.0721114, 0.590966, -0.0305929, -0.738606, -0.00115152, 0.000774687, -0.000177951, 0.040346, 0.411309, 0.012632, 0.491579, 0.102837, 0.166722, 0.586761, -0.751568, -0.301424, -0.719434, -0.313002, -0.620036, 0.371653, 0.580668, -0.724361, 0.00289074, 0.000222971, 0.00240233, 1.87079e-05, -0.00704876, 0.000913916, 0.760147, 0.118593, -0.627795, -2.49318, 1.60633, 2.52962, -0.251547, -0.000599091, -0.000146032, 4.64203e-05, 0.00607124, -9.83902e-05, 0.000323624, -0.00156207
208915, 10.2099, -0.00760055, 0.068046, 0.0721422, 0.590995, -0.0306467, -0.738584, -0.00116167, 0.000787832, -0.000184977, 0.040346, 0.411309, 0.012632, 0.491617, 0.102839, 0.166753, 0.58678, -0.751571, -0.301379, -0.719386, -0.312996, -0.620094, 0.371715, 0.580667, -0.72433, 0.00430946, 0.00186967, 0.00350091, 9.52392e-05, -0.0106668, 0.00459672, 0.760144, 0.118593, -0.627798, -2.4931, 1.60633, 2.52963, -0.251546, -0.00169653, 0.000631739, 0.00380002, 0.0100544, -9.62075e-05, 0.000187584, -0.00253764
219366, 10.2209, -0.0075718, 0.0680482, 0.0721665, 0.591021, -0.0306832, -0.738567, -0.00116768, 0.000798126, -0.000191292, 0.040346, 0.411309, 0.012632, 0.491646, 0.102841, 0.166777, 0.586794, -0.751571, -0.301352, -0.719352, -0.312985, -0.62014, 0.371761, 0.580673, -0.724302, 0.00164428, -0.000436166, 0.00139635, 0.000854145, -0.00295172, -0.00174541, 0.760142, 0.118591, -0.627803, -2.49304, 1.60633, 2.52963, -0.251542, -0.000860233, -0.000409322, -0.000680133, 0.00310749, -0.000188129, -8.88427e-06, 0.000814847
229815, 10.2309, -0.00755003, 0.0680554, 0.0721846, 0.591042, -0.0307106, -0.738542, -0.00117444, 0.000806167, -0.000195364, 0.040346, 0.411309, 0.012632, 0.491668, 0.102848, 0.166796, 0.586825, -0.751559, -0.301322, -0.719314, -0.313001, -0.620176, 0.371785, 0.58068, -0.724284, 0.00201659, 0.00220315, 0.00200959, 0.00110038, -0.00466507, 0.00334749, 0.760142, 0.118593, -0.627797, -2.49299, 1.60632, 2.52963, -0.251546, 0.00265937, -9.82454e-05, 0.000829005, 0.00514298, -2.80109e-05, -1.55897e-05, 0.0007241
240265, 10.2419, -0.00752606, 0.068054, 0.0722025, 0.591056, -0.0307481, -0.73853, -0.00118212, 0.000814052, -0.000198921, 0.040346, 0.411309, 0.012632, 0.491692, 0.102847, 0.166813, 0.586836, -0.751565, -0.301288, -0.719284, -0.313, -0.62021, 0.371825, 0.580674, -0.724268, 0.00214621, 0.000280591, 0.00190175, 0.000619174, -0.00493112, 0.000451818, 0.760138, 0.118596, -0.6278, -2.49294, 1.60632, 2.52964, -0.25155, -0.000649807, -0.000416332, 0.000304527, 0.00449038, -0.000278732, 2.15479e-05, -0.00036149
250630, 10.2519, -0.00751696, 0.0680565, 0.0722113, 0.591066, -0.0307597, -0.738519, -0.00118513, 0.000817597, -0.000200705, 0.040346, 0.411309, 0.012632, 0.491701, 0.10285, 0.166822, 0.58685, -0.751558, -0.301275, -0.719267, -0.313008, -0.620226, 0.371835, 0.580677, -0.72426, 0.000654837, -0.000221768, 0.000813569, 0.000871088, -0.00186693, -0.000264713, 0.760139, 0.118593, -0.6278, -2.49292, 1.60631, 2.52964, -0.25155, -0.00108904, -0.000997763, 5.34143e-05, 0.000992469, -0.00028038, -0.000387817, -0.000359476
261079, 10.2619, -0.00751304, 0.0680586, 0.0722138, 0.591069, -0.0307638, -0.738515, -0.00118619, 0.000818776, -0.000201271, 0.040346, 0.411309, 0.012632, 0.491705, 0.102852, 0.166825, 0.586855, -0.751556, -0.30127, -0.719262, -0.313011, -0.620231, 0.371838, 0.580678, -0.724258, -8.38192e-05, 0.000183617, -7.08947e-05, 0.000560695, 0.000939726, -0.00113905, 0.760139, 0.118596, -0.627797, -2.49291, 1.60631, 2.52964, -0.25155, -0.000311272, -1.52086e-06, 0.000841382, -0.000127119, 0.000579716, 0.000357825, 0.00134489
271570, 10.2729, -0.00750755, 0.0680576, 0.0722187, 0.591072, -0.0307782, -0.738511, -0.00118985, 0.000821065, -0.000201711, 0.040346, 0.411309, 0.012632, 0.49171, 0.102851, 0.16683, 0.586861, -0.751558, -0.301254, -0.719251, -0.313016, -0.620242, 0.37185, 0.580673, -0.724256, -3.31935e-05, -0.000397886, 0.000185789, -0.000499094, -0.00108785, 0.000471669, 0.760142, 0.118593, -0.6278, -2.4929, 1.60631, 2.52965, -0.251557, -0.000593662, -0.000902968, -0.000195153, -0.000480336, -0.00045686, 0.000300232, -0.00146689
282018, 10.2829, -0.00750797, 0.0680551, 0.0722169, 0.591068, -0.0307793, -0.738509, -0.00119134, 0.000820272, -0.000200412, 0.040346, 0.411309, 0.012632, 0.49171, 0.102848, 0.166828, 0.586866, -0.751557, -0.301248, -0.719249, -0.313027, -0.620238, 0.371846, 0.580668, -0.724261, 3.14595e-05, -0.000395785, -0.000390041, -0.000836053, 0.000856247, 0.000463893, 0.760139, 0.118595, -0.6278, -2.4929, 1.6063, 2.52965, -0.251558, -0.000606688, -0.000132864, 0.000216234, -0.00162017, -0.000310345, 0.000181294, -0.00110492
292458, 10.2939, -0.00750658, 0.0680512, 0.0722186, 0.591069, -0.030783, -0.738512, -0.00119137, 0.000820998, -0.00020102, 0.040346, 0.411309, 0.012632, 0.491711, 0.102844, 0.16683, 0.586861, -0.751561, -0.301247, -0.719249, -0.313019, -0.620241, 0.371853, 0.580667, -0.724259, -0.000227479, -0.00145159, -0.000487659, -0.000953943, 0.000333982, -0.00149612, 0.760131, 0.118593, -0.627802, -2.4929, 1.6063, 2.52965, -0.251561, -0.00239817, 0.000228727, -0.000328632, -0.00101744, -0.00029939, -5.72239e-05, -0.00140112
302910, 10.3039, -0.0075082, 0.0680568, 0.0722172, 0.591069, -0.0307784, -0.738507, -0.00119124, 0.000820417, -0.000200576, 0.040346, 0.411309, 0.012632, 0.49171, 0.10285, 0.166828, 0.586868, -0.751555, -0.301248, -0.719248, -0.313028, -0.620239, 0.371845, 0.58067, -0.724261, -0.000331442, 0.000620511, -0.000191312, -0.000389093, 0.000910514, 0.000470752, 0.760141, 0.118596, -0.6278, -2.4929, 1.6063, 2.52965, -0.25156, 0.00136593, -2.38887e-05, 0.000362991, -0.000424958, 2.43365e-05, 0.000908733, 0.00100471
313352, 10.3149, -0.00750911, 0.0680604, 0.0722177, 0.59107, -0.0307762, -0.738501, -0.00119204, 0.000820375, -0.00020021, 0.040346, 0.411309, 0.012632, 0.491709, 0.102853, 0.166829, 0.58688, -0.751547, -0.301244, -0.719242, -0.313042, -0.620238, 0.371837, 0.580673, -0.724262, -0.00038598, 0.00121817, -0.000259075, -0.00101997, -0.00035272, 0.00380863, 0.760145, 0.118594, -0.627797, -2.4929, 1.60629, 2.52965, -0.25156, 0.00192012, 0.000435897, 0.000718974, -0.000103498, -0.000274286, 0.000121627, -0.00139841
323824, 10.3249, -0.00750412, 0.0680564, 0.0722202, 0.591067, -0.0307904, -0.738497, -0.00119666, 0.000821465, -0.000199221, 0.040346, 0.411309, 0.012632, 0.491714, 0.102849, 0.166831, 0.586887, -0.75155, -0.301224, -0.719232, -0.313055, -0.620243, 0.371844, 0.580663, -0.724267, 0.00235213, -0.000214471, 0.00184548, -0.000287669, -0.00593402, 0.000541099, 0.760141, 0.118596, -0.627798, -2.49289, 1.60628, 2.52966, -0.251567, -0.000731325, 7.95263e-05, -0.000524438, 0.00481271, -2.84338e-05, 7.7144e-05, -0.00203672
334262, 10.3349, -0.00750127, 0.0680659, 0.0722242, 0.591075, -0.0307903, -0.738486, -0.0011973, 0.000823184, -0.000200427, 0.040346, 0.411309, 0.012632, 0.491717, 0.102859, 0.166835, 0.586903, -0.751539, -0.301221, -0.719221, -0.313065, -0.620251, 0.371841, 0.580672, -0.724261, -0.000863405, 0.000414362, -0.00101031, -0.00217032, 0.00139018, 0.0031157, 0.760152, 0.118599, -0.627792, -2.49289, 1.60628, 2.52966, -0.251571, 0.00162812, 0.00127816, -0.000229054, -0.00113042, -0.00125995, 7.23984e-05, -0.00105181
344865, 10.3459, -0.00749847, 0.0680707, 0.0722274, 0.591083, -0.0307904, -0.738469, -0.00119946, 0.000824819, -0.00020093, 0.040346, 0.411309, 0.012632, 0.49172, 0.102864, 0.166838, 0.58693, -0.751522, -0.301212, -0.719204, -0.31309, -0.620258, 0.371831, 0.580681, -0.724259, 0.00094807, 0.000833575, 0.000822358, 0.000348719, -0.0018697, 0.00148464, 0.76015, 0.118596, -0.627786, -2.49287, 1.60626, 2.52965, -0.251572, 0.000357777, 0.000235709, 0.000841897, 0.00246508, -0.000480021, -0.000190408, 0.000535897
355302, 10.3569, -0.00749509, 0.0680747, 0.0722315, 0.591089, -0.0307969, -0.738451, -0.00120357, 0.000826781, -0.000200902, 0.040346, 0.411309, 0.012632, 0.491723, 0.102868, 0.166842, 0.586958, -0.751507, -0.301193, -0.719184, -0.313119, -0.620267, 0.371826, 0.580684, -0.724259, 0.000418842, 0.000388962, 0.000475315, -0.00280252, -0.00375287, 0.00647803, 0.76015, 0.118594, -0.62778, -2.49286, 1.60624, 2.52965, -0.251582, -0.00165319, -0.000297011, 0.00213041, 0.00129095, -0.00346676, 2.02308e-06, -0.00411934
365756, 10.3669, -0.00749278, 0.0680826, 0.0722366, 0.591096, -0.0307999, -0.738425, -0.00120878, 0.00082841, -0.000200128, 0.040346, 0.411309, 0.012632, 0.491725, 0.102876, 0.166848, 0.587003, -0.751482, -0.30117, -0.719157, -0.313167, -0.620274, 0.371808, 0.580691, -0.724263, 0.000333884, 0.000670998, 0.000940737, -0.00149193, -0.00152227, 0.00508232, 0.760154, 0.118588, -0.627771, -2.49285, 1.6062, 2.52965, -0.251588, -2.8103e-05, -0.00172816, 0.00094716, 0.00099841, -0.00604711, 0.000212237, 0.00127368
376026, 10.3769, -0.00749799, 0.0680802, 0.0722312, 0.591079, -0.0308008, -0.738382, -0.00122247, 0.000824427, -0.000191026, 0.040346, 0.411309, 0.012632, 0.49172, 0.102873, 0.166842, 0.58709, -0.751438, -0.30111, -0.719117, -0.313294, -0.620256, 0.371748, 0.580679, -0.724303, -0.000890895, -0.00110731, -0.000637344, -0.00811698, 0.000255559, 0.0112378, 0.760156, 0.118594, -0.627775, -2.49285, 1.60608, 2.52965, -0.251606, -0.000338805, -0.000337574, -0.00162809, -0.00120439, -0.0149845, -0.000134604, -0.000666521
386274, 10.3879, -0.00749759, 0.0680797, 0.0722329, 0.591068, -0.0308111, -0.738337, -0.0012376, 0.000822798, -0.000183341, 0.040346, 0.411309, 0.012632, 0.49172, 0.102873, 0.166844, 0.587178, -0.751396, -0.301042, -0.719069, -0.313417, -0.620249, 0.371701, 0.580667, -0.724337, 0.000580268, -0.00102472, 0.000650603, -0.00390412, -0.00500106, 0.00605294, 0.760149, 0.118591, -0.627766, -2.49284, 1.60596, 2.52966, -0.251619, -0.00207679, -0.00097413, -0.000385595, 0.00088006, -0.00496278, -0.000120733, -0.00576265
396501, 10.3979, -0.00750296, 0.0680818, 0.0722288, 0.591058, -0.0308128, -0.738289, -0.00125137, 0.000820217, -0.000175409, 0.040346, 0.411309, 0.012632, 0.491715, 0.102875, 0.16684, 0.587272, -0.751347, -0.300981, -0.719023, -0.313546, -0.620238, 0.371642, 0.580661, -0.724372, -0.000865488, -0.00082543, -0.000840665, -0.00878947, -0.000144931, 0.0121065, 0.760151, 0.118594, -0.627762, -2.49284, 1.60585, 2.52966, -0.251646, -0.00126506, 0.000356606, 8.69336e-05, -0.000838755, -0.0143447, 0.000238907, -0.00177965
406717, 10.4079, -0.00750433, 0.0680863, 0.0722286, 0.59105, -0.0308148, -0.738238, -0.0012651, 0.000818181, -0.000167962, 0.040346, 0.411309, 0.012632, 0.491714, 0.102879, 0.16684, 0.587368, -0.751296, -0.300921, -0.718975, -0.313675, -0.620229, 0.371584, 0.580657, -0.724405, 9.331e-05, -0.000292975, -0.000289662, -0.00575022, -0.000849843, 0.00754783, 0.760154, 0.118596, -0.627756, -2.49283, 1.60573, 2.52966, -0.251659, -0.000470974, 0.00120493, 0.000151529, 0.00116393, -0.00867828, 0.000262822, -0.000768854
417125, 10.4189, -0.00751279, 0.0680826, 0.0722231, 0.591035, -0.0308122, -0.738198, -0.00127733, 0.000813906, -0.000159223, 0.040346, 0.411309, 0.012632, 0.491705, 0.102876, 0.166834, 0.58745, -0.751253, -0.300866, -0.718938, -0.313796, -0.62021, 0.371524, 0.580647, -0.724444, -0.000359347, -0.00019116, -0.000279668, -0.00817427, -0.0018017, 0.0127328, 0.760151, 0.118593, -0.627758, -2.49284, 1.60561, 2.52966, -0.251676, -0.000237341, 0.000178855, 8.51889e-05, 0.000342966, -0.01324, 0.00025363, -0.00241983
427602, 10.4289, -0.00751498, 0.0680716, 0.0722209, 0.591015, -0.0308232, -0.738165, -0.00129178, 0.000810511, -0.000150316, 0.040346, 0.411309, 0.012632, 0.491703, 0.102865, 0.166832, 0.587521, -0.751224, -0.300802, -0.718903, -0.313907, -0.620195, 0.371481, 0.580625, -0.724484, 0.000160252, -0.00145213, 0.000418596, -0.00547843, -0.00377917, 0.00491227, 0.76014, 0.118591, -0.627764, -2.49284, 1.60549, 2.52967, -0.251689, -0.00117536, -0.00167187, -0.0011334, -0.000319429, -0.00610615, 0.00199079, -0.00427504
438035, 10.4389, -0.00751995, 0.0680635, 0.0722133, 0.590987, -0.0308272, -0.738131, -0.0013068, 0.000804485, -0.000138919, 0.040346, 0.411309, 0.012632, 0.491698, 0.102857, 0.166825, 0.587605, -0.751187, -0.300732, -0.718864, -0.31404, -0.620172, 0.371423, 0.580601, -0.724533, -0.000320605, -0.000548493, -0.000117178, -0.00993758, -0.00218521, 0.0150617, 0.760137, 0.118599, -0.627769, -2.49284, 1.60536, 2.52968, -0.251705, -0.000182656, -0.000283125, -0.000725598, 0.000442496, -0.0171613, 0.000331833, -0.00212131
448477, 10.4499, -0.00752122, 0.0680502, 0.0722121, 0.590966, -0.0308469, -0.738097, -0.00132385, 0.000801707, -0.000129469, 0.040346, 0.411309, 0.012632, 0.491697, 0.102843, 0.166823, 0.587672, -0.751163, -0.30066, -0.718829, -0.314152, -0.620156, 0.371385, 0.580571, -0.724576, 0.000205074, -0.00161833, 0.000257123, -0.00743011, -0.00350554, 0.00783176, 0.760123, 0.118596, -0.627773, -2.49284, 1.60524, 2.5297, -0.251719, -0.00219661, -0.00101964, -0.000554283, 0.0002627, -0.0102551, 0.00157844, -0.0037025
458862, 10.4599, -0.00752941, 0.0680447, 0.0722046, 0.590938, -0.0308502, -0.738069, -0.00133717, 0.000795694, -0.000118794, 0.040346, 0.411309, 0.012632, 0.491689, 0.102838, 0.166816, 0.587738, -0.751134, -0.300601, -0.718802, -0.314266, -0.620129, 0.371332, 0.580546, -0.724623, 0.000239543, -0.00137655, -8.00339e-05, -0.00562303, -0.000334905, 0.00124468, 0.760127, 0.118597, -0.627776, -2.49285, 1.60513, 2.52972, -0.251727, -0.000669847, -6.61162e-06, -0.000602532, 0.000361233, -0.00585722, 0.00342226, 0.000947442
469327, 10.4709, -0.00753231, 0.0680349, 0.072199, 0.590904, -0.0308709, -0.738043, -0.00135529, 0.000790315, -0.000106675, 0.040346, 0.411309, 0.012632, 0.491686, 0.102828, 0.16681, 0.587802, -0.751117, -0.300521, -0.718771, -0.314386, -0.620105, 0.371292, 0.580505, -0.724677, -0.00105042, -0.000785759, -0.00146082, -0.0113899, 0.000866681, 0.00849529, 0.760127, 0.118601, -0.627776, -2.49285, 1.60502, 2.52976, -0.251739, 0.000439986, 0.00127042, 0.000847553, -0.0012358, -0.0108555, 0.00509998, -0.00105317
479700, 10.4809, -0.00753414, 0.0680244, 0.0721957, 0.590858, -0.0309125, -0.738016, -0.00138125, 0.000784865, -9.12491e-05, 0.040346, 0.411309, 0.012632, 0.491684, 0.102817, 0.166807, 0.587875, -0.751105, -0.300406, -0.718728, -0.314531, -0.620081, 0.371259, 0.58044, -0.724745, -0.000600353, -0.0025098, -0.000949943, -0.0199018, -0.000892316, 0.0109799, 0.760133, 0.118596, -0.627768, -2.49285, 1.6049, 2.52984, -0.251758, 0.000190264, -0.000460522, 3.83354e-05, -0.000840871, -0.0200958, 0.0114229, 0.000342717
490134, 10.4919, -0.0075346, 0.0680204, 0.0721935, 0.590808, -0.0309596, -0.737967, -0.00141418, 0.000779094, -7.26666e-05, 0.040346, 0.411309, 0.012632, 0.491683, 0.102813, 0.166805, 0.58799, -0.751074, -0.30026, -0.718662, -0.314733, -0.620056, 0.371206, 0.580371, -0.724828, -0.000141265, -0.000714466, -0.000156169, -0.0116545, -0.00283023, 0.00855214, 0.760152, 0.118594, -0.627756, -2.49284, 1.60474, 2.52993, -0.251782, 0.0013135, -0.000658606, 0.000193306, 4.78626e-05, -0.0104519, 0.00679097, -0.00239878
500576, 10.5019, -0.00753732, 0.0680178, 0.0721904, 0.590754, -0.0310039, -0.737899, -0.00145159, 0.000771721, -5.08691e-05, 0.040346, 0.411309, 0.012632, 0.491681, 0.102811, 0.166801, 0.588139, -0.751023, -0.300094, -0.71858, -0.314983, -0.620023, 0.371127, 0.580301, -0.724924, -0.000752502, 0.00136775, -0.000844184, -0.028544, -0.00542745, 0.0268487, 0.760166, 0.118591, -0.627736, -2.49283, 1.60453, 2.53002, -0.251807, 0.00386871, 0.000157888, 0.00605818, 0.00133999, -0.0262858, 0.0162319, -0.00425595
511100, 10.5129, -0.00754353, 0.0679969, 0.0721834, 0.590669, -0.0310662, -0.737823, -0.0015019, 0.000759685, -1.97582e-05, 0.040346, 0.411309, 0.012632, 0.491674, 0.10279, 0.166794, 0.588321, -0.75097, -0.299871, -0.718483, -0.315309, -0.61997, 0.371027, 0.580193, -0.725062, -0.000688572, -0.00186472, -0.000399311, -0.0280858, -0.00675958, 0.0261002, 0.760176, 0.118582, -0.627734, -2.49283, 1.60423, 2.53014, -0.251837, 0.0019098, -0.00192478, -0.000171519, -0.000281854, -0.0309758, 0.0125819, -0.00647288
521544, 10.5229, -0.00755393, 0.067977, 0.0721687, 0.590573, -0.0311109, -0.737744, -0.00155161, 0.000742777, 1.52464e-05, 0.040346, 0.411309, 0.012632, 0.491664, 0.10277, 0.16678, 0.588516, -0.750905, -0.299651, -0.718392, -0.315663, -0.619895, 0.370893, 0.580085, -0.725217, -0.000781578, -0.00154302, -0.00127214, -0.0303358, -0.00331517, 0.0282542, 0.760169, 0.118588, -0.627714, -2.49283, 1.60389, 2.53025, -0.251849, -0.000844279, 0.000683761, 0.00355307, 0.00094698, -0.0359518, 0.0124902, -0.00212882
531988, 10.5329, -0.00756252, 0.0679499, 0.0721578, 0.590475, -0.0311614, -0.737661, -0.00160382, 0.000726154, 5.10132e-05, 0.040346, 0.411309, 0.012632, 0.491655, 0.102743, 0.166769, 0.588718, -0.750839, -0.299419, -0.718295, -0.316029, -0.619821, 0.370761, 0.579971, -0.725376, -0.000692086, -0.00225526, 0.000773415, -0.026253, -0.00463728, 0.0303974, 0.760166, 0.118585, -0.627714, -2.49283, 1.60352, 2.53036, -0.251857, -0.000872455, -0.00515577, -0.000626132, -0.000387587, -0.0432303, 0.0083859, 0.000523746
542435, 10.5439, -0.00757368, 0.067909, 0.0721398, 0.590337, -0.0312306, -0.737561, -0.00167277, 0.000702712, 9.94826e-05, 0.040346, 0.411309, 0.012632, 0.491644, 0.102702, 0.166751, 0.58897, -0.750763, -0.299114, -0.718176, -0.316502, -0.619717, 0.370591, 0.579811, -0.725591, 0.000225947, -0.00750496, -0.00153713, -0.0362079, -0.00286905, 0.0195511, 0.760159, 0.11859, -0.627717, -2.49283, 1.60304, 2.53051, -0.251866, -0.00633368, 0.00107679, -0.00127438, 0.000897952, -0.0414364, 0.0159624, -0.000406037
552878, 10.5539, -0.00757943, 0.0678741, 0.0721314, 0.590216, -0.0313001, -0.737453, -0.00173998, 0.000683041, 0.000143969, 0.040346, 0.411309, 0.012632, 0.491639, 0.102667, 0.166742, 0.589229, -0.750679, -0.298816, -0.718047, -0.316965, -0.61963, 0.370429, 0.579668, -0.725788, -0.000728142, -0.00417794, -0.000940744, -0.0400026, -0.00513698, 0.0365287, 0.760155, 0.118582, -0.62772, -2.49282, 1.60256, 2.53065, -0.251868, -0.000573432, -0.00111055, -0.00118019, 0.000623643, -0.0523177, 0.0146613, -0.00208693
563309, 10.5649, -0.00759287, 0.0678215, 0.0721115, 0.590046, -0.031383, -0.737325, -0.00182555, 0.000653712, 0.000204201, 0.040346, 0.411309, 0.012632, 0.491625, 0.102615, 0.166723, 0.589548, -0.750579, -0.298437, -0.717897, -0.317559, -0.6195, 0.370212, 0.579472, -0.726055, -0.000143229, -0.00404004, -0.000504313, -0.0407565, -0.00531908, 0.0391355, 0.760145, 0.118582, -0.62773, -2.49282, 1.60194, 2.53083, -0.25187, -0.00169761, -0.000767847, -0.000406051, 0.00240182, -0.0568636, 0.0137119, 8.0743e-06
573746, 10.5749, -0.00760514, 0.0677742, 0.0720976, 0.589868, -0.0314783, -0.737151, -0.00192568, 0.000623728, 0.000270896, 0.040346, 0.411309, 0.012632, 0.491613, 0.102567, 0.166709, 0.589953, -0.750437, -0.297993, -0.717697, -0.318269, -0.619367, 0.369954, 0.579266, -0.72635, -0.00162244, -0.00629181, -0.00174628, -0.055698, -0.00503761, 0.05097, 0.760145, 0.118569, -0.627734, -2.49281, 1.60121, 2.53103, -0.251877, -0.000472631, -0.00171365, -0.0030877, -0.00050189, -0.0751685, 0.0194405, -0.00129002
584101, 10.5859, -0.00761804, 0.0677167, 0.0720808, 0.589637, -0.0315931, -0.736899, -0.00205962, 0.000583391, 0.000360159, 0.040346, 0.411309, 0.012632, 0.4916, 0.10251, 0.166692, 0.590527, -0.750221, -0.297399, -0.717416, -0.319249, -0.619188, 0.369584, 0.579006, -0.726746, -0.00266158, -0.00590438, -0.00231954, -0.0736847, -0.00576872, 0.0756402, 0.760143, 0.118562, -0.627738, -2.49278, 1.60019, 2.53127, -0.251875, -0.000161288, -0.00217414, -0.000658197, -0.000162125, -0.10448, 0.0235741, -0.000201027
594492, 10.5959, -0.00763205, 0.0676542, 0.0720609, 0.589382, -0.0317171, -0.736596, -0.00221158, 0.000538358, 0.000460604, 0.040346, 0.411309, 0.012632, 0.491586, 0.102447, 0.166672, 0.5912, -0.749958, -0.296726, -0.717085, -0.320378, -0.618989, 0.369151, 0.578723, -0.727191, -0.00179244, -0.0071628, -0.00311552, -0.0888525, -0.00776937, 0.0856273, 0.760137, 0.118562, -0.627742, -2.49274, 1.59902, 2.53152, -0.251884, -0.00048057, 0.00163079, 0.000337356, 0.00338385, -0.118646, 0.0300037, -0.000784388
604941, 10.6059, -0.00765414, 0.0675799, 0.072035, 0.589075, -0.0318478, -0.736221, -0.00239235, 0.000481567, 0.000582553, 0.040346, 0.411309, 0.012632, 0.491564, 0.102373, 0.166646, 0.592028, -0.749621, -0.295925, -0.716684, -0.321759, -0.618737, 0.368602, 0.578394, -0.727732, -0.00326148, -0.00895225, -0.00422762, -0.111427, -0.00816429, 0.112363, 0.760129, 0.118559, -0.627752, -2.4927, 1.59757, 2.5318, -0.251882, -0.000840827, 0.000961126, -0.000373288, 0.00228037, -0.154571, 0.034679, -0.000558068
615400, 10.6169, -0.0076838, 0.0674811, 0.0719988, 0.588656, -0.0320326, -0.735733, -0.00263434, 0.000404917, 0.000745847, 0.040346, 0.411309, 0.012632, 0.491534, 0.102274, 0.16661, 0.59311, -0.749188, -0.294852, -0.716156, -0.323582, -0.618397, 0.367887, 0.577938, -0.728455, -0.00222063, -0.0107365, -0.00356534, -0.12572, -0.0115513, 0.120813, 0.760126, 0.118556, -0.62776, -2.49265, 1.59567, 2.5322, -0.251881, -0.0011622, 0.000197257, -0.000439186, 0.00471316, -0.171201, 0.0429108, 0.000984814
625850, 10.6269, -0.00770927, 0.0673649, 0.0719623, 0.588204, -0.0322548, -0.73526, -0.00288707, 0.000325649, 0.000915133, 0.040346, 0.411309, 0.012632, 0.491509, 0.102158, 0.166573, 0.594172, -0.748786, -0.293732, -0.715628, -0.325416, -0.618046, 0.367199, 0.577429, -0.729206, -0.00042389, -0.0117722, -0.00229487, -0.141435, -0.0176559, 0.135217, 0.760116, 0.11855, -0.62777, -2.4926, 1.59376, 2.53266, -0.251882, -0.00025862, 0.000141037, -0.00113551, 0.00954555, -0.191553, 0.0495288, 0.000906147
636294, 10.6379, -0.00773945, 0.0672186, 0.0719148, 0.587638, -0.0325499, -0.734728, -0.00319221, 0.000229248, 0.00111932, 0.040346, 0.411309, 0.012632, 0.491479, 0.102012, 0.166526, 0.595386, -0.748352, -0.29238, -0.715017, -0.327563, -0.617619, 0.366423, 0.576778, -0.730111, -0.00298637, -0.0172746, -0.0056641, -0.159204, -0.0136171, 0.130432, 0.760113, 0.118544, -0.627778, -2.49255, 1.59155, 2.53327, -0.251892, -0.000626872, 0.000291557, -0.0038071, 0.00210571, -0.19769, 0.0644084, -0.00095834
646651, 10.6479, -0.00777329, 0.0670808, 0.0718668, 0.587093, -0.0328284, -0.734245, -0.00347722, 0.00013563, 0.00131226, 0.040346, 0.411309, 0.012632, 0.491445, 0.101874, 0.166478, 0.596496, -0.74796, -0.291116, -0.71446, -0.329556, -0.617204, 0.365704, 0.576151, -0.730966, -0.00427637, -0.0148783, -0.00573833, -0.160334, -0.0123479, 0.141853, 0.760116, 0.118531, -0.627779, -2.49252, 1.5895, 2.53387, -0.251891, 0.000487102, -0.00127047, -0.00108123, 0.000715271, -0.20647, 0.0621449, 0.000337498
657095, 10.6589, -0.00780024, 0.0669109, 0.0718115, 0.586463, -0.0331689, -0.733736, -0.00379803, 3.01915e-05, 0.00152857, 0.040346, 0.411309, 0.012632, 0.491418, 0.101704, 0.166423, 0.597681, -0.747566, -0.289695, -0.713855, -0.331733, -0.616736, 0.36495, 0.575411, -0.731924, -0.00202731, -0.014345, -0.00435825, -0.159192, -0.0160865, 0.143299, 0.76011, 0.118538, -0.627788, -2.49247, 1.58726, 2.53457, -0.251888, -5.74678e-05, 0.00064446, -0.000982932, 0.00616724, -0.206975, 0.0598633, 0.000492765
667586, 10.6689, -0.00783723, 0.0667478, 0.0717501, 0.585856, -0.0334889, -0.7333, -0.00409241, -7.18823e-05, 0.00173067, 0.040346, 0.411309, 0.012632, 0.491381, 0.101541, 0.166361, 0.598723, -0.747236, -0.28839, -0.713327, -0.333704, -0.616284, 0.364273, 0.5747, -0.73282, -0.0042317, -0.0170423, -0.00694512, -0.16295, -0.0109004, 0.126382, 0.760105, 0.118537, -0.627786, -2.49246, 1.58525, 2.53526, -0.251891, -0.00112247, 0.000183447, 0.000956598, -0.000991249, -0.193907, 0.0719184, 0.000307983
678119, 10.6799, -0.00786364, 0.066546, 0.0716903, 0.585133, -0.0339206, -0.732824, -0.00444311, -0.000187087, 0.00196499, 0.040346, 0.411309, 0.012632, 0.491354, 0.101339, 0.166301, 0.599875, -0.74691, -0.286836, -0.712719, -0.335939, -0.615773, 0.363568, 0.57382, -0.733859, -0.00259703, -0.0175777, -0.00471293, -0.172205, -0.0184462, 0.132891, 0.760109, 0.118526, -0.62779, -2.49243, 1.58298, 2.53614, -0.251894, 0.000561487, -0.00351122, 0.000437618, 0.00161744, -0.203451, 0.0796827, -0.0012321
688564, 10.6899, -0.00790038, 0.0663428, 0.0716192, 0.584399, -0.0343384, -0.732393, -0.00478174, -0.000306099, 0.00219666, 0.040346, 0.411309, 0.012632, 0.491318, 0.101136, 0.16623, 0.600948, -0.746623, -0.285335, -0.712161, -0.338082, -0.615246, 0.36289, 0.572935, -0.734885, -0.00328017, -0.0207415, -0.00638782, -0.19055, -0.0174561, 0.136282, 0.76011, 0.11852, -0.627784, -2.49243, 1.58081, 2.53703, -0.251888, -0.000100048, -0.00252606, 0.00118081, -7.43556e-05, -0.216682, 0.0927801, 4.485e-05
698929, 10.6999, -0.00793743, 0.0661249, 0.0715462, 0.583635, -0.0347728, -0.731935, -0.0051344, -0.000430545, 0.00243718, 0.040346, 0.411309, 0.012632, 0.491281, 0.100918, 0.166157, 0.602071, -0.746314, -0.283772, -0.711572, -0.340318, -0.614694, 0.362183, 0.572013, -0.735951, -0.00407234, -0.0204635, -0.00671754, -0.192396, -0.0155298, 0.152586, 0.760109, 0.118514, -0.627795, -2.49243, 1.57853, 2.53794, -0.251884, -0.00027751, -0.00173353, -0.00181525, 5.81256e-05, -0.234865, 0.0832197, 0.00142424
709375, 10.7109, -0.00798841, 0.0658703, 0.0714546, 0.582735, -0.0352582, -0.73137, -0.00554664, -0.000580512, 0.00272057, 0.040346, 0.411309, 0.012632, 0.49123, 0.100663, 0.166066, 0.603426, -0.745911, -0.281945, -0.710867, -0.342981, -0.61403, 0.36131, 0.570947, -0.737207, -0.00408739, -0.0234975, -0.00823355, -0.213303, -0.0132017, 0.155549, 0.760099, 0.118513, -0.627809, -2.49244, 1.5758, 2.53897, -0.251882, -0.00023249, 0.000399088, -0.00052419, 0.000367424, -0.251879, 0.0986617, 0.00786113
719750, 10.7209, -0.00802993, 0.0656391, 0.0713774, 0.581911, -0.0357143, -0.730835, -0.00592824, -0.000716932, 0.00297944, 0.040346, 0.411309, 0.012632, 0.491188, 0.100432, 0.165988, 0.604686, -0.745528, -0.280253, -0.710199, -0.345437, -0.613425, 0.360516, 0.569965, -0.738355, -0.00338178, -0.023294, -0.00727391, -0.214922, -0.0191818, 0.156361, 0.760095, 0.118505, -0.627823, -2.49244, 1.57328, 2.53992, -0.251881, 0.000880371, -0.00116652, -0.000259371, 0.000887753, -0.247601, 0.101951, 0.0014284
730201, 10.7319, -0.00806935, 0.0653943, 0.0712989, 0.581068, -0.0361846, -0.730297, -0.00631527, -0.00085613, 0.00324128, 0.040346, 0.411309, 0.012632, 0.491149, 0.100187, 0.16591, 0.605948, -0.745147, -0.278538, -0.709524, -0.34791, -0.612808, 0.359726, 0.568959, -0.739515, -0.00269032, -0.0223101, -0.0067679, -0.187577, -0.0127914, 0.129921, 0.760089, 0.118501, -0.627856, -2.49244, 1.57073, 2.54088, -0.251883, 0.000405626, 0.000280597, -0.0034274, 0.000804637, -0.218046, 0.0890766, 0.00749679
740655, 10.7419, -0.00810295, 0.065204, 0.0712387, 0.580414, -0.0365329, -0.729838, -0.00661897, -0.000966967, 0.00344707, 0.040346, 0.411309, 0.012632, 0.491115, 0.099997, 0.16585, 0.60699, -0.744801, -0.277192, -0.708969, -0.349902, -0.612317, 0.359064, 0.568191, -0.740427, -0.00359734, -0.0167853, -0.00559682, -0.16354, -0.0134178, 0.138696, 0.760087, 0.118495, -0.627899, -2.49244, 1.56865, 2.54159, -0.25188, 0.000376852, -0.000933218, -0.00305791, 0.000400438, -0.207464, 0.0652008, 0.000833344
751101, 10.7529, -0.00813256, 0.0650321, 0.0711872, 0.579809, -0.0368518, -0.72937, -0.00690651, -0.00107026, 0.00363974, 0.040346, 0.411309, 0.012632, 0.491085, 0.0998251, 0.165798, 0.60802, -0.744434, -0.275918, -0.708414, -0.351821, -0.611859, 0.358415, 0.567486, -0.741281, -0.00239514, -0.0171424, -0.00440925, -0.142771, -0.012927, 0.115013, 0.760086, 0.118486, -0.62794, -2.49243, 1.56664, 2.54223, -0.25188, -0.000750353, -0.00157145, -0.00633889, 0.00034298, -0.179893, 0.0578516, 0.000489688
761563, 10.7629, -0.00816372, 0.0649016, 0.0711429, 0.579329, -0.0370944, -0.729001, -0.00713071, -0.00115345, 0.00379162, 0.040346, 0.411309, 0.012632, 0.491054, 0.0996946, 0.165754, 0.608828, -0.744141, -0.274924, -0.707982, -0.353328, -0.61149, 0.357897, 0.566934, -0.741954, -0.00368138, -0.0123578, -0.00498516, -0.123346, -0.00853463, 0.107068, 0.760091, 0.118472, -0.627964, -2.49244, 1.56507, 2.54274, -0.251882, 0.00110874, -0.000372813, -0.00271769, -0.00151088, -0.157371, 0.0476751, -0.000198401
772010, 10.7729, -0.00818474, 0.0648059, 0.0711189, 0.578953, -0.0372868, -0.728636, -0.00732151, -0.00121934, 0.00391646, 0.040346, 0.411309, 0.012632, 0.491033, 0.0995989, 0.16573, 0.609583, -0.743835, -0.274078, -0.70757, -0.354657, -0.611198, 0.357427, 0.566506, -0.742508, -0.00260158, -0.00852863, -0.00305258, -0.0956076, -0.00727393, 0.0951363, 0.760091, 0.118445, -0.627975, -2.49243, 1.56354, 2.54316, -0.251879, 0.000205069, -0.000733911, -0.00252151, 0.000741226, -0.134431, 0.0302928, 0.00116141
782503, 10.7839, -0.00821369, 0.0647241, 0.0710984, 0.578622, -0.0374344, -0.728274, -0.00749238, -0.00128053, 0.00402976, 0.040346, 0.411309, 0.012632, 0.491004, 0.0995171, 0.165709, 0.610314, -0.743513, -0.273321, -0.707177, -0.355906, -0.610927, 0.356956, 0.566144, -0.74301, -0.00190769, -0.00620748, 0.000593681, -0.0764915, -0.0115921, 0.085612, 0.760091, 0.118395, -0.62799, -2.49244, 1.56233, 2.54345, -0.251877, -0.000321017, -0.00934613, -0.00209112, -0.000556641, -0.118633, 0.0239302, 0.000160639
792985, 10.7939, -0.0082353, 0.0646708, 0.0710913, 0.578405, -0.0375168, -0.72795, -0.00761798, -0.00132341, 0.00411115, 0.040346, 0.411309, 0.012632, 0.490983, 0.0994638, 0.165702, 0.610934, -0.743208, -0.272764, -0.706843, -0.356895, -0.610737, 0.356557, 0.565922, -0.743371, -0.00239612, -0.00520981, -0.000768991, -0.0665839, -0.00656897, 0.0839901, 0.760083, 0.118346, -0.628011, -2.49244, 1.56124, 2.54362, -0.251875, 0.0016511, -0.00340823, -0.00230896, 0.000834271, -0.107945, 0.00898914, -0.000963934
803438, 10.8049, -0.00826055, 0.0646431, 0.0710879, 0.578235, -0.0375568, -0.727608, -0.00772787, -0.00136081, 0.00418215, 0.040346, 0.411309, 0.012632, 0.490957, 0.0994361, 0.165699, 0.611564, -0.742869, -0.272277, -0.706507, -0.357841, -0.610571, 0.356143, 0.565769, -0.743685, -0.00224554, -0.0018077, -0.000223981, -0.050136, -0.0055176, 0.0700363, 0.760088, 0.118294, -0.628025, -2.49244, 1.5602, 2.54372, -0.251876, 1.30544e-06, -0.00472255, 0.000238352, -7.94377e-05, -0.0879032, 0.00849076, 0.000484656
