timestamp, robot_time[1], robot_ee_pos_error[3], robot_ee_ori_error[3], sensed_forces_moments[6], robot_ee_position[3], robot_ee_orientation[9], robot_ee_linear_velocity[3], robot_ee_angular_velocity[3], joint_angles[7], joint_velocities[7], 
10181, 10.012, 0.0150096, 0.000541554, 0.102565, -0.754241, -0.333785, 0.0404206, -0.000127692, 3.43666e-05, -2.45442e-05, 0.040346, 0.411309, 0.012632, 0.514228, 0.0353346, 0.197176, 0.928239, 0.199263, 0.314111, -0.115656, -0.64797, 0.752834, 0.353547, -0.735139, -0.578425, 0.000184771, -0.00291054, 0.00124252, 0.000657937, -0.00302816, -0.00615729, 0.306184, 0.156981, 0.00156768, -2.35946, -1.2755, 2.13618, 1.20972, -0.00340318, -0.0031783, -0.0021667, -0.00108452, -0.000131342, -1.36203e-05, 0.001233
20334, 10.022, 0.0150112, 0.000531017, 0.102564, -0.754241, -0.333776, 0.0404122, -0.000126697, 3.47565e-05, -2.34964e-05, 0.040346, 0.411309, 0.012632, 0.514229, 0.035324, 0.197175, 0.928244, 0.19925, 0.314107, -0.11566, -0.647971, 0.752832, 0.353534, -0.735142, -0.57843, 0.000472045, -0.00135986, 0.000888581, -0.000186379, -0.00063185, -0.00192814, 0.306169, 0.15698, 0.00155838, -2.35946, -1.2755, 2.13619, 1.20971, -0.000703968, -0.0013953, -0.00215011, 0.000447834, 0.000132774, 0.000102194, -0.00164249
30475, 10.032, 0.015012, 0.000516747, 0.102564, -0.754248, -0.333765, 0.040392, -0.000126319, 3.43065e-05, -2.38767e-05, 0.040346, 0.411309, 0.012632, 0.51423, 0.0353097, 0.197175, 0.928249, 0.199226, 0.314105, -0.115677, -0.647966, 0.752834, 0.353513, -0.735153, -0.578428, -0.000323954, -0.00111603, -0.000533853, -0.000440129, 0.0017324, -0.00121227, 0.306157, 0.156982, 0.0015432, -2.35946, -1.2755, 2.13619, 1.20971, -0.000549877, 0.00031762, -0.00154378, -0.000984922, -5.91609e-05, 0.000610956, -0.000816305
40608, 10.042, 0.0150175, 0.000497738, 0.102567, -0.754252, -0.333761, 0.0403503, -0.000130002, 3.52084e-05, -2.47032e-05, 0.040346, 0.411309, 0.012632, 0.514236, 0.0352907, 0.197178, 0.928253, 0.199184, 0.314121, -0.115719, -0.647963, 0.75283, 0.353491, -0.735167, -0.578424, 0.000201836, -0.0012168, -0.00116905, -0.000440819, 0.000907193, -0.00283716, 0.306139, 0.156983, 0.00152232, -2.35945, -1.2755, 2.13619, 1.20972, -0.000236516, 0.00328921, -0.00220216, 0.00118217, -0.000232307, 0.000235387, 0.00128872
50741, 10.052, 0.0150149, 0.000477197, 0.102565, -0.754264, -0.333738, 0.0403334, -0.000126451, 3.34473e-05, -2.50668e-05, 0.040346, 0.411309, 0.012632, 0.514233, 0.0352702, 0.197176, 0.928264, 0.199158, 0.314105, -0.115727, -0.647952, 0.752838, 0.353459, -0.735183, -0.578423, 0.000474299, -0.00123386, 2.25737e-05, 0.00186342, -0.000987659, -0.00188903, 0.306123, 0.156982, 0.00150142, -2.35946, -1.2755, 2.13619, 1.20971, 0.000169187, -4.00386e-05, -0.00366323, 0.000306757, -0.000293865, 0.00280104, 0.000425857
60888, 10.062, 0.0150169, 0.000450784, 0.102565, -0.754275, -0.333719, 0.0402941, -0.000126526, 3.29596e-05, -2.57425e-05, 0.040346, 0.411309, 0.012632, 0.514235, 0.0352438, 0.197176, 0.928274, 0.199113, 0.314106, -0.115761, -0.647944, 0.75284, 0.353423, -0.735203, -0.57842, 0.000848365, -0.00228648, 0.00306243, 0.0015179, -0.00569544, -0.00462102, 0.306096, 0.156982, 0.0014777, -2.35946, -1.2755, 2.13619, 1.20971, -0.00361031, -0.00635121, -0.00121369, -0.00040934, -0.000157037, 2.86475e-05, -7.70786e-05
71023, 10.073, 0.0150192, 0.000418791, 0.102566, -0.754287, -0.333701, 0.0402388, -0.000128327, 3.30033e-05, -2.66637e-05, 0.040346, 0.411309, 0.012632, 0.514237, 0.0352118, 0.197177, 0.928284, 0.199051, 0.314114, -0.115811, -0.647935, 0.75284, 0.353379, -0.735227, -0.578415, 0.000124523, -0.00298573, -0.000434689, -0.000538802, -0.00020371, -0.00626367, 0.306067, 0.156982, 0.00144536, -2.35946, -1.2755, 2.13619, 1.20972, -4.35137e-05, 0.00110585, -0.00560649, 7.65858e-05, 5.5352e-05, 0.000159486, 0.00125686
81158, 10.083, 0.0150253, 0.000388172, 0.102568, -0.754299, -0.333684, 0.0401886, -0.000129909, 3.29101e-05, -2.76438e-05, 0.040346, 0.411309, 0.012632, 0.514243, 0.0351812, 0.197179, 0.928294, 0.198995, 0.314121, -0.115856, -0.647926, 0.75284, 0.353339, -0.73525, -0.578411, 0.000251096, -0.00313814, -0.000309521, -0.0005071, -7.90059e-05, -0.00633487, 0.306034, 0.156985, 0.00141726, -2.35945, -1.2755, 2.13619, 1.20972, -0.00155265, 0.00101211, -0.00448369, 0.0003332, 2.4451e-05, 0.000126454, 0.000699422
91297, 10.093, 0.0150237, 0.000357013, 0.102567, -0.754314, -0.333654, 0.0401547, -0.000126799, 3.11908e-05, -2.81928e-05, 0.040346, 0.411309, 0.012632, 0.514242, 0.03515, 0.197178, 0.928308, 0.19895, 0.314107, -0.11588, -0.647913, 0.752848, 0.353294, -0.735273, -0.578409, 0.000199926, -0.00253727, 0.000516317, -0.000862373, 0.000428711, -0.00380304, 0.306002, 0.156982, 0.00139168, -2.35946, -1.2755, 2.13619, 1.20971, -0.00279816, -0.00114495, -0.00202509, -0.000303265, -5.69428e-05, -0.000172894, -0.00180816
101437, 10.103, 0.0150253, 0.000334441, 0.102567, -0.754325, -0.333638, 0.040122, -0.000126687, 3.04649e-05, -2.90769e-05, 0.040346, 0.411309, 0.012632, 0.514243, 0.0351274, 0.197178, 0.928316, 0.198913, 0.314106, -0.115908, -0.647905, 0.752851, 0.353263, -0.735291, -0.578405, 4.3204e-05, -0.00134135, -0.000219625, -0.000793229, 0.00105687, -0.00167318, 0.305991, 0.156983, 0.00135973, -2.35946, -1.2755, 2.13619, 1.20971, -3.15611e-05, 0.000454064, -0.00254566, -0.000102451, -0.000222763, 0.000257376, -0.000947424
111590, 10.113, 0.0150264, 0.000309557, 0.102565, -0.754335, -0.333621, 0.0400797, -0.000127403, 3.02883e-05, -2.96954e-05, 0.040346, 0.411309, 0.012632, 0.514244, 0.0351026, 0.197176, 0.928325, 0.198864, 0.31411, -0.115945, -0.647897, 0.752852, 0.353226, -0.735311, -0.578402, -0.000215529, -0.00281871, -0.000382034, -0.000220431, -0.000385685, -0.00640946, 0.30597, 0.156988, 0.00133345, -2.35946, -1.2755, 2.13619, 1.20972, -0.00201116, 0.000281904, -0.00306192, -0.000811534, 0.00023003, -0.00024558, 0.00181569
121742, 10.123, 0.0150287, 0.000285318, 0.102567, -0.754346, -0.333607, 0.0400427, -0.000128152, 2.97872e-05, -3.07545e-05, 0.040346, 0.411309, 0.012632, 0.514247, 0.0350783, 0.197178, 0.928333, 0.198823, 0.314113, -0.115978, -0.647889, 0.752854, 0.353195, -0.73533, -0.578397, 0.000128306, -0.00430296, -0.000172793, -0.00014765, -0.00163664, -0.00924344, 0.305958, 0.156985, 0.00129901, -2.35946, -1.2755, 2.13619, 1.20972, -0.000497751, 0.000200368, -0.00768678, -0.00053005, -0.000138077, 0.000447421, 0.00262101
131889, 10.133, 0.0150293, 0.000272289, 0.102566, -0.754354, -0.333593, 0.040033, -0.000125885, 2.84091e-05, -3.13172e-05, 0.040346, 0.411309, 0.012632, 0.514247, 0.0350653, 0.197177, 0.92834, 0.198808, 0.314103, -0.115983, -0.647881, 0.75286, 0.353176, -0.735341, -0.578395, -9.22332e-05, -0.00031448, -0.000631992, 0.00119214, -0.000762296, -0.00240663, 0.305956, 0.156988, 0.00127652, -2.35946, -1.2755, 2.13619, 1.20971, -0.000663351, 0.00127374, -5.82372e-05, 0.000194715, 0.000540562, 0.00039545, 0.0025394
142024, 10.144, 0.0150348, 0.000260287, 0.102571, -0.754355, -0.333597, 0.0399998, -0.000130399, 2.97334e-05, -3.2045e-05, 0.040346, 0.411309, 0.012632, 0.514253, 0.0350533, 0.197182, 0.92834, 0.198777, 0.314123, -0.116019, -0.647881, 0.752855, 0.353165, -0.735349, -0.578392, 0.000190448, 0.00031284, 2.56249e-05, 0.000807867, -0.00113252, -0.000142556, 0.305944, 0.156985, 0.00126276, -2.35945, -1.2755, 2.13619, 1.20972, -0.000560451, 0.000284693, 0.000931097, 0.000533367, -9.31461e-05, 0.000250621, 0.00124048
152171, 10.154, 0.0150309, 0.000256003, 0.102568, -0.754359, -0.333587, 0.0399997, -0.000128291, 2.88862e-05, -3.20029e-05, 0.040346, 0.411309, 0.012632, 0.514249, 0.035049, 0.197179, 0.928344, 0.198773, 0.314114, -0.116015, -0.647877, 0.752858, 0.353155, -0.735353, -0.578392, 0.000167361, -0.00200711, 0.000345674, -0.00316358, 0.00575863, 0.00131912, 0.305946, 0.156985, 0.00125519, -2.35946, -1.2755, 2.13619, 1.20972, -0.00351512, -0.000797341, -0.000343235, -0.000233791, -0.000275813, -9.05864e-05, -0.00864512
162318, 10.164, 0.0150311, 0.000252696, 0.102568, -0.754362, -0.333581, 0.0400026, -0.000126594, 2.81688e-05, -3.20148e-05, 0.040346, 0.411309, 0.012632, 0.514249, 0.0350457, 0.197179, 0.928346, 0.198774, 0.314106, -0.11601, -0.647874, 0.752861, 0.353151, -0.735355, -0.578392, -0.000700443, 0.000151832, -0.000529496, -0.00058679, 0.00186038, 0.000610021, 0.30594, 0.156985, 0.00125477, -2.35946, -1.2755, 2.13619, 1.20971, 0.000678631, -8.29542e-05, 8.70671e-05, -0.00150623, 0.000421535, -0.000248277, -0.000563465
172512, 10.174, 0.0150306, 0.000250479, 0.102565, -0.754364, -0.333576, 0.0400017, -0.00012554, 2.77456e-05, -3.19933e-05, 0.040346, 0.411309, 0.012632, 0.514249, 0.0350435, 0.197176, 0.928348, 0.198771, 0.314101, -0.116009, -0.647872, 0.752863, 0.353145, -0.735358, -0.578392, -0.000390811, -5.78188e-05, -0.000793779, -0.000560978, 0.00139262, -9.05979e-05, 0.30594, 0.15699, 0.00125096, -2.35946, -1.2755, 2.13619, 1.20971, 0.000837466, 0.00122173, -0.000663723, -0.000537462, 2.39637e-05, -8.50841e-05, 0.000355372
182660, 10.184, 0.0150313, 0.000249674, 0.102568, -0.754362, -0.333583, 0.0399902, -0.000128301, 2.882e-05, -3.20946e-05, 0.040346, 0.411309, 0.012632, 0.514249, 0.0350427, 0.197179, 0.928346, 0.198762, 0.314114, -0.116023, -0.647875, 0.752859, 0.353146, -0.735358, -0.578391, -0.000284297, 4.29953e-05, 8.42669e-05, 0.000380234, -0.000538085, -0.000401207, 0.305937, 0.156985, 0.00125197, -2.35946, -1.2755, 2.13619, 1.20972, 0.000811079, -0.000842531, -0.000581371, -0.000880909, 0.000258261, 6.29683e-05, 0.000802346
192795, 10.194, 0.0150305, 0.000252491, 0.102565, -0.754363, -0.333578, 0.0400046, -0.000125528, 2.78239e-05, -3.18848e-05, 0.040346, 0.411309, 0.012632, 0.514248, 0.0350455, 0.197176, 0.928347, 0.198775, 0.314101, -0.116007, -0.647873, 0.752863, 0.353148, -0.735356, -0.578392, -0.000993639, -0.00103119, -0.00325401, -0.00170394, 0.00602105, -0.00175843, 0.30594, 0.15699, 0.00125477, -2.35946, -1.2755, 2.13619, 1.20971, -0.00120663, 0.00602396, -0.000193184, -0.000597595, 0.000191892, 7.4742e-05, 0.000427656
202928, 10.204, 0.0150301, 0.000257656, 0.102565, -0.75436, -0.333585, 0.0400045, -0.00012722, 2.85735e-05, -3.18281e-05, 0.040346, 0.411309, 0.012632, 0.514248, 0.0350507, 0.197176, 0.928344, 0.198777, 0.314109, -0.116009, -0.647877, 0.75286, 0.353155, -0.735353, -0.578393, -0.000675361, 0.000455994, -0.00111335, -0.00196806, 0.00565246, 0.00347267, 0.305948, 0.15699, 0.00125676, -2.35946, -1.2755, 2.13619, 1.20972, 0.00107595, 0.00142082, 0.000134946, -0.000977766, 0.000446587, 7.64001e-05, -0.00446514
213069, 10.214, 0.0150299, 0.000259913, 0.102565, -0.75436, -0.333583, 0.0400157, -0.000125511, 2.79327e-05, -3.17341e-05, 0.040346, 0.411309, 0.012632, 0.514248, 0.0350529, 0.197176, 0.928345, 0.198787, 0.314101, -0.115997, -0.647876, 0.752862, 0.353158, -0.735351, -0.578393, 1.51949e-05, -7.79126e-05, 0.00015686, 0.002257, -0.0052462, -0.00410547, 0.305949, 0.15699, 0.00126006, -2.35946, -1.2755, 2.13619, 1.20971, -0.000228787, -0.000300464, 0.000164258, -3.66074e-05, -5.55691e-05, -0.000264719, 0.0068047
223237, 10.225, 0.0150304, 0.00025805, 0.102566, -0.754359, -0.333587, 0.0400043, -0.000127654, 2.86636e-05, -3.19465e-05, 0.040346, 0.411309, 0.012632, 0.514248, 0.0350511, 0.197177, 0.928344, 0.198778, 0.314111, -0.116011, -0.647877, 0.752859, 0.353157, -0.735352, -0.578392, 0.000254583, -0.000599061, 0.000290504, -0.00274702, 0.00499081, 0.00349638, 0.305951, 0.156988, 0.00125443, -2.35946, -1.2755, 2.13619, 1.20972, 0.000518908, -0.00029584, -0.00182654, 0.000296273, -0.000213134, 0.000239044, -0.00773689
233382, 10.235, 0.0150301, 0.000255536, 0.102565, -0.754361, -0.333583, 0.0400018, -0.000127013, 2.84636e-05, -3.18588e-05, 0.040346, 0.411309, 0.012632, 0.514248, 0.0350485, 0.197176, 0.928345, 0.198774, 0.314108, -0.116011, -0.647876, 0.75286, 0.353152, -0.735354, -0.578392, -0.00050876, -0.000833221, -0.000714351, -0.000499757, 0.00128106, -0.00163774, 0.305946, 0.156991, 0.00125477, -2.35946, -1.2755, 2.13619, 1.20972, -0.00030194, 0.000642407, -0.000927959, -0.0011042, 0.000107961, -8.2885e-05, 0.00049365
243523, 10.245, 0.0150304, 0.000253074, 0.102565, -0.754363, -0.333578, 0.0400056, -0.000125536, 2.77665e-05, -3.19643e-05, 0.040346, 0.411309, 0.012632, 0.514248, 0.0350461, 0.197176, 0.928347, 0.198776, 0.314101, -0.116006, -0.647873, 0.752863, 0.353149, -0.735356, -0.578392, -0.00116448, 0.00167561, -0.00098931, 0.00436805, 0.0029439, -0.00408534, 0.305944, 0.15699, 0.00125198, -2.35946, -1.2755, 2.13619, 1.20971, 0.00439323, 0.00086296, -0.0010513, 0.0002189, 0.00957308, -0.000362769, -0.000908638
253665, 10.255, 0.015035, 0.000252414, 0.10257, -0.754361, -0.333586, 0.0399976, -0.000128095, 2.8596e-05, -3.22741e-05, 0.040346, 0.411309, 0.012632, 0.514253, 0.0350454, 0.197181, 0.928344, 0.198771, 0.314113, -0.116017, -0.647875, 0.75286, 0.353152, -0.735355, -0.578391, 0.000321241, -0.000652778, 0.000447218, -0.00183971, 8.67881e-05, -0.00118362, 0.30594, 0.156988, 0.00125198, -2.35945, -1.2755, 2.13619, 1.20971, -0.000224604, 0.000185275, -0.000498392, 0.00105545, 3.16706e-05, -0.00198029, -0.00115454
263802, 10.265, 0.0150304, 0.000247769, 0.102564, -0.754366, -0.333572, 0.039999, -0.0001249, 2.7538e-05, -3.19162e-05, 0.040346, 0.411309, 0.012632, 0.514248, 0.0350408, 0.197175, 0.92835, 0.198767, 0.314099, -0.11601, -0.647871, 0.752864, 0.35314, -0.73536, -0.578392, -0.000385721, -0.000373811, -0.00129386, -0.000306967, 0.00187737, -0.0011058, 0.305935, 0.156993, 0.00125093, -2.35946, -1.2755, 2.13619, 1.20971, -0.000933005, 0.0024028, 0.00041713, -0.000189319, 0.000132075, 3.97015e-05, 0.000864396
273954, 10.275, 0.0150314, 0.000243975, 0.102566, -0.754366, -0.333573, 0.039991, -0.000125981, 2.77873e-05, -3.21787e-05, 0.040346, 0.411309, 0.012632, 0.514249, 0.035037, 0.197177, 0.92835, 0.19876, 0.314103, -0.116019, -0.647871, 0.752863, 0.353137, -0.735362, -0.578391, -5.65244e-05, -0.000908048, -0.000205073, 2.74402e-06, 0.000699782, -0.00166157, 0.305932, 0.156988, 0.00124628, -2.35946, -1.2755, 2.13619, 1.20971, -0.00191417, 0.000226117, 0.000153525, -0.000171093, 0.000231993, 0.000125518, -0.000378257
284098, 10.286, 0.0150361, 0.0002422, 0.102572, -0.754364, -0.333581, 0.0399809, -0.000128763, 2.86208e-05, -3.26045e-05, 0.040346, 0.411309, 0.012632, 0.514254, 0.0350352, 0.197183, 0.928347, 0.198753, 0.314116, -0.116032, -0.647873, 0.752859, 0.35314, -0.735363, -0.578389, 0.000683253, 0.00114314, 0.0010772, 0.000201279, -0.00117772, 0.00288588, 0.305929, 0.156985, 0.00124312, -2.35945, -1.2755, 2.13619, 1.20971, 0.00117565, -0.00112384, 0.000562814, 0.00139573, -0.000184388, 6.27867e-05, -0.00167698
294236, 10.296, 0.0150317, 0.000239619, 0.102566, -0.754368, -0.33357, 0.0399847, -0.000126001, 2.76578e-05, -3.23581e-05, 0.040346, 0.411309, 0.012632, 0.51425, 0.0350326, 0.197177, 0.928352, 0.198752, 0.314103, -0.116025, -0.647869, 0.752864, 0.353131, -0.735366, -0.57839, -0.000619981, 0.00056208, -0.000229003, -0.00269901, 0.00234599, 0.00206837, 0.30593, 0.156988, 0.00123998, -2.35946, -1.2755, 2.13619, 1.20971, 0.00153852, 1.61975e-05, 0.000669473, -0.0010128, -0.000125446, -0.00218952, -0.00171588
304370, 10.306, 0.0150309, 0.000235548, 0.102563, -0.754372, -0.333562, 0.0399823, -0.000124302, 2.70602e-05, -3.22133e-05, 0.040346, 0.411309, 0.012632, 0.514249, 0.0350285, 0.197174, 0.928355, 0.198746, 0.314096, -0.116024, -0.647866, 0.752866, 0.353122, -0.73537, -0.578391, -0.000226711, -4.4639e-05, -0.000952376, 1.3527e-05, 0.00138685, -0.000283417, 0.305925, 0.156996, 0.00123776, -2.35946, -1.2755, 2.13619, 1.20971, 0.000450732, 0.00182471, -0.000555485, -7.03999e-06, 0.000198097, 0.000446734, 0.000475379
314508, 10.316, 0.0150307, 0.000238152, 0.102562, -0.75437, -0.333563, 0.0399861, -0.000124287, 2.71616e-05, -3.20729e-05, 0.040346, 0.411309, 0.012632, 0.514249, 0.0350312, 0.197173, 0.928354, 0.198751, 0.314096, -0.11602, -0.647867, 0.752866, 0.353125, -0.735368, -0.578392, -0.000587184, 0.000889707, -0.000939022, 0.00432806, 0.00117395, -0.00474229, 0.305925, 0.156996, 0.00124269, -2.35946, -1.2755, 2.13619, 1.20971, -0.000211123, 0.00154444, 0.00168198, 0.000995452, 0.0070013, 1.87287e-05, 0.000908581
324648, 10.326, 0.0150269, 0.000237613, 0.10256, -0.75437, -0.333562, 0.0399821, -0.000124495, 2.73712e-05, -3.19133e-05, 0.040346, 0.411309, 0.012632, 0.514245, 0.0350306, 0.197171, 0.928355, 0.198746, 0.314097, -0.116024, -0.647868, 0.752865, 0.353122, -0.735369, -0.578392, 0.000122087, 0.00134547, 0.000449697, 0.000664132, -0.00103091, 0.002093, 0.305927, 0.156993, 0.00124198, -2.35947, -1.2755, 2.13619, 1.20972, 0.00118074, -0.000693799, 0.00127188, 0.000380257, 0.000266047, -6.50511e-05, 0.000158643
334818, 10.336, 0.0150264, 0.000233328, 0.102557, -0.754375, -0.333551, 0.0399864, -0.000121526, 2.61914e-05, -3.18365e-05, 0.040346, 0.411309, 0.012632, 0.514244, 0.0350263, 0.197168, 0.92836, 0.198746, 0.314084, -0.116015, -0.647863, 0.75287, 0.353113, -0.735373, -0.578393, -0.000494672, -0.000741998, -0.000814278, -0.00140883, 0.00275558, -0.000456225, 0.305922, 0.156999, 0.0012392, -2.35947, -1.2755, 2.13619, 1.20971, -0.00075037, 0.00103166, -0.000208056, -0.000900596, -2.24677e-05, -0.000417766, -0.00123639
344970, 10.347, 0.0150273, 0.000232019, 0.10256, -0.754374, -0.333555, 0.0399818, -0.000122821, 2.65048e-05, -3.21318e-05, 0.040346, 0.411309, 0.012632, 0.514245, 0.035025, 0.197171, 0.928358, 0.198743, 0.314089, -0.116022, -0.647864, 0.752869, 0.353115, -0.735373, -0.578391, 1.15291e-05, 0.00068389, 0.000178387, 0.000989898, -0.00262149, -0.000458893, 0.305924, 0.156993, 0.00123431, -2.35947, -1.2755, 2.13619, 1.20971, 0.00109501, -0.000270012, 0.000280352, 6.20882e-05, -0.0001317, -0.000223603, 0.00313354
355113, 10.357, 0.0150272, 0.000228453, 0.102559, -0.754376, -0.33355, 0.0399779, -0.000122192, 2.62238e-05, -3.21564e-05, 0.040346, 0.411309, 0.012632, 0.514245, 0.0350215, 0.19717, 0.92836, 0.198737, 0.314087, -0.116024, -0.647862, 0.75287, 0.353108, -0.735376, -0.578391, 0.000145405, -0.000226558, -8.82833e-05, -0.000181596, -0.000441698, -0.000798622, 0.305921, 0.156996, 0.00123071, -2.35947, -1.2755, 2.13619, 1.20971, 0.00031154, 0.000624328, -0.000714621, 0.000493548, -0.000161521, -0.000233386, 0.000699454
365252, 10.367, 0.0150271, 0.000228402, 0.102559, -0.754375, -0.333553, 0.0399705, -0.000123687, 2.6803e-05, -3.22141e-05, 0.040346, 0.411309, 0.012632, 0.514245, 0.0350214, 0.19717, 0.928359, 0.198731, 0.314093, -0.116032, -0.647863, 0.752868, 0.353108, -0.735377, -0.578391, -0.000109189, 5.10085e-05, -0.000277782, 0.000333248, -0.00108768, -0.000922971, 0.305924, 0.156997, 0.00122777, -2.35947, -1.2755, 2.13619, 1.20972, 0.000838874, 0.000512503, -0.000621784, -0.000141729, -0.000218658, -5.45852e-05, 0.00223808
375396, 10.377, 0.0150235, 0.000222272, 0.102556, -0.754381, -0.33354, 0.0399744, -0.000120294, 2.54703e-05, -3.21061e-05, 0.040346, 0.411309, 0.012632, 0.514242, 0.0350153, 0.197167, 0.928365, 0.19873, 0.314078, -0.116024, -0.647858, 0.752873, 0.353097, -0.735382, -0.578391, -0.000110987, -0.000160515, -0.00025255, 0.000182588, -0.000165269, -0.000790649, 0.305918, 0.156995, 0.00122434, -2.35948, -1.2755, 2.13619, 1.20971, 0.000292926, 0.000375151, -0.000549141, -0.000173234, 7.20978e-05, 8.11534e-05, 0.0009132
385531, 10.387, 0.0150238, 0.000216861, 0.102555, -0.754383, -0.333536, 0.0399667, -0.000120082, 2.53925e-05, -3.20923e-05, 0.040346, 0.411309, 0.012632, 0.514242, 0.0350099, 0.197166, 0.928367, 0.19872, 0.314077, -0.11603, -0.647857, 0.752874, 0.353088, -0.735386, -0.578391, -0.000137468, -0.000373641, -0.000363776, 0.00014184, 0.000548526, -0.000754772, 0.305908, 0.156996, 0.00122391, -2.35948, -1.2755, 2.13619, 1.20971, -0.00173593, 0.000474556, 0.00101925, -0.000262048, -3.4007e-05, 0.00016978, 0.000256274
395667, 10.397, 0.0150237, 0.000218776, 0.102555, -0.754381, -0.333541, 0.0399618, -0.000121791, 2.60356e-05, -3.21832e-05, 0.040346, 0.411309, 0.012632, 0.514242, 0.0350118, 0.197166, 0.928365, 0.198718, 0.314085, -0.116037, -0.647859, 0.752871, 0.353091, -0.735385, -0.578391, -0.000571005, 0.00100515, -0.000184552, 0.000501157, 5.50552e-05, 0.00165132, 0.305915, 0.156996, 0.00122072, -2.35948, -1.2755, 2.13619, 1.20972, 0.00151882, -0.00076675, 0.000615073, -0.00142187, 0.000169483, 0.000263085, 0.000838741
405807, 10.407, 0.015024, 0.000209361, 0.102554, -0.754387, -0.333529, 0.0399571, -0.00011948, 2.49384e-05, -3.23568e-05, 0.040346, 0.411309, 0.012632, 0.514242, 0.0350024, 0.197165, 0.928371, 0.198708, 0.314075, -0.116037, -0.647853, 0.752876, 0.353077, -0.735392, -0.57839, -0.000104127, -0.000755103, -8.37765e-06, 0.00243169, -0.00497847, -0.00523817, 0.305906, 0.156999, 0.00121189, -2.35948, -1.2755, 2.13619, 1.20971, -0.000490233, -0.000385958, -0.000942172, -0.000552405, -4.01118e-05, 0.000252373, 0.00690064
415947, 10.417, 0.0150245, 0.000208189, 0.102553, -0.754383, -0.333528, 0.0399563, -0.000119534, 2.58992e-05, -3.11352e-05, 0.040346, 0.411309, 0.012632, 0.514243, 0.0350012, 0.197164, 0.928371, 0.198706, 0.314075, -0.116036, -0.647858, 0.752872, 0.353076, -0.735388, -0.578396, -0.000465718, -0.000547381, -0.000593406, -0.000611018, 0.00267401, 0.000587622, 0.305906, 0.157001, 0.00120595, -2.35948, -1.2755, 2.1362, 1.20971, -3.4999e-05, 0.00014783, -0.000979197, -0.00130878, -6.33443e-05, 0.000812001, -0.00187346
426093, 10.428, 0.0150259, 0.000203482, 0.102557, -0.754382, -0.333534, 0.0399375, -0.000122941, 2.71439e-05, -3.13651e-05, 0.040346, 0.411309, 0.012632, 0.514244, 0.0349965, 0.197168, 0.92837, 0.19869, 0.31409, -0.116058, -0.647861, 0.752866, 0.353073, -0.73539, -0.578395, 0.000674642, -0.00174362, 0.000838006, 0.000441892, -0.00287871, -0.0042328, 0.305897, 0.156993, 0.00120518, -2.35948, -1.2755, 2.1362, 1.20972, -0.000350311, -0.000798992, -0.00326528, 0.000985517, -0.000156322, -9.90718e-07, 0.00135441
436261, 10.438, 0.0150329, 0.000194466, 0.102568, -0.754382, -0.333542, 0.0399184, -0.000126821, 2.80032e-05, -3.2354e-05, 0.040346, 0.411309, 0.012632, 0.514251, 0.0349875, 0.197179, 0.928367, 0.198675, 0.314107, -0.116081, -0.647861, 0.752862, 0.353072, -0.735394, -0.57839, 0.000456286, -0.00272265, 0.000922926, -0.000242246, -0.00154774, -0.00506475, 0.305887, 0.156977, 0.00119412, -2.35947, -1.2755, 2.1362, 1.20971, -0.000955147, -0.00162204, -0.00438074, 8.25265e-05, 2.16554e-05, 2.4542e-05, -0.000382284
446413, 10.448, 0.0150316, 0.000179997, 0.102572, -0.754385, -0.333539, 0.0398885, -0.000129413, 2.87323e-05, -3.28122e-05, 0.040346, 0.411309, 0.012632, 0.51425, 0.034973, 0.197183, 0.92837, 0.198644, 0.314119, -0.11611, -0.647859, 0.752859, 0.353056, -0.735404, -0.578388, 3.5695e-05, -0.00183539, 0.000463111, 0.000598886, -0.00151648, -0.00429532, 0.305873, 0.156963, 0.00118176, -2.35948, -1.2755, 2.1362, 1.20972, -0.00182316, -0.00135842, -0.00169982, -0.00059468, 0.000312577, 0.000101811, 0.00103197
456542, 10.458, 0.0150341, 0.000165713, 0.102574, -0.754386, -0.333531, 0.0398729, -0.00012931, 2.9146e-05, -3.22178e-05, 0.040346, 0.411309, 0.012632, 0.514252, 0.0349587, 0.197185, 0.928374, 0.198625, 0.314118, -0.116123, -0.647859, 0.752857, 0.35304, -0.735409, -0.578391, 0.000819837, 0.00125599, 0.000160261, 0.0063982, -0.00184619, 0.00329715, 0.305863, 0.156958, 0.00116019, -2.35948, -1.2755, 2.13621, 1.20971, 0.000790907, -0.000883556, -0.00145161, 0.00061214, 0.000136687, 0.00732119, 8.25262e-05
466677, 10.468, 0.0150357, 0.00014541, 0.102575, -0.754395, -0.333518, 0.0398425, -0.000129605, 2.86835e-05, -3.29804e-05, 0.040346, 0.411309, 0.012632, 0.514254, 0.0349384, 0.197186, 0.928381, 0.19859, 0.314119, -0.116149, -0.647852, 0.752859, 0.353013, -0.735425, -0.578387, 0.000266496, -0.000416803, 0.000527962, 0.000278772, -0.000281501, 0.000170015, 0.30585, 0.156957, 0.00113433, -2.35948, -1.2755, 2.13621, 1.20971, 0.00101934, -0.00108972, -0.00223653, 6.00917e-07, -0.000117135, 0.000958887, -0.00125851
476822, 10.478, 0.0150339, 0.000115696, 0.102566, -0.754402, -0.333489, 0.0398086, -0.000126589, 2.90827e-05, -3.08226e-05, 0.040346, 0.411309, 0.012632, 0.514252, 0.0349087, 0.197177, 0.928396, 0.198542, 0.314106, -0.11617, -0.647851, 0.752857, 0.352968, -0.735439, -0.578397, 1.90957e-05, -0.00368063, -0.000420776, -0.000280466, 0.00182027, -0.00557701, 0.305824, 0.156966, 0.00109882, -2.35949, -1.2755, 2.13623, 1.20971, -0.00212486, 0.000196242, -0.00531543, -0.000818404, 4.33091e-05, 0.00163594, -0.00158553
486981, 10.488, 0.0150363, 8.03433e-05, 0.102566, -0.754417, -0.333463, 0.0397572, -0.000126282, 2.81724e-05, -3.18408e-05, 0.040346, 0.411309, 0.012632, 0.514254, 0.0348733, 0.197177, 0.928409, 0.198482, 0.314105, -0.116213, -0.647838, 0.752861, 0.352918, -0.735466, -0.578393, -0.00125108, -0.00434906, -0.00112178, -0.0023786, 0.00440204, -0.00659199, 0.305794, 0.156968, 0.00106125, -2.35949, -1.2755, 2.13623, 1.20971, -0.00279205, -0.000315859, -0.00452969, -0.00368476, 0.000296404, -0.000250823, -0.00182266
497175, 10.499, 0.0150359, 4.26104e-05, 0.102564, -0.754428, -0.333438, 0.0396978, -0.00012707, 2.88362e-05, -3.14048e-05, 0.040346, 0.411309, 0.012632, 0.514254, 0.0348356, 0.197175, 0.928423, 0.198412, 0.314108, -0.116263, -0.647833, 0.752858, 0.352866, -0.73549, -0.578394, 0.000443535, -0.00490205, 0.00064293, 0.000683804, -0.00237501, -0.0105037, 0.305758, 0.156965, 0.00102324, -2.3595, -1.2755, 2.13624, 1.20972, -0.00531423, -0.00134874, -0.0042927, -0.000184853, 0.000319577, 0.000319985, 0.00150339
507327, 10.509, 0.0150356, 7.89851e-06, 0.102563, -0.754438, -0.333413, 0.0396499, -0.000126581, 2.89638e-05, -3.09731e-05, 0.040346, 0.411309, 0.012632, 0.514254, 0.0348009, 0.197174, 0.928436, 0.198354, 0.314106, -0.116301, -0.647826, 0.752858, 0.352818, -0.735511, -0.578396, -0.000347361, -0.00140274, -0.000648769, 0.00301588, 0.000307579, -0.0021852, 0.305726, 0.15696, 0.0009869, -2.35951, -1.2755, 2.13625, 1.20972, -0.00290497, -0.000645427, -0.000896101, -0.00192184, 7.19578e-06, 0.0038613, 0.000953067
517475, 10.519, 0.0150402, -2.44267e-05, 0.102565, -0.75444, -0.333398, 0.0395988, -0.000128892, 3.11133e-05, -2.94302e-05, 0.040346, 0.411309, 0.012632, 0.514258, 0.0347686, 0.197176, 0.928445, 0.198295, 0.314116, -0.116346, -0.647829, 0.752848, 0.35278, -0.735524, -0.578403, 0.00114786, -0.00406621, 0.000593383, 0.00202969, -0.00243907, -0.00820579, 0.30569, 0.156954, 0.000952535, -2.35951, -1.2755, 2.13627, 1.20972, -0.00524311, -0.000194505, -0.00385812, 0.00157656, 1.94124e-05, 0.00221273, 0.000647922
527619, 10.529, 0.0150446, -4.11235e-05, 0.102565, -0.754409, -0.333405, 0.0395712, -0.000133715, 3.94789e-05, -2.11615e-05, 0.040346, 0.411309, 0.012632, 0.514263, 0.0347519, 0.197176, 0.928445, 0.19826, 0.314138, -0.116366, -0.647869, 0.752811, 0.352773, -0.735499, -0.57844, 0.00126453, -0.00174601, 0.000181603, 0.00797814, -0.00284424, -0.00234166, 0.305664, 0.156937, 0.000920281, -2.35952, -1.2755, 2.13634, 1.20972, -0.00370013, -0.0010598, -0.00359637, 0.000673829, -0.000133977, 0.00940659, 0.000802236
537766, 10.539, 0.0150647, -4.05155e-05, 0.102562, -0.754307, -0.333456, 0.0395576, -0.000147514, 6.34074e-05, 2.48127e-06, 0.040346, 0.411309, 0.012632, 0.514283, 0.0347525, 0.197173, 0.928429, 0.198239, 0.314199, -0.116371, -0.647991, 0.752705, 0.352813, -0.735397, -0.578545, 0.00175481, -0.00177484, -0.0002237, 0.0140063, -0.00255363, -0.00170312, 0.305629, 0.156924, 0.000878389, -2.35951, -1.2755, 2.13653, 1.20972, -0.00530138, -0.00124499, -0.00487136, 0.000861969, 0.00113354, 0.0163871, -0.00026729
547903, 10.549, 0.0150799, -4.56101e-05, 0.102556, -0.754215, -0.333494, 0.0395425, -0.000158293, 8.5301e-05, 2.51076e-05, 0.040346, 0.411309, 0.012632, 0.514298, 0.0347474, 0.197167, 0.928419, 0.198211, 0.314247, -0.116373, -0.648103, 0.752608, 0.35284, -0.735306, -0.578645, 0.00163335, -0.00218078, -0.00115052, 0.0157397, -0.00186314, -0.00153533, 0.305589, 0.156913, 0.000837082, -2.35951, -1.2755, 2.13671, 1.20972, -0.0063337, -0.000264951, -0.00553032, 7.38755e-05, 0.000285061, 0.0194216, 0.000659446
558402, 10.56, 0.0150931, -4.93045e-05, 0.102555, -0.75412, -0.333538, 0.0395272, -0.000170779, 0.000107746, 4.75155e-05, 0.040346, 0.411309, 0.012632, 0.514311, 0.0347437, 0.197166, 0.928405, 0.198187, 0.314302, -0.116379, -0.648218, 0.752509, 0.352873, -0.735211, -0.578744, 0.00200464, -0.00317111, 0.000338806, 0.0161126, -0.00419517, -0.00286283, 0.305553, 0.156884, 0.00079562, -2.35952, -1.2755, 2.13689, 1.20972, -0.00400866, -0.00348092, -0.0100385, -0.000378403, 0.00024781, 0.0200238, -8.80625e-05
568557, 10.57, 0.0151091, -4.79185e-05, 0.102556, -0.754027, -0.333589, 0.0395149, -0.000184287, 0.000129529, 6.84985e-05, 0.040346, 0.411309, 0.012632, 0.514327, 0.0347451, 0.197167, 0.928389, 0.198169, 0.314362, -0.116385, -0.648329, 0.752412, 0.352915, -0.735118, -0.578837, 0.0021633, 7.83173e-05, 0.00236921, 0.0162948, -0.00696422, 0.0035778, 0.305525, 0.156858, 0.000757609, -2.35952, -1.2755, 2.13706, 1.20972, -0.00278789, -0.00757743, -0.00476891, -0.000525354, -8.72436e-05, 0.0185176, -0.00110078
578689, 10.58, 0.0151276, -5.26509e-05, 0.102564, -0.753949, -0.333637, 0.0394872, -0.000198743, 0.000148498, 8.53017e-05, 0.040346, 0.411309, 0.012632, 0.514346, 0.0347403, 0.197175, 0.928373, 0.19814, 0.314426, -0.116411, -0.648422, 0.752328, 0.352947, -0.735044, -0.578912, 0.00127711, 0.000557209, 0.000879316, 0.00737446, -0.00443749, 0.000971679, 0.30549, 0.156831, 0.000723898, -2.35951, -1.2755, 2.1372, 1.20972, -0.00188316, -0.00184264, -0.000372208, 0.00125252, -7.67758e-05, 0.0072451, 0.00154844
588816, 10.59, 0.0151406, -5.97086e-05, 0.102566, -0.75388, -0.333675, 0.0394573, -0.000211026, 0.000165841, 0.000101166, 0.040346, 0.411309, 0.012632, 0.514359, 0.0347333, 0.197177, 0.928362, 0.198106, 0.31448, -0.116436, -0.648506, 0.752251, 0.352968, -0.734978, -0.578982, 0.00126245, 0.00212848, -0.000427921, 0.0105851, -0.00236416, 0.00527112, 0.305458, 0.15681, 0.000689686, -2.35951, -1.2755, 2.13733, 1.20973, 0.00032665, 6.58623e-05, -0.00130911, 0.00123772, 6.7075e-05, 0.0121715, 0.000904042
598946, 10.6, 0.0151527, -5.86099e-05, 0.102567, -0.753809, -0.333709, 0.0394553, -0.00021964, 0.000182097, 0.000117605, 0.040346, 0.411309, 0.012632, 0.514371, 0.0347344, 0.197178, 0.928351, 0.198098, 0.314518, -0.116432, -0.648591, 0.752179, 0.352999, -0.734906, -0.579055, 5.14537e-05, -0.000850864, -0.00123402, 0.00190037, 0.00247971, 0.000181603, 0.305422, 0.15679, 0.000674885, -2.35951, -1.2755, 2.13746, 1.20972, -0.000909825, 0.00181269, -0.00210743, -0.000246984, -0.000268342, 0.00409433, -0.00114448
609075, 10.611, 0.0151686, -5.33088e-05, 0.102577, -0.75374, -0.333764, 0.0394339, -0.000234771, 0.00019868, 0.000130925, 0.040346, 0.411309, 0.012632, 0.514387, 0.0347397, 0.197188, 0.928332, 0.198082, 0.314585, -0.116458, -0.648671, 0.752106, 0.353041, -0.734839, -0.579114, 0.000338635, -0.00183475, 0.000825407, 0.0028554, -0.00199989, -0.00318432, 0.305397, 0.156761, 0.000661903, -2.3595, -1.2755, 2.13757, 1.20973, -0.00357344, -0.00262754, -0.00111786, -0.000811765, 6.09349e-05, 0.00289444, 0.000135191
619247, 10.621, 0.0151808, -4.32074e-05, 0.102584, -0.753667, -0.333815, 0.0394324, -0.00024694, 0.000215359, 0.000145973, 0.040346, 0.411309, 0.012632, 0.514399, 0.0347498, 0.197195, 0.928313, 0.198082, 0.314639, -0.11646, -0.648757, 0.752032, 0.353089, -0.734764, -0.579181, 0.001245, -8.42977e-05, 0.00159067, 0.00770695, -0.00482531, 0.000187009, 0.305373, 0.15673, 0.000655483, -2.3595, -1.2755, 2.13769, 1.20973, -0.00249789, -0.00391558, -0.0010695, 0.000456255, 0.000279823, 0.00754195, 0.000441081
629373, 10.631, 0.015187, -3.75485e-05, 0.102587, -0.753609, -0.333849, 0.0394331, -0.000255003, 0.000228463, 0.000158606, 0.040346, 0.411309, 0.012632, 0.514405, 0.0347555, 0.197198, 0.928301, 0.198082, 0.314675, -0.116457, -0.648824, 0.751974, 0.353121, -0.734704, -0.579237, 0.000333026, 0.00182521, 0.000700559, 0.0162292, -0.00266786, 0.000414223, 0.305356, 0.156704, 0.000644456, -2.35951, -1.2755, 2.13779, 1.20973, -0.00104269, -0.00526904, -0.0011059, -0.00123946, 0.007059, 0.0139348, -0.000808248
639504, 10.641, 0.0151953, -2.8856e-05, 0.102593, -0.753558, -0.333885, 0.0394339, -0.000263606, 0.000239797, 0.000168646, 0.040346, 0.411309, 0.012632, 0.514413, 0.0347641, 0.197204, 0.928288, 0.198085, 0.314713, -0.116458, -0.648883, 0.751924, 0.353157, -0.734652, -0.579281, 0.0016862, 0.00176713, 0.00069652, 0.00186739, -0.00234844, 0.0145195, 0.305341, 0.156681, 0.000642727, -2.35951, -1.2755, 2.13787, 1.20973, 8.56852e-05, -0.00165586, -0.00036013, -0.000549838, -0.0105864, 0.00965343, -0.00138169
649644, 10.651, 0.0152024, -1.84461e-05, 0.102598, -0.753513, -0.333919, 0.0394388, -0.000271094, 0.000249794, 0.000177553, 0.040346, 0.411309, 0.012632, 0.51442, 0.0347746, 0.197209, 0.928275, 0.198092, 0.314746, -0.116455, -0.648934, 0.751879, 0.353191, -0.734604, -0.579321, 0.000164154, 0.00176131, -2.75503e-05, 0.00146329, -0.000363959, 0.00383669, 0.305329, 0.156661, 0.000645435, -2.35951, -1.2755, 2.13794, 1.20973, 6.45421e-05, 6.25811e-05, 0.00261841, 0.000336958, -0.000500052, 0.00149385, 9.70558e-05
659824, 10.661, 0.0152078, -1.15913e-05, 0.102602, -0.75348, -0.333945, 0.0394401, -0.00027702, 0.000257124, 0.000183846, 0.040346, 0.411309, 0.012632, 0.514426, 0.0347814, 0.197213, 0.928265, 0.198096, 0.314773, -0.116456, -0.648972, 0.751847, 0.353217, -0.73457, -0.579348, -8.73437e-05, 0.00242415, -0.00116937, 0.0111742, 0.000261311, 0.00135218, 0.305319, 0.156644, 0.000647451, -2.35951, -1.2755, 2.13799, 1.20973, -0.000470029, 0.000142271, 0.00137385, -4.13427e-05, 0.00540168, 0.00938022, 0.000706569
669954, 10.672, 0.0152137, 1.95022e-06, 0.1026, -0.753431, -0.333978, 0.0394479, -0.000283913, 0.00026804, 0.000194266, 0.040346, 0.411309, 0.012632, 0.514432, 0.034795, 0.197211, 0.928253, 0.198104, 0.314803, -0.116448, -0.649029, 0.751798, 0.353251, -0.734517, -0.579395, -0.000145871, 0.00242561, -0.00138149, 0.00611622, -0.000243181, 0.00477511, 0.305316, 0.156637, 0.00064445, -2.35951, -1.2755, 2.13807, 1.20974, 0.00115292, 0.00113351, 0.00106914, -0.000827448, -0.00014733, 0.0069485, 0.00249425
680083, 10.682, 0.0152151, 1.5509e-05, 0.10259, -0.753382, -0.333994, 0.0394808, -0.000284251, 0.000277587, 0.000206469, 0.040346, 0.411309, 0.012632, 0.514433, 0.0348085, 0.197201, 0.928247, 0.198129, 0.314805, -0.116406, -0.649086, 0.751756, 0.35328, -0.734461, -0.579449, 0.000320019, 0.00163182, -0.00148864, 0.00886744, 0.0016353, 0.00601652, 0.305312, 0.156637, 0.000641598, -2.35952, -1.2755, 2.13816, 1.20973, -0.000464333, 0.00068904, -0.0008025, -0.000840783, -4.11432e-05, 0.0118797, -0.00101216
690212, 10.692, 0.0152212, 5.12092e-05, 0.10258, -0.753304, -0.334042, 0.0395253, -0.000291027, 0.000293073, 0.000222877, 0.040346, 0.411309, 0.012632, 0.514439, 0.0348442, 0.197191, 0.928228, 0.198173, 0.314835, -0.11636, -0.649174, 0.751687, 0.353347, -0.734371, -0.579521, 0.000870048, 0.00612478, -0.00141179, 0.014302, -0.000693127, 0.0144065, 0.305322, 0.156639, 0.000653065, -2.35952, -1.2755, 2.13828, 1.20974, 0.00171069, 0.000544994, 0.00340598, 0.00028797, -0.000247912, 0.0167509, 0.000433539
700339, 10.702, 0.0152192, 8.26285e-05, 0.10256, -0.753229, -0.33407, 0.0395851, -0.000291462, 0.000307357, 0.000241166, 0.040346, 0.411309, 0.012632, 0.514437, 0.0348756, 0.197171, 0.928216, 0.198222, 0.314837, -0.116289, -0.64926, 0.751624, 0.353399, -0.734282, -0.579603, 0.00130729, 0.00478994, 0.000359966, 0.0155898, -0.00428366, 0.011149, 0.305328, 0.156645, 0.000661713, -2.35954, -1.2755, 2.13841, 1.20974, 0.00247337, -0.00324431, -0.00024695, -4.4493e-05, 0.000352847, 0.017181, 0.000719003
710463, 10.712, 0.0152202, 0.000120928, 0.102543, -0.753134, -0.334115, 0.0396506, -0.00029521, 0.00032589, 0.00026316, 0.040346, 0.411309, 0.012632, 0.514438, 0.0349139, 0.197154, 0.928199, 0.198279, 0.314853, -0.116214, -0.649368, 0.751542, 0.353471, -0.73417, -0.5797, 3.41483e-05, 0.00446306, -0.00256881, 0.0206046, -0.00311255, 0.00968986, 0.305337, 0.156642, 0.000668131, -2.35956, -1.2755, 2.13857, 1.20974, 0.000540248, -0.000756636, -0.000308271, -0.00349559, -0.000103181, 0.0233123, 0.00635818
720643, 10.722, 0.0152202, 0.00016922, 0.102515, -0.753007, -0.334168, 0.0397379, -0.000298731, 0.00035091, 0.000293679, 0.040346, 0.411309, 0.012632, 0.514438, 0.0349622, 0.197126, 0.928178, 0.198351, 0.314869, -0.116109, -0.649515, 0.751431, 0.353559, -0.734021, -0.579835, 0.00192364, 0.00703007, -0.00193324, 0.0249699, -0.00124658, 0.0188287, 0.305339, 0.156643, 0.000679798, -2.35959, -1.2755, 2.13879, 1.20974, -0.000293322, -0.000156302, 0.00183291, 0.000440104, -7.05949e-05, 0.0300122, -0.00077081
730785, 10.732, 0.0152234, 0.00021249, 0.102489, -0.752865, -0.334227, 0.0398151, -0.00030476, 0.000379612, 0.000327593, 0.040346, 0.411309, 0.012632, 0.514441, 0.0350055, 0.1971, 0.928156, 0.198411, 0.314896, -0.116013, -0.649679, 0.751304, 0.353649, -0.733859, -0.579986, 0.00274588, 0.00651129, -0.00176161, 0.0271363, -0.00339221, 0.0187735, 0.305336, 0.156639, 0.000674799, -2.35962, -1.2755, 2.13904, 1.20974, -0.00122443, 4.21505e-05, 0.00032106, 0.0013903, -0.00170535, 0.0331896, 0.000496334
740912, 10.741, 0.0152261, 0.000265089, 0.102457, -0.752694, -0.3343, 0.0399088, -0.000312251, 0.000414173, 0.000368286, 0.040346, 0.411309, 0.012632, 0.514444, 0.0350581, 0.197068, 0.928129, 0.198485, 0.314929, -0.115898, -0.649877, 0.751151, 0.353757, -0.733664, -0.580166, 0.00111052, 0.00518727, -0.0022, 0.0243694, -0.000783169, 0.0152249, 0.305333, 0.156629, 0.000670071, -2.35966, -1.2755, 2.13934, 1.20974, -0.000406885, -0.00139034, -0.00091928, -0.00212159, 3.72454e-05, 0.0297829, 0.000186019
751043, 10.753, 0.0152375, 0.000348143, 0.102413, -0.752403, -0.33443, 0.0400317, -0.000330594, 0.000474595, 0.000436524, 0.040346, 0.411309, 0.012632, 0.514455, 0.0351411, 0.197024, 0.928082, 0.198578, 0.31501, -0.115741, -0.650214, 0.750883, 0.353933, -0.73334, -0.580468, -0.000204934, 0.00929408, -0.00553779, 0.0452603, 0.0039584, 0.0201396, 0.305318, 0.156609, 0.00065867, -2.35971, -1.27549, 2.13984, 1.20975, -0.000419835, -0.00173014, -0.000242692, -0.0058211, 0.00954848, 0.05014, -0.000800225
761191, 10.763, 0.0152524, 0.000428312, 0.102368, -0.752108, -0.334564, 0.0401714, -0.000348207, 0.000535168, 0.000505289, 0.040346, 0.411309, 0.012632, 0.51447, 0.0352213, 0.196979, 0.928031, 0.198689, 0.315088, -0.115569, -0.650555, 0.750614, 0.354121, -0.733008, -0.580773, -0.000481562, 0.00805148, -0.00608228, 0.0427517, 0.00260278, 0.0245331, 0.30529, 0.15659, 0.000646953, -2.35976, -1.2755, 2.14036, 1.20975, -0.00251383, -0.0025498, -0.000656391, -0.0096305, 0.000534691, 0.0529059, 0.00257559
771327, 10.773, 0.0152676, 0.000518926, 0.102317, -0.751769, -0.334722, 0.0403059, -0.000371951, 0.00060618, 0.000584141, 0.040346, 0.411309, 0.012632, 0.514486, 0.0353119, 0.196928, 0.927974, 0.198791, 0.315193, -0.115399, -0.650948, 0.7503, 0.354327, -0.732631, -0.581123, -0.000225429, 0.0102589, -0.00735226, 0.0456408, 0.0038886, 0.0299279, 0.305268, 0.156563, 0.000623709, -2.35982, -1.2755, 2.14095, 1.20977, 0.000393667, 9.13453e-05, -0.00107717, -0.00875441, -6.87225e-06, 0.0574285, 0.00268924
781478, 10.783, 0.0152886, 0.000614403, 0.102271, -0.751408, -0.334888, 0.0404462, -0.000397164, 0.000681811, 0.000668062, 0.040346, 0.411309, 0.012632, 0.514507, 0.0354074, 0.196882, 0.927913, 0.198896, 0.315305, -0.115219, -0.651366, 0.749964, 0.354544, -0.732231, -0.581495, 0.0024784, 0.00924295, -0.00559356, 0.053834, -0.00205145, 0.0267461, 0.305222, 0.156529, 0.000618208, -2.35987, -1.27549, 2.14157, 1.20977, -0.00744313, -0.000854475, 0.000693777, -0.0037613, 0.000842886, 0.0641533, 0.0029784
