timestamp, robot_time[1], robot_ee_pos_error[3], robot_ee_ori_error[3], sensed_forces_moments[6], robot_ee_position[3], robot_ee_orientation[9], robot_ee_linear_velocity[3], robot_ee_angular_velocity[3], joint_angles[7], joint_velocities[7], 
10563, 10.0118, 0.0149715, 0.00690508, 0.0524805, 0.0539077, 0.412644, -0.712319, -1.17352e-05, -0.00026953, -3.01537e-05, 0.040346, 0.411309, 0.012632, 0.514189, 0.0416981, 0.147091, 0.565465, -0.698429, -0.438687, -0.733659, -0.668954, 0.119351, -0.37682, 0.254358, -0.890679, -0.000731566, 0.0022934, -8.8216e-06, 0.000516764, 0.000805143, 0.00401737, 0.231302, 0.389689, -0.246668, -2.01949, 0.372877, 1.96177, 0.622973, 0.00285679, -0.00108064, 0.00158752, -0.00158837, -0.000253742, -2.14138e-05, 0.00039299
21042, 10.0218, 0.0149714, 0.0069056, 0.0524805, 0.0539077, 0.412644, -0.712318, -1.17083e-05, -0.000269431, -3.01537e-05, 0.040346, 0.411309, 0.012632, 0.514189, 0.0416986, 0.147091, 0.565467, -0.698427, -0.438687, -0.733658, -0.668956, 0.119351, -0.37682, 0.254357, -0.890679, -0.00041206, 0.0010156, -7.42983e-05, 0.000255555, 0.000629772, 0.00207422, 0.231303, 0.389689, -0.246668, -2.01949, 0.372877, 1.96177, 0.622972, 0.00148012, -0.000364592, 0.00049873, -0.000764402, -0.00013844, -0.000200829, -7.88496e-05
32423, 10.0338, 0.0149759, 0.00690605, 0.0524837, 0.0539129, 0.412637, -0.712316, -1.2742e-05, -0.000267171, -2.93418e-05, 0.040346, 0.411309, 0.012632, 0.514194, 0.0416991, 0.147095, 0.565475, -0.698424, -0.438682, -0.733656, -0.668959, 0.119341, -0.376811, 0.254358, -0.890683, 3.00329e-05, 0.00126736, 0.000256946, 0.000772339, -0.00117839, 0.00374303, 0.231303, 0.389689, -0.246668, -2.01948, 0.372878, 1.96177, 0.622967, 0.00209772, -0.00059763, 0.000340608, -0.000108863, 1.22749e-05, 0.000349907, -0.00157742
42815, 10.0438, 0.0149763, 0.00690164, 0.0524838, 0.0539116, 0.412635, -0.712323, -1.32948e-05, -0.000267887, -2.91655e-05, 0.040346, 0.411309, 0.012632, 0.514194, 0.0416946, 0.147095, 0.565468, -0.698431, -0.43868, -0.733663, -0.668951, 0.119344, -0.376809, 0.254358, -0.890683, -0.000280877, -0.000322323, -0.000159165, 0.000312315, 0.000476783, -0.000221711, 0.2313, 0.389689, -0.246673, -2.01948, 0.372877, 1.96177, 0.622971, -0.0006996, -0.000153662, 8.33336e-05, -0.000740527, 4.44387e-05, -2.82143e-05, -0.000558664
53175, 10.0548, 0.0149765, 0.00690129, 0.0524844, 0.0539136, 0.412634, -0.712321, -1.32464e-05, -0.000267223, -2.91004e-05, 0.040346, 0.411309, 0.012632, 0.514195, 0.0416943, 0.147095, 0.56547, -0.698429, -0.43868, -0.733662, -0.668953, 0.119341, -0.376808, 0.254359, -0.890684, 4.37268e-05, -0.000741186, 0.000353357, 0.000660675, -0.00071162, -0.000722363, 0.2313, 0.389688, -0.246674, -2.01948, 0.372878, 1.96177, 0.622967, -0.00121199, -0.000908875, -0.000333423, -0.000395144, 0.000205456, -0.000104131, -0.00108769
63477, 10.0648, 0.014977, 0.00689248, 0.052484, 0.0539124, 0.412631, -0.712332, -1.39366e-05, -0.000268076, -2.88747e-05, 0.040346, 0.411309, 0.012632, 0.514195, 0.0416855, 0.147095, 0.565459, -0.69844, -0.438677, -0.733672, -0.668941, 0.119345, -0.376804, 0.254361, -0.890685, -8.85195e-05, -0.000823573, 0.000679927, 0.000303161, -0.000208978, -0.000713047, 0.231292, 0.389689, -0.246682, -2.01948, 0.372876, 1.96177, 0.622968, -0.0005906, -0.00152877, -0.00110133, -0.000428089, -0.000266309, -0.00114691, -0.000626921
73745, 10.0748, 0.0149767, 0.00689072, 0.0524826, 0.0539101, 0.412632, -0.712335, -1.39344e-05, -0.000268985, -2.89976e-05, 0.040346, 0.411309, 0.012632, 0.514195, 0.0416837, 0.147094, 0.565455, -0.698444, -0.438677, -0.733675, -0.668938, 0.119349, -0.376806, 0.25436, -0.890684, -0.000713359, -9.95084e-05, -0.00146161, -0.000472009, 0.00289653, 0.000165782, 0.231292, 0.389692, -0.246685, -2.01948, 0.372876, 1.96177, 0.62297, -6.82662e-05, 0.00245393, 0.000123419, -0.000642398, -1.0851e-05, 9.45306e-05, -0.000209449
83963, 10.0848, 0.014976, 0.00688733, 0.0524801, 0.0539076, 0.412634, -0.712339, -1.37292e-05, -0.000270187, -2.92597e-05, 0.040346, 0.411309, 0.012632, 0.514194, 0.0416803, 0.147091, 0.565448, -0.698449, -0.438678, -0.733678, -0.668932, 0.119354, -0.376809, 0.25436, -0.890683, -0.000334903, 5.619e-05, -0.0007597, -0.000539669, 0.00149309, 0.000475846, 0.231289, 0.389697, -0.246688, -2.01948, 0.372876, 1.96177, 0.622971, 0.000499495, 0.00139905, -0.000189394, -0.000144265, -0.000219361, 9.34991e-06, -6.26481e-06
94165, 10.0949, 0.0149768, 0.00688582, 0.0524818, 0.0539079, 0.412631, -0.712344, -1.43362e-05, -0.000270219, -2.8965e-05, 0.040346, 0.411309, 0.012632, 0.514195, 0.0416788, 0.147093, 0.565444, -0.698454, -0.438675, -0.733683, -0.668927, 0.119354, -0.376805, 0.254361, -0.890684, 0.000373261, 0.000637383, 0.000615356, 6.30712e-05, -0.000949629, 0.000724769, 0.231289, 0.389694, -0.246691, -2.01948, 0.372876, 1.96177, 0.622976, 0.00133037, -0.000609972, -0.000267701, 0.000904542, 0.00011408, -0.00047516, 0.000487042
104426, 10.1058, 0.0149762, 0.00688518, 0.0524802, 0.053908, 0.412633, -0.712341, -1.38835e-05, -0.000270113, -2.91738e-05, 0.040346, 0.411309, 0.012632, 0.514194, 0.0416782, 0.147091, 0.565447, -0.69845, -0.438677, -0.73368, -0.668931, 0.119354, -0.376807, 0.254361, -0.890683, -0.000375941, -0.000755063, -0.000639737, 1.14464e-05, 0.00117517, -0.00115569, 0.231288, 0.389697, -0.246691, -2.01948, 0.372876, 1.96177, 0.622969, -0.00191494, 0.000702086, 0.000585504, -0.000810215, -0.000105318, 0.000312569, -0.000297849
114777, 10.1158, 0.0149761, 0.00688687, 0.0524801, 0.053909, 0.412634, -0.712338, -1.35096e-05, -0.000269807, -2.9317e-05, 0.040346, 0.411309, 0.012632, 0.514194, 0.0416799, 0.147091, 0.565449, -0.698447, -0.438679, -0.733677, -0.668934, 0.119352, -0.376809, 0.254361, -0.890683, -0.000144819, 5.37499e-05, -0.000147759, 0.000590402, 0.00012521, 0.0012368, 0.231286, 0.389697, -0.246686, -2.01948, 0.372876, 1.96177, 0.622968, 0.000189976, 0.000185619, -0.000113042, -0.000193063, 0.000154878, -0.000139363, -0.00141543
125077, 10.1258, 0.0149719, 0.00688476, 0.0524775, 0.0539039, 0.412639, -0.712341, -1.28571e-05, -0.00027188, -2.99162e-05, 0.040346, 0.411309, 0.012632, 0.514194, 0.0416809, 0.147091, 0.565447, -0.698448, -0.438679, -0.733678, -0.668932, 0.119355, -0.37681, 0.25436, -0.890682, 0.000416119, 0.00224705, 0.000201325, -0.00186591, 0.00135802, -0.00469155, 0.231288, 0.389698, -0.246686, -2.01948, 0.372876, 1.96177, 0.622972, -6.38887e-05, 0.000272581, 0.00405681, 0.00141822, 0.000335585, 0.000187383, 0.00924688
135465, 10.1368, 0.0149765, 0.00688897, 0.0524817, 0.0539083, 0.412632, -0.712337, -1.40628e-05, -0.000269641, -2.90223e-05, 0.040346, 0.411309, 0.012632, 0.514194, 0.041682, 0.147093, 0.565451, -0.698447, -0.438677, -0.733677, -0.668935, 0.119352, -0.376807, 0.254359, -0.890684, 0.000145293, 0.00277159, 0.000690075, -0.000343678, -0.00138108, 0.00437606, 0.231293, 0.389694, -0.246689, -2.01948, 0.372876, 1.96177, 0.622971, 0.00639776, -0.00114472, -0.0011095, 0.000214518, 0.000270989, 0.000172416, 0.000886041
145590, 10.1468, 0.0149758, 0.00688668, 0.0524796, 0.0539073, 0.412635, -0.712339, -1.35736e-05, -0.000270314, -2.93534e-05, 0.040346, 0.411309, 0.012632, 0.514194, 0.0416797, 0.147091, 0.565448, -0.698448, -0.438679, -0.733678, -0.668933, 0.119355, -0.37681, 0.25436, -0.890683, 0.000226645, -0.000467695, 0.000147194, 6.10993e-05, -0.000567019, -0.000681862, 0.231286, 0.389698, -0.246686, -2.01948, 0.372875, 1.96177, 0.62297, -0.00114817, -9.64248e-05, 0.00024434, 0.000342443, -0.00011677, 0.000126644, -0.000160597
155713, 10.1568, 0.0149727, 0.00688424, 0.0524796, 0.0539068, 0.412637, -0.712337, -1.31883e-05, -0.000270559, -2.9576e-05, 0.040346, 0.411309, 0.012632, 0.514191, 0.0416772, 0.147091, 0.565448, -0.698447, -0.43868, -0.733677, -0.668934, 0.119356, -0.376812, 0.25436, -0.890682, -0.000795913, -0.000255518, -0.000321039, 0.000226336, 0.00085516, 0.000508723, 0.231288, 0.389692, -0.246692, -2.01949, 0.372874, 1.96177, 0.622964, 4.03469e-05, -0.000839496, -0.000346548, -0.00235148, -0.000180692, 0.000402661, -0.00105384
165836, 10.1668, 0.0149776, 0.0068788, 0.0524829, 0.0539107, 0.412628, -0.712347, -1.47707e-05, -0.000269427, -2.8645e-05, 0.040346, 0.411309, 0.012632, 0.514196, 0.0416718, 0.147094, 0.565443, -0.698456, -0.438673, -0.733687, -0.668924, 0.119351, -0.3768, 0.254363, -0.890686, 0.00057411, -0.00098743, 0.000389791, -2.73138e-05, -0.00154977, -0.000741712, 0.23128, 0.389692, -0.246695, -2.01948, 0.372874, 1.96177, 0.622968, -0.00142442, -0.000143895, -0.000434865, 0.000979303, -0.000287812, 0.000193051, -0.000913669
175992, 10.1768, 0.014978, 0.00687511, 0.0524829, 0.0539106, 0.412626, -0.712353, -1.50596e-05, -0.000269849, -2.85591e-05, 0.040346, 0.411309, 0.012632, 0.514196, 0.0416681, 0.147094, 0.565436, -0.698462, -0.438672, -0.733693, -0.668917, 0.119353, -0.376798, 0.254365, -0.890686, 0.000583255, -0.00153452, 3.53937e-05, -0.000551371, -0.000942346, -0.00164631, 0.231276, 0.389692, -0.246698, -2.01948, 0.372874, 1.96177, 0.622971, -0.00162585, 0.000798625, -0.00119349, 0.00130539, -0.000315792, 0.000128836, -0.000843609
186113, 10.1878, 0.014979, 0.00687271, 0.0524852, 0.0539141, 0.412622, -0.712354, -1.5526e-05, -0.000268665, -2.81708e-05, 0.040346, 0.411309, 0.012632, 0.514197, 0.0416657, 0.147096, 0.565438, -0.698462, -0.43867, -0.733694, -0.668916, 0.119347, -0.376793, 0.254366, -0.890688, 0.000648415, -2.22935e-05, 0.00167602, 0.0019541, -0.00399121, 0.0029635, 0.231276, 0.389688, -0.246703, -2.01948, 0.372875, 1.96177, 0.622966, 0.000246733, -0.00306603, -0.000572125, 0.000286772, 4.8762e-05, -0.000262406, -0.00360779
196233, 10.1978, 0.0149789, 0.00687082, 0.0524846, 0.0539117, 0.412622, -0.712358, -1.57689e-05, -0.000269582, -2.8174e-05, 0.040346, 0.411309, 0.012632, 0.514197, 0.0416638, 0.147096, 0.565432, -0.698467, -0.438669, -0.733698, -0.668911, 0.119351, -0.376794, 0.254365, -0.890688, 0.000325024, 8.96425e-05, 0.000229422, 0.000454293, -0.00115212, 0.00181675, 0.231273, 0.389689, -0.246703, -2.01948, 0.372873, 1.96177, 0.622971, 0.000410579, 4.2746e-05, -0.000234113, 0.000773556, -0.000110601, -9.30697e-06, -0.00164861
206354, 10.2078, 0.0149779, 0.00686986, 0.0524819, 0.053908, 0.412625, -0.712359, -1.544e-05, -0.000270902, -2.85129e-05, 0.040346, 0.411309, 0.012632, 0.514196, 0.0416629, 0.147093, 0.565429, -0.698469, -0.438671, -0.733698, -0.66891, 0.119357, -0.376798, 0.254364, -0.890686, 0.00141785, 0.000320829, 0.00303844, 0.00121714, -0.00580086, -6.09403e-05, 0.23127, 0.389694, -0.246701, -2.01948, 0.372871, 1.96177, 0.622973, 1.32305e-05, -0.0051198, 4.28328e-05, 0.00132474, 3.73326e-05, -0.000442323, 0.000313978
216474, 10.2178, 0.0149771, 0.00687083, 0.0524799, 0.0539061, 0.412628, -0.712358, -1.50321e-05, -0.000271514, -2.87958e-05, 0.040346, 0.411309, 0.012632, 0.514195, 0.0416638, 0.147091, 0.565429, -0.698467, -0.438672, -0.733696, -0.668912, 0.11936, -0.376802, 0.254363, -0.890685, -0.000773864, 0.000254547, -0.00286236, -0.00199804, 0.00558958, -0.0010317, 0.231273, 0.389698, -0.246702, -2.01948, 0.372872, 1.96177, 0.622972, 0.000871049, 0.00609525, 1.901e-05, 0.000756648, 0.000253631, 9.04353e-05, 0.0020099
226619, 10.2278, 0.0149787, 0.00686528, 0.0524832, 0.05391, 0.412622, -0.712365, -1.59073e-05, -0.000270546, -2.82351e-05, 0.040346, 0.411309, 0.012632, 0.514197, 0.0416583, 0.147094, 0.565424, -0.698474, -0.438668, -0.733704, -0.668904, 0.119356, -0.376794, 0.254366, -0.890687, 0.000675934, 0.000370522, 0.000523826, 4.47181e-05, -0.00164164, 2.60099e-05, 0.231267, 0.389692, -0.246707, -2.01948, 0.372872, 1.96177, 0.622972, 0.000708874, -0.000141466, -0.00016447, 0.00137447, 0.000393433, 0.000201215, 0.000379243
236739, 10.2378, 0.0149794, 0.00686647, 0.0524848, 0.0539145, 0.41262, -0.712363, -1.581e-05, -0.000269193, -2.81018e-05, 0.040346, 0.411309, 0.012632, 0.514197, 0.0416595, 0.147096, 0.565427, -0.698471, -0.438669, -0.733704, -0.668906, 0.11935, -0.37679, 0.254369, -0.890688, -0.000560686, 8.17085e-05, -0.000132354, 0.000117957, 0.000734764, 0.000652855, 0.23127, 0.389689, -0.246709, -2.01948, 0.372876, 1.96177, 0.622968, 0.00135653, -0.00057908, -0.00115778, -0.00146407, 0.000179476, -0.00013525, -0.000688478
246858, 10.248, 0.01498, 0.00686496, 0.0524863, 0.0539155, 0.412618, -0.712368, -1.61682e-05, -0.000269131, -2.79171e-05, 0.040346, 0.411309, 0.012632, 0.514198, 0.041658, 0.147097, 0.565423, -0.698475, -0.438667, -0.733708, -0.6689, 0.119349, -0.376787, 0.254371, -0.890689, -0.000169708, -0.000183596, 7.92279e-05, -0.000132286, 0.000144881, -0.00149807, 0.231265, 0.389686, -0.246707, -2.01948, 0.372875, 1.96177, 0.622973, -0.000489986, -0.000692961, 0.0001052, -0.000853205, 0.000165494, 0.00028778, 0.000964582
256978, 10.2578, 0.0149794, 0.00686586, 0.0524848, 0.0539144, 0.41262, -0.712364, -1.57963e-05, -0.000269323, -2.81258e-05, 0.040346, 0.411309, 0.012632, 0.514197, 0.0416589, 0.147096, 0.565426, -0.698472, -0.438669, -0.733704, -0.668905, 0.11935, -0.37679, 0.25437, -0.890688, -0.000102643, 0.000102454, -0.00021295, -0.00157932, 0.001312, -0.00341754, 0.231267, 0.389689, -0.246707, -2.01948, 0.372875, 1.96177, 0.622969, 5.78592e-06, 0.000279631, 0.000245908, -0.000188929, -2.62545e-05, 0.000215402, 0.00406233
267099, 10.2678, 0.0149804, 0.00686515, 0.0524877, 0.0539163, 0.412616, -0.712362, -1.65383e-05, -0.000268191, -2.76088e-05, 0.040346, 0.411309, 0.012632, 0.514198, 0.0416582, 0.147099, 0.565432, -0.698469, -0.438666, -0.733703, -0.668908, 0.119345, -0.376786, 0.254369, -0.89069, -0.000778775, 0.00071519, 0.00093682, 0.00195915, 0.00223784, 0.00207739, 0.231266, 0.389683, -0.246707, -2.01948, 0.372872, 1.96177, 0.622966, 0.000303462, -0.00210082, 0.000471457, -0.000496862, -0.000102899, -0.00412953, -0.000731826
277218, 10.2788, 0.0149835, 0.00686491, 0.0524869, 0.0539162, 0.412614, -0.712366, -1.70118e-05, -0.000268274, -2.73868e-05, 0.040346, 0.411309, 0.012632, 0.514202, 0.0416579, 0.147098, 0.565429, -0.698473, -0.438664, -0.733706, -0.668904, 0.119346, -0.376783, 0.254369, -0.890691, 0.00041276, -0.000880983, -0.000432633, -0.000708991, 0.000611957, -0.00216692, 0.231265, 0.389691, -0.246707, -2.01947, 0.372874, 1.96177, 0.62297, -0.00102009, 0.0019522, -0.000688583, 0.00167385, 0.000212055, -0.000308075, 0.000627239
287337, 10.2888, 0.0149792, 0.00686626, 0.0524847, 0.0539105, 0.41262, -0.712363, -1.63121e-05, -0.000270015, -2.79645e-05, 0.040346, 0.411309, 0.012632, 0.514197, 0.0416593, 0.147096, 0.565428, -0.698472, -0.438667, -0.733702, -0.668907, 0.119353, -0.376792, 0.254365, -0.890689, -0.000490343, -0.000468295, -0.000387673, -0.000990367, 0.00161785, -0.00115094, 0.23127, 0.389689, -0.246708, -2.01948, 0.372871, 1.96177, 0.622971, 8.41505e-05, 0.000215941, -0.000756465, -0.00090574, -0.000533973, -0.000296522, 0.000999185
297457, 10.2988, 0.0149779, 0.00687227, 0.0524828, 0.0539091, 0.412625, -0.71235, -1.54312e-05, -0.000269763, -2.83646e-05, 0.040346, 0.411309, 0.012632, 0.514196, 0.0416653, 0.147094, 0.565441, -0.698459, -0.438671, -0.733689, -0.668921, 0.119352, -0.376799, 0.254361, -0.890687, -0.00103375, 0.000862523, -0.00109883, 0.000621662, 0.00262948, 0.00250929, 0.231273, 0.389692, -0.246699, -2.01948, 0.372869, 1.96177, 0.622964, 0.000485534, 0.00106692, 0.00129992, -0.00161749, -4.83513e-05, -0.000131809, -0.00102724
307577, 10.3088, 0.0149795, 0.00686962, 0.0524861, 0.0539151, 0.41262, -0.71236, -1.57962e-05, -0.000268798, -2.80556e-05, 0.040346, 0.411309, 0.012632, 0.514198, 0.0416626, 0.147097, 0.565431, -0.698468, -0.438669, -0.733701, -0.668909, 0.119348, -0.37679, 0.254369, -0.890688, -0.000175037, -0.000746146, 7.7165e-05, -0.00021545, 0.000550596, -0.00244063, 0.231268, 0.389686, -0.246701, -2.01948, 0.372874, 1.96177, 0.622971, -0.00101149, -0.000526605, -0.000496263, -0.000667143, 0.000188763, -0.000235777, 0.000906353
317696, 10.3188, 0.0149787, 0.00687095, 0.0524845, 0.053911, 0.412623, -0.712353, -1.57899e-05, -0.000269343, -2.81318e-05, 0.040346, 0.411309, 0.012632, 0.514197, 0.0416639, 0.147095, 0.565438, -0.698462, -0.438669, -0.733693, -0.668917, 0.11935, -0.376795, 0.254363, -0.890688, -0.00125738, 0.00111561, -0.000654164, 0.00141956, 0.00519654, 0.00259126, 0.231272, 0.389689, -0.246701, -2.01948, 0.37287, 1.96177, 0.622966, 0.00111554, 0.00124957, 0.000578324, -0.000147531, 0.00026852, -0.00414549, -0.00055255
327818, 10.3288, 0.0149801, 0.00687017, 0.0524877, 0.0539161, 0.412618, -0.712359, -1.62146e-05, -0.000268137, -2.7761e-05, 0.040346, 0.411309, 0.012632, 0.514198, 0.0416632, 0.147099, 0.565435, -0.698466, -0.438667, -0.733699, -0.668911, 0.119345, -0.376788, 0.254368, -0.89069, 0.00077926, -0.000622443, 0.000637635, -0.000835156, -0.00254612, -0.0025554, 0.231272, 0.389683, -0.246704, -2.01948, 0.372874, 1.96177, 0.622969, -0.000356905, -0.000896025, -0.000797953, 0.00052255, 0.000185964, 0.00146934, 0.00127862
337977, 10.3388, 0.0149799, 0.00686848, 0.0524875, 0.0539139, 0.412618, -0.712358, -1.64972e-05, -0.000268579, -2.7681e-05, 0.040346, 0.411309, 0.012632, 0.514198, 0.0416615, 0.147098, 0.565435, -0.698466, -0.438666, -0.733698, -0.668912, 0.119347, -0.376789, 0.254365, -0.89069, -0.000763365, -0.000580757, -0.00024529, -0.000196505, 0.00170292, -0.00255962, 0.231267, 0.389683, -0.246701, -2.01948, 0.372869, 1.96177, 0.622969, -0.00132144, -0.000874354, 0.000217208, -0.00214955, 4.24049e-05, -5.26838e-05, 0.00136632
348097, 10.3488, 0.01498, 0.00687437, 0.0524886, 0.0539174, 0.412619, -0.71235, -1.60073e-05, -0.000267157, -2.77317e-05, 0.040346, 0.411309, 0.012632, 0.514198, 0.0416674, 0.1471, 0.565445, -0.698457, -0.438668, -0.733691, -0.668921, 0.119341, -0.376789, 0.254366, -0.89069, 0.000256619, 0.00122719, 0.000607747, 0.000833049, -0.00153706, 0.00213525, 0.231275, 0.389681, -0.246699, -2.01948, 0.372873, 1.96177, 0.622964, 0.000883531, -0.0011427, 0.00131347, 0.000197073, 0.000138686, 0.000300526, -0.000188511
358217, 10.3598, 0.014984, 0.00687108, 0.0524902, 0.0539143, 0.412611, -0.712355, -1.7982e-05, -0.00026736, -2.67864e-05, 0.040346, 0.411309, 0.012632, 0.514202, 0.0416641, 0.147101, 0.565444, -0.698463, -0.438659, -0.733695, -0.668917, 0.119342, -0.376782, 0.254361, -0.890694, 0.00154174, -0.000152001, -0.000256676, -0.00229123, -0.00507019, -0.00101693, 0.231275, 0.389684, -0.246704, -2.01947, 0.372868, 1.96177, 0.622969, 0.00130144, 0.00134067, -0.000929382, 0.00140842, 9.1122e-05, 0.00534097, 0.000755861
368337, 10.3698, 0.0149799, 0.00687116, 0.0524879, 0.0539142, 0.412618, -0.712354, -1.64196e-05, -0.000268202, -2.76687e-05, 0.040346, 0.411309, 0.012632, 0.514198, 0.0416642, 0.147099, 0.56544, -0.698462, -0.438666, -0.733695, -0.668916, 0.119345, -0.376789, 0.254364, -0.89069, -0.00103837, 0.00095721, -0.000367911, 0.00104528, 0.00478123, 0.000283945, 0.23127, 0.389682, -0.246699, -2.01948, 0.372869, 1.96177, 0.622968, -0.000323669, 0.000641769, 0.00165322, -0.00010712, 0.000230195, -0.0037233, 0.00149884
378457, 10.3798, 0.0149805, 0.00686556, 0.0524882, 0.053916, 0.412616, -0.712361, -1.67245e-05, -0.000268108, -2.7506e-05, 0.040346, 0.411309, 0.012632, 0.514199, 0.0416586, 0.147099, 0.565433, -0.698469, -0.438665, -0.733701, -0.668909, 0.119345, -0.376785, 0.254367, -0.890691, -0.00149865, -0.000396516, -0.000175789, -0.00232792, 0.00935601, -0.00907743, 0.231267, 0.389682, -0.246707, -2.01948, 0.372871, 1.96177, 0.622966, -0.000834504, 0.000471088, -0.000604948, -5.26536e-05, -8.1932e-05, -0.00670784, 0.00988574
388575, 10.3898, 0.0149809, 0.00686262, 0.0524892, 0.0539161, 0.412614, -0.712363, -1.71681e-05, -0.000267958, -2.72673e-05, 0.040346, 0.411309, 0.012632, 0.514199, 0.0416556, 0.1471, 0.565433, -0.69847, -0.438663, -0.733703, -0.668907, 0.119344, -0.376783, 0.254367, -0.890692, -0.000296213, -0.000867676, -0.000163508, -0.000410067, 0.00149565, -0.00363713, 0.231262, 0.38968, -0.246707, -2.01948, 0.372868, 1.96177, 0.622965, -0.00195699, -8.86874e-05, 0.000189201, -0.000663493, 0.000174313, -0.000442466, 0.00194922
398695, 10.3998, 0.0149806, 0.00686382, 0.0524886, 0.0539149, 0.412615, -0.712356, -1.71148e-05, -0.000267786, -2.72705e-05, 0.040346, 0.411309, 0.012632, 0.514199, 0.0416568, 0.1471, 0.56544, -0.698464, -0.438663, -0.733697, -0.668914, 0.119343, -0.376785, 0.254364, -0.890692, -0.000243104, -0.000276797, -0.000186955, 8.224e-05, 0.000387111, 0.000818899, 0.231265, 0.389681, -0.246707, -2.01948, 0.372866, 1.96177, 0.622959, -0.000234162, 6.61524e-05, -0.000158914, -0.000466757, -0.000397281, -0.000117662, -0.00104792
408814, 10.4098, 0.0149806, 0.00686062, 0.0524878, 0.0539126, 0.412614, -0.712365, -1.74453e-05, -0.000269005, -2.72712e-05, 0.040346, 0.411309, 0.012632, 0.514199, 0.0416536, 0.147099, 0.56543, -0.698473, -0.438662, -0.733705, -0.668905, 0.119349, -0.376785, 0.254365, -0.890692, 0.000627571, -0.000631889, 0.000138579, -0.00132565, -0.000945583, -0.00146483, 0.231265, 0.389683, -0.246713, -2.01948, 0.372867, 1.96177, 0.622966, 0.000702306, 0.000700602, -0.00176767, 0.00141351, -0.000175884, 0.000305305, 0.000834789
418933, 10.4198, 0.0149786, 0.00686446, 0.0524892, 0.0539125, 0.412622, -0.712358, -1.57322e-05, -0.000269356, -2.81619e-05, 0.040346, 0.411309, 0.012632, 0.514197, 0.0416575, 0.1471, 0.565433, -0.698466, -0.438669, -0.733698, -0.668912, 0.11935, -0.376793, 0.254366, -0.890688, -0.000428907, 0.000176229, -7.82371e-06, 0.00114098, 0.00125911, -0.0014372, 0.231265, 0.38968, -0.246707, -2.01948, 0.372866, 1.96176, 0.622965, -0.000294291, -0.000456243, 0.000153642, -0.000870427, 0.0013393, -0.000852246, 0.000401757
429052, 10.4298, 0.0149799, 0.0068664, 0.0524875, 0.053913, 0.412617, -0.712355, -1.68113e-05, -0.00026835, -2.74956e-05, 0.040346, 0.411309, 0.012632, 0.514198, 0.0416594, 0.147099, 0.56544, -0.698463, -0.438664, -0.733695, -0.668916, 0.119346, -0.376788, 0.254363, -0.890691, 0.00026748, -0.00126381, -0.000282919, -0.00118053, 0.000267389, -0.00287841, 0.231267, 0.389683, -0.246704, -2.01948, 0.372866, 1.96177, 0.622962, -0.00121826, 0.00102811, -0.0010496, 0.000682178, -0.000196365, 0.000232727, 0.000964979
439171, 10.4408, 0.014978, 0.00687807, 0.0524905, 0.0539136, 0.412625, -0.712343, -1.50369e-05, -0.000268088, -2.83343e-05, 0.040346, 0.411309, 0.012632, 0.514196, 0.0416711, 0.147101, 0.56545, -0.698451, -0.438672, -0.733683, -0.668929, 0.119345, -0.376797, 0.254363, -0.890687, 0.000110278, 0.00240238, 0.000462126, 0.000807428, -0.000744833, 0.00378417, 0.231279, 0.389677, -0.246696, -2.01948, 0.372868, 1.96176, 0.622965, 0.00342842, -0.000604782, 0.000928369, 0.000518213, 0.000511669, -0.000263857, 0.000244645
449290, 10.4508, 0.0149794, 0.00687902, 0.0524889, 0.0539118, 0.412619, -0.712339, -1.66747e-05, -0.000267358, -2.74299e-05, 0.040346, 0.411309, 0.012632, 0.514197, 0.041672, 0.1471, 0.565459, -0.698447, -0.438665, -0.733678, -0.668935, 0.119342, -0.376792, 0.254356, -0.890691, 0.000123765, 0.000896671, 8.56328e-05, -1.34815e-05, -0.000483616, 0.00171495, 0.231286, 0.38968, -0.246699, -2.01948, 0.372866, 1.96177, 0.62296, 0.00118358, 1.36521e-05, 0.000580938, 0.000363629, -0.000163138, 0.000242744, 0.000135576
459409, 10.4608, 0.0149796, 0.00687705, 0.0524888, 0.0539138, 0.412619, -0.71234, -1.64127e-05, -0.000267036, -2.75158e-05, 0.040346, 0.411309, 0.012632, 0.514198, 0.0416701, 0.1471, 0.565458, -0.698448, -0.438666, -0.73368, -0.668933, 0.11934, -0.376791, 0.254359, -0.890691, -0.000175007, 0.000267582, -0.000142553, 0.000356048, 0.000387592, 0.000718625, 0.231279, 0.38968, -0.246696, -2.01948, 0.372866, 1.96177, 0.622958, -0.000102988, 8.84984e-05, 0.000596606, -0.000253997, 1.55784e-05, -8.49794e-05, -0.000326945
469528, 10.4708, 0.0149774, 0.00687619, 0.052489, 0.0539102, 0.412626, -0.712338, -1.52274e-05, -0.000268501, -2.82959e-05, 0.040346, 0.411309, 0.012632, 0.514195, 0.0416692, 0.1471, 0.565455, -0.698447, -0.438671, -0.733677, -0.668935, 0.119347, -0.3768, 0.254358, -0.890687, -0.000162237, 6.91648e-05, 0.000220635, 3.82079e-06, 4.2667e-05, 0.000505109, 0.231281, 0.38968, -0.2467, -2.01948, 0.372864, 1.96176, 0.622957, 0.000440337, -0.000712621, -0.000277357, -0.000460961, -0.000279047, -0.000329694, -0.000120224
479647, 10.4808, 0.0149774, 0.00687053, 0.0524875, 0.0539118, 0.412627, -0.712343, -1.48537e-05, -0.00026872, -2.85093e-05, 0.040346, 0.411309, 0.012632, 0.514195, 0.0416635, 0.147098, 0.565448, -0.698451, -0.438673, -0.733683, -0.668929, 0.119348, -0.376799, 0.254362, -0.890686, 0.000327469, -0.000424328, -0.000144341, 0.000495369, -0.00063376, 0.000764026, 0.231271, 0.389683, -0.246701, -2.01948, 0.372865, 1.96176, 0.622954, -0.00106422, 0.000871859, 0.00025559, 0.000968689, -1.42253e-05, 0.000115595, -0.00169521
489785, 10.4908, 0.0149781, 0.00686836, 0.0524891, 0.0539127, 0.412624, -0.712345, -1.54242e-05, -0.00026837, -2.81814e-05, 0.040346, 0.411309, 0.012632, 0.514196, 0.0416614, 0.1471, 0.565447, -0.698454, -0.438671, -0.733685, -0.668926, 0.119346, -0.376796, 0.254362, -0.890688, -0.000233095, -0.000263913, 0.00028523, 0.000524426, 5.30276e-05, 0.0008101, 0.23127, 0.38968, -0.246704, -2.01948, 0.372864, 1.96176, 0.622954, -0.000127423, -0.000900609, -0.000408804, -0.000584652, -0.000252811, -0.00070725, -0.00120368
499905, 10.5008, 0.0149779, 0.00686506, 0.0524876, 0.0539117, 0.412625, -0.712349, -1.53412e-05, -0.000268982, -2.83044e-05, 0.040346, 0.411309, 0.012632, 0.514196, 0.0416581, 0.147099, 0.565443, -0.698457, -0.438671, -0.733688, -0.668922, 0.119349, -0.376797, 0.254363, -0.890687, -0.000519487, -0.000938089, -0.000495359, -0.000139851, 0.00207344, -0.000683838, 0.231267, 0.389683, -0.246707, -2.01948, 0.372864, 1.96176, 0.622953, -0.000847254, 0.000752852, -0.000881799, -0.000441687, -0.000311727, -0.00118742, -0.000676693
510024, 10.5108, 0.0149756, 0.00686698, 0.0524878, 0.0539077, 0.412632, -0.712345, -1.39998e-05, -0.000270549, -2.91749e-05, 0.040346, 0.411309, 0.012632, 0.514194, 0.04166, 0.147099, 0.565441, -0.698455, -0.438677, -0.733685, -0.668925, 0.119356, -0.376807, 0.254362, -0.890683, 0.000542792, -0.000826857, -0.000104647, -0.000973164, -0.000415126, -0.00171754, 0.231272, 0.389683, -0.246709, -2.01948, 0.372863, 1.96175, 0.622955, -0.000434558, 0.00116868, -0.00105372, 0.00145494, -9.97095e-05, 0.000167021, 0.000549906
520144, 10.5208, 0.0149746, 0.00687285, 0.0524865, 0.0539085, 0.412637, -0.712334, -1.29683e-05, -0.000269932, -2.96004e-05, 0.040346, 0.411309, 0.012632, 0.514193, 0.0416659, 0.147097, 0.565451, -0.698444, -0.438681, -0.733674, -0.668937, 0.119353, -0.376812, 0.254361, -0.890681, -0.000696651, 0.00014591, -0.00151874, -0.000735607, 0.00323357, 0.000341665, 0.231273, 0.389685, -0.246699, -2.01948, 0.372863, 1.96175, 0.622949, 0.000468678, 0.002784, 6.73105e-05, -0.000300998, -8.41564e-05, -0.000149387, 0.000277101
530263, 10.5318, 0.0149766, 0.00688036, 0.0524939, 0.0539147, 0.41263, -0.712319, -1.40638e-05, -0.00026628, -2.85714e-05, 0.040346, 0.411309, 0.012632, 0.514195, 0.0416734, 0.147105, 0.565475, -0.698427, -0.438677, -0.73366, -0.668956, 0.119337, -0.376803, 0.254358, -0.890686, 6.46896e-05, -0.000711329, 0.000535377, 0.00162693, -0.00187797, 0.00282021, 0.231283, 0.38967, -0.246695, -2.01948, 0.37286, 1.96175, 0.62294, -8.25251e-05, -0.00123418, -0.00133262, -0.000426177, 2.9018e-05, -0.00021616, -0.00467268
540384, 10.5418, 0.0149743, 0.0068946, 0.0524967, 0.0539146, 0.41264, -0.712305, -1.20946e-05, -0.000266121, -2.952e-05, 0.040346, 0.411309, 0.012632, 0.514192, 0.0416876, 0.147108, 0.565487, -0.698412, -0.438685, -0.733646, -0.668972, 0.119336, -0.376814, 0.254357, -0.890682, -0.000219, 0.00123991, 9.43519e-05, 4.62189e-05, 0.000147639, 0.00181193, 0.231295, 0.389664, -0.246682, -2.01948, 0.372861, 1.96174, 0.622945, 0.00183536, -0.000512745, 0.000550289, -0.000467228, -6.28776e-05, 2.35306e-05, 0.000596717
550503, 10.5518, 0.0149738, 0.0069055, 0.0524979, 0.053914, 0.412642, -0.712288, -1.1823e-05, -0.000264992, -2.95025e-05, 0.040346, 0.411309, 0.012632, 0.514192, 0.0416985, 0.147109, 0.565506, -0.698396, -0.438687, -0.733629, -0.668991, 0.119331, -0.376818, 0.254351, -0.890682, -0.000429432, 0.00012699, -0.000671901, 0.000204642, 0.00112191, 0.00095462, 0.231307, 0.389661, -0.246673, -2.01948, 0.372859, 1.96174, 0.622941, -0.000115604, 0.000852952, 0.000480073, -0.0006885, -1.9179e-05, 0.00024484, -0.000802616
560621, 10.5618, 0.014972, 0.00692425, 0.0525033, 0.0539169, 0.41265, -0.712256, -1.00752e-05, -0.000262341, -3.00082e-05, 0.040346, 0.411309, 0.012632, 0.51419, 0.0417173, 0.147114, 0.56554, -0.698364, -0.438694, -0.733598, -0.669027, 0.119319, -0.376826, 0.254345, -0.89068, 0.000104857, 0.000853878, 0.000231691, 0.00215371, -0.00191679, 0.00571322, 0.231329, 0.38965, -0.246661, -2.01948, 0.372858, 1.96173, 0.622928, 0.000742282, -0.000444348, 0.000848915, 0.000100035, 2.28387e-05, 0.000260675, -0.00475432
570765, 10.5718, 0.0149676, 0.00694009, 0.0525065, 0.0539124, 0.412666, -0.712231, -7.20475e-06, -0.000263017, -3.15125e-05, 0.040346, 0.411309, 0.012632, 0.514186, 0.0417331, 0.147118, 0.56556, -0.69834, -0.438707, -0.733573, -0.669054, 0.119322, -0.376846, 0.25434, -0.890673, -0.00278595, 0.00215224, -0.000593697, 0.002848, 0.00920369, 0.00495399, 0.231357, 0.389644, -0.246661, -2.01948, 0.372858, 1.96171, 0.622923, 0.00248339, -0.00016558, 0.000846937, -0.00229412, 0.000186364, -0.00762964, -0.00092421
580886, 10.5818, 0.0149619, 0.00696996, 0.0525098, 0.0538996, 0.412685, -0.712191, -4.77699e-06, -0.000264397, -3.28934e-05, 0.040346, 0.411309, 0.012632, 0.51418, 0.041763, 0.147121, 0.565597, -0.698303, -0.438718, -0.73353, -0.6691, 0.119328, -0.376873, 0.254321, -0.890667, 0.000202167, 0.00197808, 0.000587986, 0.000546087, -0.000417913, 0.00403087, 0.231415, 0.389638, -0.246663, -2.01948, 0.372856, 1.96169, 0.622922, 0.00282935, -0.000395299, 0.00079229, 0.00126404, -0.000230157, -0.00119775, 8.81867e-06
591007, 10.5918, 0.0149518, 0.0069922, 0.0525174, 0.0538889, 0.41272, -0.71215, 1.69421e-06, -0.000267319, -3.64724e-05, 0.040346, 0.411309, 0.012632, 0.51417, 0.0417852, 0.147128, 0.565624, -0.698263, -0.438746, -0.733487, -0.669144, 0.119341, -0.376916, 0.254313, -0.890651, -0.00155892, 0.00547015, 0.000756719, 0.00195804, 0.00511361, 0.0106196, 0.231456, 0.389624, -0.246666, -2.01948, 0.372851, 1.96164, 0.622913, 0.00997436, -0.00119109, -0.000234207, 0.000231727, 6.51531e-05, -0.00680754, 0.000218431
601126, 10.6028, 0.014933, 0.00702239, 0.0525286, 0.0538782, 0.4128, -0.712087, 1.80487e-05, -0.000273792, -4.53973e-05, 0.040346, 0.411309, 0.012632, 0.514151, 0.0418154, 0.14714, 0.565644, -0.698201, -0.438819, -0.733426, -0.669206, 0.11937, -0.377005, 0.25432, -0.890611, -0.000549056, 0.00424599, 0.00215283, 0.00282626, 0.00111061, 0.00893963, 0.231494, 0.38961, -0.24666, -2.01947, 0.372851, 1.96153, 0.622895, 0.00717907, -0.00352778, 9.84961e-06, 0.000914676, 0.00011956, -0.00598541, -0.000900829
611245, 10.6128, 0.0149073, 0.00704342, 0.0525308, 0.0538632, 0.412888, -0.712033, 3.57827e-05, -0.00028302, -5.53731e-05, 0.040346, 0.411309, 0.012632, 0.514125, 0.0418364, 0.147142, 0.565649, -0.698148, -0.438898, -0.733373, -0.669257, 0.119411, -0.377102, 0.254331, -0.890567, -0.00317459, 0.0011478, -0.000213487, 0.00474148, 0.013273, 0.00410474, 0.231518, 0.389601, -0.246655, -2.01948, 0.372851, 1.96143, 0.622873, 0.000106522, 0.000543422, 0.000451789, -0.000217739, 0.000465034, -0.0136954, -0.00197976
621363, 10.6228, 0.0148875, 0.00706803, 0.0525414, 0.0538658, 0.412965, -0.711942, 5.25178e-05, -0.000283527, -6.36895e-05, 0.040346, 0.411309, 0.012632, 0.514105, 0.041861, 0.147152, 0.565707, -0.698054, -0.438972, -0.733286, -0.669352, 0.119413, -0.377183, 0.254339, -0.89053, -0.00307513, 0.00297262, -0.000786495, 0.00798089, 0.00804567, 0.0187373, 0.231551, 0.389582, -0.246653, -2.01948, 0.37285, 1.96133, 0.622797, 0.00414137, 0.00093442, 0.00061287, -0.0012223, 1.06037e-05, -0.00994467, -0.0141133
631482, 10.6328, 0.0148715, 0.00709681, 0.0525546, 0.0538745, 0.413038, -0.711831, 6.87596e-05, -0.0002802, -7.12504e-05, 0.040346, 0.411309, 0.012632, 0.51409, 0.0418898, 0.147166, 0.565794, -0.697938, -0.439044, -0.73318, -0.669471, 0.119398, -0.37726, 0.254343, -0.890497, -0.00183759, 0.00313484, 0.000285225, 0.0051567, 0.00540089, 0.0122829, 0.231589, 0.389564, -0.246648, -2.01947, 0.372847, 1.96123, 0.622696, 0.00408134, -0.000431438, 0.00100144, 4.85641e-05, 4.21081e-05, -0.00789928, -0.00678829
641600, 10.6428, 0.0148542, 0.00711922, 0.0525651, 0.0538813, 0.413107, -0.711746, 8.4103e-05, -0.000279388, -7.8707e-05, 0.040346, 0.411309, 0.012632, 0.514072, 0.0419122, 0.147176, 0.565849, -0.697851, -0.439112, -0.733101, -0.669558, 0.119395, -0.377331, 0.254354, -0.890464, -0.00313926, 0.00293818, 0.00032482, 0.00480314, 0.0128818, 0.00681323, 0.231618, 0.389545, -0.246646, -2.01947, 0.372849, 1.96114, 0.622622, 0.00266397, -0.000367198, 0.0012628, 9.30469e-05, 0.000186095, -0.0141743, -0.00095899
651734, 10.6528, 0.0148398, 0.00713829, 0.052581, 0.0538734, 0.413168, -0.711699, 9.67536e-05, -0.000284427, -8.56216e-05, 0.040346, 0.411309, 0.012632, 0.514058, 0.0419313, 0.147192, 0.565863, -0.697804, -0.439168, -0.733055, -0.669605, 0.119417, -0.377399, 0.25436, -0.890433, -0.00221046, 0.000890189, -0.00042134, -0.00104227, 0.0113624, -0.00428024, 0.231645, 0.389522, -0.246648, -2.01946, 0.372843, 1.96104, 0.622609, 0.00183196, 0.000921314, -0.000963533, -0.000209875, -2.87759e-05, -0.00887952, 0.00745161
661853, 10.6638, 0.0148164, 0.00717274, 0.0526048, 0.0538673, 0.413247, -0.711641, 0.000113246, -0.000290021, -9.45069e-05, 0.040346, 0.411309, 0.012632, 0.514034, 0.0419657, 0.147216, 0.56588, -0.697744, -0.439241, -0.732998, -0.669662, 0.119442, -0.377483, 0.254373, -0.890394, -0.00143842, 0.00233754, 0.00318334, 0.00391987, 0.00522253, 0.00537841, 0.231691, 0.389471, -0.246644, -2.01947, 0.372841, 1.96092, 0.622607, 0.00301573, -0.00567281, -0.000115658, 0.000587531, -0.00072526, -0.0118721, 6.14916e-06
671973, 10.6728, 0.0147969, 0.00720247, 0.0526241, 0.053855, 0.413317, -0.711588, 0.00012741, -0.000296643, -0.000102383, 0.040346, 0.411309, 0.012632, 0.514015, 0.0419955, 0.147235, 0.565895, -0.697693, -0.439304, -0.732946, -0.669714, 0.119471, -0.377562, 0.254378, -0.890359, -0.00220163, 0.00123332, 0.00300162, 0.0037741, 0.00803274, 0.00217455, 0.231735, 0.389435, -0.246644, -2.01947, 0.372835, 1.96081, 0.622608, 0.00279177, -0.00588478, -0.00225472, -0.000624211, -0.000120416, -0.0137882, 0.000848908
682090, 10.6828, 0.0147778, 0.00723468, 0.0526389, 0.0538423, 0.413387, -0.711533, 0.000141463, -0.000303004, -0.000110171, 0.040346, 0.411309, 0.012632, 0.513996, 0.0420277, 0.14725, 0.565914, -0.697639, -0.439366, -0.732891, -0.669769, 0.1195, -0.377641, 0.254381, -0.890324, -0.00167843, 0.00124615, 0.00200283, 0.00375132, 0.00605357, 0.00363085, 0.231774, 0.389407, -0.246633, -2.01947, 0.372829, 1.96071, 0.622607, 0.000549754, -0.00389938, 0.000498954, -0.000191021, -0.00048498, -0.0102718, -0.000726746
692209, 10.6938, 0.0147545, 0.00726957, 0.05266, 0.0538323, 0.413474, -0.711469, 0.000159374, -0.000310079, -0.000119961, 0.040346, 0.411309, 0.012632, 0.513972, 0.0420626, 0.147271, 0.56593, -0.697575, -0.439445, -0.732829, -0.669831, 0.119531, -0.377736, 0.254392, -0.890281, -0.0024804, 0.00376215, 0.00217484, 0.00450453, 0.00734225, 0.00754765, 0.231823, 0.389368, -0.246632, -2.01947, 0.372828, 1.96058, 0.622601, 0.00522493, -0.0050553, 0.000429531, -0.0015817, 7.54103e-05, -0.0113033, -0.000368616
702327, 10.7038, 0.0147326, 0.00729643, 0.052678, 0.0538177, 0.413553, -0.711415, 0.000175288, -0.000318101, -0.000128894, 0.040346, 0.411309, 0.012632, 0.513951, 0.0420894, 0.147289, 0.565941, -0.697522, -0.439516, -0.732775, -0.669884, 0.119566, -0.377825, 0.254399, -0.890241, -0.00263273, 0.00383615, 0.000391189, 0.0010173, 0.0115568, 0.0103713, 0.231864, 0.389335, -0.246635, -2.01947, 0.372821, 1.96046, 0.622596, 0.00749378, 0.000296293, -0.000747676, 0.00143521, -0.00271207, -0.0130436, 0.000705196
712445, 10.7138, 0.0147066, 0.00733162, 0.0526975, 0.0538076, 0.413651, -0.711349, 0.00019573, -0.000326331, -0.000140093, 0.040346, 0.411309, 0.012632, 0.513925, 0.0421246, 0.147308, 0.565953, -0.697455, -0.439606, -0.732711, -0.669947, 0.119603, -0.377931, 0.254415, -0.890192, -0.00285473, 0.00327064, 0.00107333, 0.00392903, 0.0110825, 0.00549611, 0.231905, 0.389299, -0.246627, -2.01947, 0.372821, 1.96032, 0.622588, 0.00341965, -0.00226128, 0.00124095, -0.000540575, -2.3421e-05, -0.0129558, 0.00123698
722564, 10.7238, 0.0146792, 0.00735592, 0.0527182, 0.0537931, 0.413751, -0.711283, 0.000216223, -0.000335895, -0.0001515, 0.040346, 0.411309, 0.012632, 0.513897, 0.0421489, 0.147329, 0.565962, -0.69739, -0.439697, -0.732647, -0.67001, 0.119645, -0.378041, 0.254428, -0.890141, -0.00350335, 0.00435521, 0.00233117, 0.00686225, 0.0127993, 0.0116216, 0.231937, 0.389261, -0.246629, -2.01947, 0.372811, 1.96017, 0.62257, 0.0057382, -0.00421245, 0.000322843, 4.20738e-05, -0.000253837, -0.0185031, -0.00275135
732682, 10.7338, 0.0146409, 0.00738285, 0.0527377, 0.0537812, 0.413895, -0.711193, 0.000246808, -0.00034811, -0.000168253, 0.040346, 0.411309, 0.012632, 0.513859, 0.0421759, 0.147349, 0.56597, -0.697299, -0.439833, -0.732562, -0.670094, 0.119699, -0.378195, 0.254458, -0.890067, -0.00275546, 0.0019984, 0.00253448, 0.008531, 0.014515, 0.011154, 0.231969, 0.389227, -0.246634, -2.01947, 0.372811, 1.95997, 0.622522, 0.00217276, -0.00142167, -0.0012812, 0.00481661, -0.00013599, -0.0236305, -0.0065819
742809, 10.7438, 0.0146097, 0.00740916, 0.0527647, 0.0537917, 0.414018, -0.711088, 0.000274485, -0.000351133, -0.000182339, 0.040346, 0.411309, 0.012632, 0.513828, 0.0422022, 0.147376, 0.566012, -0.697187, -0.439955, -0.732465, -0.670196, 0.119713, -0.378319, 0.254493, -0.890005, -0.00363474, 0.00194393, 0.00399766, 0.013509, 0.00998615, 0.0172198, 0.231987, 0.389177, -0.246626, -2.01947, 0.372811, 1.95979, 0.622442, 5.69697e-05, -0.00785672, 0.000560978, -0.000670346, 9.48629e-05, -0.0217951, -0.0149491
753126, 10.7548, 0.0145598, 0.00744208, 0.0527959, 0.0537897, 0.414208, -0.710943, 0.000316, -0.00036173, -0.000204292, 0.040346, 0.411309, 0.012632, 0.513778, 0.0422351, 0.147407, 0.566054, -0.697036, -0.440139, -0.732329, -0.670337, 0.11976, -0.378519, 0.254536, -0.889907, -0.00498209, 0.00384344, 0.00224764, 0.0132384, 0.0163833, 0.0218606, 0.232017, 0.389121, -0.246626, -2.01947, 0.372806, 1.95952, 0.622335, 0.00399384, -0.00399898, 0.000333571, -9.65784e-05, -0.000249838, -0.0251928, -0.0150259
763560, 10.7648, 0.0144959, 0.00747677, 0.0528303, 0.0537773, 0.414451, -0.710802, 0.000368319, -0.000381547, -0.000232845, 0.040346, 0.411309, 0.012632, 0.513714, 0.0422698, 0.147441, 0.566053, -0.696891, -0.440371, -0.732198, -0.670465, 0.119848, -0.378774, 0.254599, -0.889781, -0.00691694, 0.00346278, 0.0027849, 0.0145438, 0.0262636, 0.0163209, 0.232038, 0.38906, -0.246623, -2.01947, 0.372804, 1.95918, 0.622253, 0.00130916, -0.00500609, 0.000947504, -0.000311873, 0.000123201, -0.0349489, -0.00976316
773997, 10.7748, 0.0144311, 0.00751541, 0.0528632, 0.0537545, 0.414695, -0.710667, 0.000419883, -0.000404292, -0.000261439, 0.040346, 0.411309, 0.012632, 0.513649, 0.0423084, 0.147474, 0.566045, -0.696753, -0.4406, -0.732069, -0.670587, 0.119948, -0.379035, 0.254653, -0.889654, -0.00642683, 0.00643845, 0.00570576, 0.0153744, 0.0211148, 0.0217666, 0.232071, 0.389002, -0.246623, -2.01947, 0.372799, 1.95884, 0.62219, 0.00816297, -0.00846606, 0.00231679, 0.00178194, -0.000163485, -0.0401693, -0.00677252
784449, 10.7858, 0.0143334, 0.00757375, 0.0529173, 0.0537173, 0.415061, -0.710495, 0.000497477, -0.000442076, -0.000304985, 0.040346, 0.411309, 0.012632, 0.513551, 0.0423667, 0.147528, 0.565993, -0.696578, -0.440944, -0.731907, -0.670734, 0.120116, -0.379426, 0.254745, -0.889461, -0.00791327, 0.0049974, 0.00679524, 0.0155936, 0.0315862, 0.0116641, 0.232112, 0.388906, -0.246617, -2.01947, 0.372795, 1.95832, 0.622145, 0.00207097, -0.0124977, 0.00139899, 1.41205e-07, -0.000409679, -0.0460448, -0.000742683
