timestamp, robot_time[1], robot_ee_pos_error[3], robot_ee_ori_error[3], sensed_forces_moments[6], robot_ee_position[3], robot_ee_orientation[9], robot_ee_linear_velocity[3], robot_ee_angular_velocity[3], joint_angles[7], joint_velocities[7], 
10353, 10.011, 0.00960635, 0.0706971, 0.0912778, -0.076504, -0.370202, 0.546849, -1.13959e-05, -6.01641e-06, -5.41215e-06, 0.040346, 0.411309, 0.012632, 0.508824, 0.10549, 0.185889, 0.751727, 0.562183, 0.344757, 0.536338, -0.825359, 0.176423, 0.38373, 0.052284, -0.921964, -0.000899096, -0.000525126, -0.0018074, -0.00286949, 0.00347977, 0.000850914, 0.851392, 0.0879429, -0.621055, -2.57856, 0.101749, 3.04538, -0.465313, -0.000704737, 0.00289769, 0.000654094, -0.00129324, 0.000193235, -0.000325778, -0.00123789
20772, 10.021, 0.00960703, 0.0706989, 0.0912775, -0.0765076, -0.370207, 0.546856, -1.21029e-05, -7.61631e-06, -5.98269e-06, 0.040346, 0.411309, 0.012632, 0.508825, 0.105492, 0.185889, 0.751719, 0.562191, 0.34476, 0.536343, -0.825353, 0.17643, 0.383736, 0.0522837, -0.921961, -0.000336748, 0.000273807, -0.000519601, -0.000954459, 0.000844425, 0.0014397, 0.851396, 0.0879475, -0.621055, -2.57856, 0.101749, 3.04539, -0.465318, 0.000659501, 0.000876203, 0.00019368, -0.000408911, 0.000235369, 0.000113312, -0.000884062
31015, 10.031, 0.00960786, 0.0706949, 0.0912775, -0.0765086, -0.370207, 0.546845, -1.22882e-05, -7.28113e-06, -5.98786e-06, 0.040346, 0.411309, 0.012632, 0.508826, 0.105488, 0.185889, 0.751727, 0.562181, 0.344761, 0.536333, -0.82536, 0.176429, 0.383737, 0.0522804, -0.921961, -0.000181664, -0.00165455, -0.000620223, -0.000674955, 0.00140643, -0.00312241, 0.851389, 0.0879475, -0.621056, -2.57856, 0.101747, 3.04539, -0.465311, -0.00161073, 0.000570445, -0.00127387, -0.000933499, -9.86548e-05, -0.000199904, 0.000305105
41312, 10.042, 0.00960586, 0.070703, 0.0912763, -0.0765072, -0.370205, 0.546862, -1.15305e-05, -7.74327e-06, -5.79295e-06, 0.040346, 0.411309, 0.012632, 0.508824, 0.105496, 0.185887, 0.751716, 0.562197, 0.344758, 0.53635, -0.825349, 0.176431, 0.383734, 0.0522849, -0.921962, -4.14912e-05, 0.000444452, -0.000344612, -0.00142485, 9.99851e-05, 0.00230244, 0.851399, 0.08795, -0.62105, -2.57856, 0.101745, 3.04539, -0.465314, 0.000876834, 0.0012736, 0.000109457, 0.000306101, -0.000535437, 0.000371091, -0.000898486
51556, 10.052, 0.00959901, 0.0707162, 0.0912741, -0.0764989, -0.370199, 0.546887, -1.04781e-05, -6.79741e-06, -5.21841e-06, 0.040346, 0.411309, 0.012632, 0.508817, 0.105509, 0.185885, 0.751701, 0.56222, 0.344753, 0.536376, -0.825333, 0.176427, 0.383726, 0.0522971, -0.921965, -0.000651431, 0.00107321, -0.000324082, -0.000837245, 0.000524088, 0.00376646, 0.851415, 0.0879447, -0.621039, -2.57857, 0.101744, 3.04539, -0.465317, 0.00253599, -0.000155776, -0.000298998, -0.00107592, -0.000718719, 0.000301855, -0.00102994
61761, 10.062, 0.00960055, 0.070732, 0.0912788, -0.0764904, -0.370209, 0.546902, -1.31179e-05, -6.59144e-06, -6.16613e-06, 0.040346, 0.411309, 0.012632, 0.508819, 0.105525, 0.18589, 0.751685, 0.562234, 0.344765, 0.536393, -0.825322, 0.176426, 0.383734, 0.0523129, -0.921961, -0.000527765, 0.00403849, 0.000662031, 0.00224735, -0.00103032, 0.00527262, 0.851426, 0.0879422, -0.621022, -2.57856, 0.101745, 3.04539, -0.465312, 0.00402425, -0.00148079, 0.00340697, 0.000302733, -0.000459137, 0.000102352, 0.00278263
71998, 10.072, 0.00959171, 0.070747, 0.0912709, -0.0764868, -0.370192, 0.546933, -9.33788e-06, -6.27922e-06, -4.69289e-06, 0.040346, 0.411309, 0.012632, 0.50881, 0.10554, 0.185882, 0.751671, 0.562264, 0.344748, 0.536425, -0.825301, 0.176424, 0.383718, 0.0523184, -0.921967, -0.000781828, 0.0021287, -0.000637478, -0.000511024, 0.00141705, 0.00345773, 0.851441, 0.08795, -0.621004, -2.57857, 0.101741, 3.04539, -0.465311, 0.00392152, 0.00102736, 0.000523294, -0.000351781, -0.000431243, -0.000318456, 0.00145976
82212, 10.083, 0.0095876, 0.0707638, 0.0912688, -0.0764796, -0.370188, 0.546959, -8.60598e-06, -5.82754e-06, -4.33278e-06, 0.040346, 0.411309, 0.012632, 0.508806, 0.105557, 0.18588, 0.751654, 0.562288, 0.344745, 0.536452, -0.825284, 0.176422, 0.383712, 0.0523305, -0.921969, -0.00046613, 0.00119011, -0.000444014, -0.00063481, 0.000932684, 0.00282666, 0.851452, 0.0879537, -0.620981, -2.57857, 0.101746, 3.04539, -0.465314, 0.00220162, 0.000774661, 0.000448449, -0.000182277, 0.000709866, -0.000217873, -0.000882165
92633, 10.093, 0.00958122, 0.070786, 0.0912665, -0.0764686, -0.370177, 0.546997, -6.50465e-06, -4.73354e-06, -3.33773e-06, 0.040346, 0.411309, 0.012632, 0.508799, 0.105579, 0.185878, 0.751631, 0.562324, 0.344735, 0.536493, -0.825259, 0.176418, 0.3837, 0.0523473, -0.921973, -0.000759446, 0.00237671, -0.00011412, 9.0895e-05, -0.000159669, 0.00567567, 0.851463, 0.0879531, -0.620949, -2.57857, 0.101741, 3.04538, -0.465314, 0.00103047, -0.00058502, 0.0036397, -0.00097236, -0.000204452, 0.000905322, -0.000961578
103072, 10.104, 0.00958308, 0.0708085, 0.0912732, -0.076457, -0.370196, 0.547023, -1.13152e-05, -5.10968e-06, -5.20846e-06, 0.040346, 0.411309, 0.012632, 0.508801, 0.105601, 0.185884, 0.751604, 0.562348, 0.344757, 0.53652, -0.825241, 0.176419, 0.383716, 0.0523716, -0.921965, 0.000541885, 0.00106717, 0.00103853, 0.00102434, -0.00242685, 0.0020859, 0.851467, 0.0879484, -0.620913, -2.57856, 0.101743, 3.04539, -0.465312, -8.41066e-05, -0.00124284, 0.00148544, 0.00114912, -0.00074305, 0.000548127, 2.63565e-05
113498, 10.114, 0.00957905, 0.0708201, 0.0912716, -0.0764493, -0.370187, 0.547045, -9.53639e-06, -3.93016e-06, -4.31763e-06, 0.040346, 0.411309, 0.012632, 0.508797, 0.105613, 0.185883, 0.751592, 0.562368, 0.344749, 0.536544, -0.825226, 0.176414, 0.383705, 0.0523815, -0.921969, -0.000509635, 0.00398503, 0.000218229, 0.000307773, -0.000377301, 0.00839805, 0.851467, 0.0879469, -0.62089, -2.57856, 0.101745, 3.04538, -0.465318, 0.00166745, -0.000191852, 0.00587676, 0.000796191, 0.00013757, -0.000181919, -0.00103858
123944, 10.124, 0.00957912, 0.0708296, 0.0912747, -0.076444, -0.370199, 0.547055, -1.23342e-05, -4.24557e-06, -5.42419e-06, 0.040346, 0.411309, 0.012632, 0.508797, 0.105623, 0.185886, 0.751579, 0.562378, 0.344761, 0.536555, -0.825219, 0.176415, 0.383716, 0.0523933, -0.921964, 0.000266832, 0.000692981, 0.000524181, 0.000198857, -0.00142403, 0.00215164, 0.85147, 0.0879423, -0.620876, -2.57856, 0.101745, 3.04539, -0.465317, 0.00044703, -0.000527526, 0.000623291, 0.000587593, -1.17902e-05, 0.000491622, -0.00113005
134398, 10.135, 0.00957954, 0.0708262, 0.0912738, -0.0764455, -0.370197, 0.547047, -1.20487e-05, -4.00262e-06, -5.27092e-06, 0.040346, 0.411309, 0.012632, 0.508798, 0.105619, 0.185885, 0.751585, 0.56237, 0.34476, 0.536547, -0.825225, 0.176414, 0.383714, 0.0523894, -0.921965, 0.000323659, -0.000294003, 0.000158598, 0.000175275, -1.81261e-05, -0.0012402, 0.851465, 0.0879447, -0.620877, -2.57856, 0.101746, 3.04539, -0.465313, -0.000283334, 0.000231189, -0.000394133, 0.000837202, 0.000178597, -0.000638681, 0.000485797
144889, 10.145, 0.00957877, 0.0708269, 0.0912715, -0.076448, -0.370193, 0.54705, -1.08767e-05, -4.41494e-06, -4.91158e-06, 0.040346, 0.411309, 0.012632, 0.508797, 0.10562, 0.185883, 0.751585, 0.562374, 0.344755, 0.53655, -0.825222, 0.176416, 0.383711, 0.0523863, -0.921966, -0.000626354, -9.2649e-05, -0.00102801, -0.00108967, 0.0018834, -5.44808e-05, 0.851465, 0.08795, -0.620875, -2.57856, 0.101743, 3.04539, -0.465311, -0.000186644, 0.00144798, 0.000589519, -0.00105782, 0.000176883, 0.000164749, 0.000266568
155329, 10.156, 0.00957914, 0.0708239, 0.0912707, -0.0764497, -0.370192, 0.547045, -1.05504e-05, -4.40733e-06, -4.7881e-06, 0.040346, 0.411309, 0.012632, 0.508797, 0.105617, 0.185882, 0.751589, 0.562369, 0.344753, 0.536544, -0.825226, 0.176416, 0.38371, 0.0523829, -0.921967, 0.000196072, 0.000571735, -6.62052e-06, -0.000625297, -0.000150149, 0.00135602, 0.851463, 0.0879521, -0.620878, -2.57856, 0.101745, 3.04539, -0.465311, 0.00135744, 0.000931576, -0.000275195, 0.00098937, -0.000100798, -0.000232264, -0.000145436
165703, 10.166, 0.00958134, 0.0708131, 0.0912705, -0.0764546, -0.370192, 0.54703, -1.03729e-05, -4.60973e-06, -4.76047e-06, 0.040346, 0.411309, 0.012632, 0.508799, 0.105606, 0.185882, 0.751601, 0.562354, 0.344752, 0.536528, -0.825236, 0.176417, 0.383711, 0.0523742, -0.921967, 9.80193e-05, -0.000877472, -4.10765e-05, 0.00195548, 0.000230064, -0.00500602, 0.851447, 0.0879529, -0.620883, -2.57856, 0.101746, 3.04539, -0.465313, -0.00203414, -0.00010181, 0.000738159, -0.000253653, 0.00310499, 0.000256665, 0.00104236
176300, 10.177, 0.00958246, 0.070808, 0.0912708, -0.0764579, -0.370192, 0.547025, -1.02358e-05, -5.08858e-06, -4.80083e-06, 0.040346, 0.411309, 0.012632, 0.5088, 0.105601, 0.185882, 0.751604, 0.56235, 0.344752, 0.536523, -0.825239, 0.176419, 0.383712, 0.0523698, -0.921967, 0.00112694, -0.000311126, 0.000602107, -0.000391499, -0.00187651, -0.000298371, 0.851445, 0.0879529, -0.620891, -2.57856, 0.101745, 3.04539, -0.465316, -0.00121999, 0.00110649, 0.000269019, 0.00252171, 0.000408291, 0.000150423, -0.000958638
186659, 10.187, 0.00958293, 0.0708078, 0.0912723, -0.0764571, -0.370195, 0.547024, -1.08822e-05, -5.08605e-06, -5.04203e-06, 0.040346, 0.411309, 0.012632, 0.508801, 0.105601, 0.185883, 0.751603, 0.562349, 0.344755, 0.536522, -0.82524, 0.176419, 0.383714, 0.0523713, -0.921966, -0.000123692, -0.000994759, -0.000796566, -0.00186931, 0.00121888, -0.000721673, 0.85145, 0.0879497, -0.620897, -2.57856, 0.101745, 3.04539, -0.465317, 0.000588661, 0.00177269, -0.00208896, -0.000313819, -0.000244462, 6.85011e-05, -0.000619475
197031, 10.197, 0.00958365, 0.0708086, 0.0912753, -0.0764529, -0.3702, 0.547021, -1.25167e-05, -4.42316e-06, -5.52641e-06, 0.040346, 0.411309, 0.012632, 0.508801, 0.105602, 0.185884, 0.7516, 0.562353, 0.344757, 0.536526, -0.825237, 0.176419, 0.383716, 0.0523741, -0.921965, -0.00114997, -0.000309953, -0.00125816, -0.00127889, 0.00299367, 0.000528394, 0.851447, 0.0879468, -0.620892, -2.57856, 0.101742, 3.04539, -0.465317, 1.94276e-05, 0.00054879, 4.37368e-05, -0.00232641, -0.000305451, -0.000410224, -0.000343332
207511, 10.208, 0.00958087, 0.0708156, 0.0912746, -0.0764469, -0.370194, 0.54703, -1.12873e-05, -2.98858e-06, -4.79218e-06, 0.040346, 0.411309, 0.012632, 0.508799, 0.105609, 0.185886, 0.7516, 0.562353, 0.344757, 0.53653, -0.825237, 0.17641, 0.38371, 0.0523824, -0.921967, 0.000908988, 0.00048728, 0.00127682, 0.00191006, -0.00210145, -0.000929785, 0.851452, 0.0879394, -0.620886, -2.57856, 0.101742, 3.04538, -0.465309, -0.000184427, -0.00129709, 0.00039141, 0.00207497, 0.00014669, -0.000678202, 0.00120406
217890, 10.218, 0.00958101, 0.070821, 0.0912751, -0.0764473, -0.3702, 0.547039, -1.25548e-05, -4.13699e-06, -5.48589e-06, 0.040346, 0.411309, 0.012632, 0.508799, 0.105614, 0.185886, 0.75159, 0.562363, 0.344762, 0.536539, -0.82523, 0.176415, 0.383717, 0.0523866, -0.921964, 0.000378356, 0.00318188, 0.00168932, 0.00228149, -0.00370231, 0.00613964, 0.85146, 0.0879419, -0.620883, -2.57856, 0.101744, 3.04539, -0.465313, 0.00152822, -0.00268033, 0.0037082, 0.00130152, -0.00019371, 0.000874212, -0.000735273
228330, 10.229, 0.00958086, 0.0708205, 0.0912742, -0.0764492, -0.370198, 0.547042, -1.19225e-05, -4.57095e-06, -5.3325e-06, 0.040346, 0.411309, 0.012632, 0.508799, 0.105614, 0.185885, 0.751589, 0.562366, 0.344759, 0.536541, -0.825228, 0.176417, 0.383716, 0.0523846, -0.921964, -0.00037152, -0.000717357, -0.00060002, -0.000493161, 0.00378401, -0.0017546, 0.851456, 0.087944, -0.62088, -2.57856, 0.101741, 3.04539, -0.465314, -0.000135034, 0.000272439, -0.00105784, 0.000299416, 0.000308001, -0.00396885, 0.000323377
238693, 10.239, 0.00958105, 0.0708191, 0.0912739, -0.0764487, -0.370198, 0.547037, -1.20204e-05, -4.13673e-06, -5.28603e-06, 0.040346, 0.411309, 0.012632, 0.508799, 0.105612, 0.185885, 0.751593, 0.56236, 0.34476, 0.536536, -0.825231, 0.176415, 0.383715, 0.0523838, -0.921964, -1.7082e-05, -0.000148465, 9.38484e-05, 0.000306265, -5.82272e-05, -0.000229462, 0.851454, 0.0879447, -0.62088, -2.57856, 0.101746, 3.04539, -0.465314, -0.000394578, -0.00044656, 0.000109577, -0.000201462, 0.0004108, -3.0974e-05, -0.00046429
249071, 10.25, 0.00957981, 0.0708174, 0.0912722, -0.0764476, -0.370189, 0.547034, -1.02322e-05, -3.06525e-06, -4.41232e-06, 0.040346, 0.411309, 0.012632, 0.508798, 0.10561, 0.185883, 0.751599, 0.562357, 0.344752, 0.536534, -0.825234, 0.17641, 0.383706, 0.0523813, -0.921968, -0.00140323, -0.00032086, -0.00134342, -0.000744609, 0.008972, -0.000882162, 0.851451, 0.0879447, -0.62088, -2.57856, 0.101745, 3.04538, -0.465311, -0.000779864, -0.000487932, 0.000454441, -0.000110037, -0.000173615, -0.00922328, 0.000732009
259483, 10.26, 0.00958146, 0.0708126, 0.0912706, -0.0764555, -0.370192, 0.547031, -1.02732e-05, -4.89211e-06, -4.7772e-06, 0.040346, 0.411309, 0.012632, 0.508799, 0.105606, 0.185882, 0.7516, 0.562356, 0.344752, 0.536529, -0.825235, 0.176418, 0.383711, 0.0523736, -0.921967, -0.000624448, -0.000713389, -0.00142879, -0.00183853, 0.00283764, -0.00117722, 0.851448, 0.0879528, -0.620885, -2.57856, 0.101745, 3.04539, -0.465315, -0.000874754, 0.00237283, 0.000225073, -0.000929928, -4.31985e-05, -0.000332434, 0.000559884
269705, 10.27, 0.00957984, 0.0708031, 0.0912701, -0.0764556, -0.37019, 0.547017, -1.00015e-05, -3.93848e-06, -4.49312e-06, 0.040346, 0.411309, 0.012632, 0.508798, 0.105596, 0.185881, 0.751611, 0.562342, 0.344751, 0.536515, -0.825245, 0.176414, 0.383709, 0.0523694, -0.921968, -0.000307952, -0.00235183, -0.000468296, -0.000679957, 0.00143636, -0.00313941, 0.85144, 0.0879447, -0.620895, -2.57857, 0.101744, 3.04539, -0.465315, -0.00176434, -0.00063314, -0.00253802, -0.00179574, -0.000265719, -0.000354345, -0.00109763
279940, 10.28, 0.0095869, 0.0707906, 0.0912737, -0.0764628, -0.370198, 0.546996, -1.15644e-05, -4.96398e-06, -5.27377e-06, 0.040346, 0.411309, 0.012632, 0.508805, 0.105584, 0.185885, 0.751622, 0.562322, 0.344758, 0.536492, -0.825259, 0.176419, 0.383719, 0.0523597, -0.921965, 0.00040308, -0.0008393, 0.000492108, 0.000513637, -0.00114983, -0.00143713, 0.851428, 0.0879471, -0.620909, -2.57856, 0.101747, 3.04539, -0.465317, -0.000507732, -0.000821467, -0.00130469, 0.00012853, 0.000364941, 0.000386183, -0.000741749
290142, 10.291, 0.00958807, 0.070785, 0.0912737, -0.076465, -0.370198, 0.546984, -1.16551e-05, -4.8071e-06, -5.27768e-06, 0.040346, 0.411309, 0.012632, 0.508806, 0.105578, 0.185885, 0.751631, 0.56231, 0.344758, 0.53648, -0.825267, 0.176418, 0.383719, 0.0523547, -0.921964, 0.000723183, -0.000680752, 0.000886219, 0.00139345, -0.00191533, -0.0029744, 0.851423, 0.0879475, -0.620915, -2.57856, 0.101746, 3.04539, -0.465312, 0.000644635, -0.00101655, -0.00239682, 0.000821046, -3.514e-05, 0.000364772, 0.00141595
300355, 10.301, 0.00958278, 0.0707834, 0.0912662, -0.0764682, -0.370183, 0.546989, -8.00408e-06, -4.60975e-06, -3.8747e-06, 0.040346, 0.411309, 0.012632, 0.508801, 0.105576, 0.185877, 0.751635, 0.562315, 0.344742, 0.536485, -0.825264, 0.176417, 0.383705, 0.0523476, -0.921971, -0.000699008, -0.00017768, -0.0013498, -0.00166046, 0.00234159, -0.000240064, 0.85142, 0.0879553, -0.620911, -2.57857, 0.101746, 3.04539, -0.465314, -0.000171285, 0.00223618, 0.000530642, -0.0010822, -0.000208691, 0.000248933, 0.00078805
310563, 10.311, 0.00958095, 0.0707847, 0.0912647, -0.0764659, -0.370175, 0.546991, -6.27377e-06, -3.54626e-06, -3.02422e-06, 0.040346, 0.411309, 0.012632, 0.508799, 0.105578, 0.185876, 0.751637, 0.562316, 0.344734, 0.536487, -0.825264, 0.176412, 0.383696, 0.0523475, -0.921974, -0.000530315, 0.00165294, -0.000551938, -0.00047302, 0.00109129, 0.00235196, 0.851425, 0.0879551, -0.620913, -2.57857, 0.101746, 3.04538, -0.465312, 0.00341701, 0.0012314, 0.00010296, -1.80032e-05, -6.31685e-05, -0.000192283, 0.00132513
320773, 10.321, 0.00958093, 0.0707916, 0.0912657, -0.0764652, -0.370182, 0.547003, -7.74783e-06, -4.66751e-06, -3.78994e-06, 0.040346, 0.411309, 0.012632, 0.508799, 0.105585, 0.185877, 0.751625, 0.562329, 0.344741, 0.536499, -0.825255, 0.176417, 0.383704, 0.0523536, -0.921971, -3.91476e-05, 0.00132732, -8.31853e-06, -0.00088994, -0.000373584, 0.00394014, 0.851427, 0.0879559, -0.620902, -2.57857, 0.101744, 3.04539, -0.465314, 0.00143096, 0.000641354, 0.00107354, 0.00062677, -0.00051013, 0.00017227, -0.00103916
330989, 10.331, 0.00958074, 0.070794, 0.0912667, -0.0764634, -0.370184, 0.547008, -8.17623e-06, -4.68172e-06, -3.95284e-06, 0.040346, 0.411309, 0.012632, 0.508799, 0.105587, 0.185878, 0.751621, 0.562334, 0.344743, 0.536505, -0.825251, 0.176417, 0.383705, 0.0523572, -0.92197, 0.000273139, 5.54508e-05, 0.000487253, 0.000622044, -0.000333071, 0.000162714, 0.851428, 0.0879532, -0.620899, -2.57857, 0.101744, 3.04539, -0.465317, -0.000820325, -0.000855341, 0.000642441, 0.00071535, 0.000333032, -0.000905116, -0.000653441
341270, 10.342, 0.00958539, 0.0707962, 0.0912724, -0.0764615, -0.370196, 0.547002, -1.10492e-05, -4.8756e-06, -5.06423e-06, 0.040346, 0.411309, 0.012632, 0.508803, 0.105589, 0.185883, 0.751619, 0.562328, 0.344755, 0.536499, -0.825255, 0.176418, 0.383716, 0.0523618, -0.921965, 0.000570043, -2.10526e-05, 0.000561506, 0.000751964, -0.00134964, -0.00126214, 0.851434, 0.0879499, -0.620904, -2.57856, 0.101743, 3.04539, -0.46531, 0.000211107, -0.000141112, -0.000564193, 0.00109516, -6.04701e-05, 0.000211267, 0.00110749
351495, 10.352, 0.0095825, 0.0707895, 0.0912696, -0.0764631, -0.370189, 0.547, -9.46228e-06, -4.58405e-06, -4.41503e-06, 0.040346, 0.411309, 0.012632, 0.5088, 0.105582, 0.185881, 0.751623, 0.562326, 0.344748, 0.536497, -0.825256, 0.176417, 0.38371, 0.0523575, -0.921968, -0.000200951, -0.000840824, -0.000472402, -0.000569651, 0.000790867, -0.00139235, 0.851426, 0.0879468, -0.620907, -2.57857, 0.101745, 3.04539, -0.46532, -0.000647517, 0.000512992, -0.000706989, -0.000773298, -1.88823e-05, 0.000254382, 2.00015e-05
361717, 10.362, 0.00959896, 0.0707665, 0.0912822, -0.0764767, -0.37022, 0.546964, -1.59206e-05, -7.98234e-06, -7.48037e-06, 0.040346, 0.411309, 0.012632, 0.508817, 0.10556, 0.185893, 0.751635, 0.562294, 0.344777, 0.536457, -0.825279, 0.176432, 0.383744, 0.0523456, -0.921955, 0.00122954, -0.00186138, 0.000743911, 0.000433722, -0.00175768, -0.00450474, 0.851405, 0.0879422, -0.620937, -2.57855, 0.101746, 3.0454, -0.46533, -0.0021705, 0.000142495, -0.00187933, 0.00181748, 1.76027e-05, -7.23208e-06, 0.000585197
372001, 10.372, 0.00960865, 0.0707215, 0.0912834, -0.0764991, -0.370222, 0.546904, -1.5604e-05, -9.75934e-06, -7.70205e-06, 0.040346, 0.411309, 0.012632, 0.508827, 0.105515, 0.185894, 0.751677, 0.562238, 0.344776, 0.536393, -0.825319, 0.17644, 0.383751, 0.0523094, -0.921954, 0.00134892, -0.00453302, 0.000204089, -0.000920019, -0.000796774, -0.00812287, 0.851361, 0.0879422, -0.620981, -2.57855, 0.101745, 3.0454, -0.465341, -0.00533316, 0.000757362, -0.00365912, 0.000993951, -0.000363912, 3.74596e-05, -0.000524915
382443, 10.383, 0.00962062, 0.0706489, 0.0912847, -0.0765299, -0.370225, 0.546802, -1.51305e-05, -1.0904e-05, -7.74405e-06, 0.040346, 0.411309, 0.012632, 0.508839, 0.105442, 0.185896, 0.75175, 0.562142, 0.344774, 0.536284, -0.825389, 0.176445, 0.383759, 0.0522542, -0.921954, 0.00130034, -0.00572168, 0.000806967, -0.00119932, -0.00179564, -0.00741895, 0.8513, 0.0879345, -0.621061, -2.57856, 0.101745, 3.0454, -0.465352, -0.000618746, -0.0015629, -0.0107816, -0.000425649, -0.000372762, 0.000239638, -0.00394007
392906, 10.393, 0.00963597, 0.0705715, 0.0912824, -0.076573, -0.370221, 0.546694, -1.26628e-05, -1.4147e-05, -7.44192e-06, 0.040346, 0.411309, 0.012632, 0.508854, 0.105364, 0.185893, 0.751829, 0.562042, 0.344763, 0.536169, -0.825461, 0.176459, 0.383766, 0.0521837, -0.921955, 0.000473328, -0.00529288, -0.0022316, -0.00585163, 0.00359908, -0.00620585, 0.851253, 0.0879468, -0.621162, -2.57856, 0.101746, 3.0454, -0.465361, -0.00402733, 0.00575061, -0.00510096, 0.000245946, -5.13723e-05, -0.000555257, -0.00308755
403345, 10.404, 0.00965661, 0.070472, 0.0912825, -0.0766261, -0.370223, 0.546557, -1.08755e-05, -1.82212e-05, -7.5534e-06, 0.040346, 0.411309, 0.012632, 0.508875, 0.105265, 0.185894, 0.751928, 0.561915, 0.344755, 0.536021, -0.825553, 0.176477, 0.383778, 0.0520974, -0.921954, 0.00236935, -0.01228, 5.84888e-05, -0.00124357, 0.000119987, -0.0235838, 0.851193, 0.0879552, -0.621294, -2.57856, 0.101746, 3.0454, -0.465375, -0.00972788, 0.000213234, -0.0140892, -0.000352961, -0.000200804, -0.00058725, -2.36979e-05
413792, 10.414, 0.00967796, 0.0703646, 0.0912835, -0.0766823, -0.370219, 0.546416, -7.7438e-06, -2.24342e-05, -7.18884e-06, 0.040346, 0.411309, 0.012632, 0.508896, 0.105158, 0.185894, 0.752032, 0.561785, 0.344741, 0.535869, -0.825647, 0.176496, 0.383787, 0.0520054, -0.921956, 0.00198343, -0.0108113, -0.000200208, -0.00148823, 0.000429635, -0.0214463, 0.851137, 0.0879591, -0.621446, -2.57856, 0.101744, 3.04539, -0.465399, -0.00519417, 0.000932064, -0.0155653, -0.000433228, -0.000318514, -0.000390243, 0.00108917
424228, 10.425, 0.00970746, 0.0702316, 0.0912905, -0.0767508, -0.370232, 0.546237, -8.00765e-06, -2.85233e-05, -8.45326e-06, 0.040346, 0.411309, 0.012632, 0.508925, 0.105025, 0.185902, 0.752154, 0.56162, 0.344742, 0.535677, -0.825766, 0.176523, 0.383815, 0.0518977, -0.92195, 0.00241955, -0.00995826, 0.000834589, -6.64821e-05, -0.00174721, -0.0207352, 0.851087, 0.0879559, -0.621655, -2.57856, 0.101747, 3.04539, -0.465433, -0.00158748, -0.00046773, -0.0179384, 0.000365671, 7.19725e-06, -2.86901e-05, 0.00140024
434581, 10.435, 0.00973982, 0.070094, 0.0913004, -0.0768202, -0.370257, 0.546037, -1.11835e-05, -3.45294e-05, -1.07909e-05, 0.040346, 0.411309, 0.012632, 0.508958, 0.104887, 0.185911, 0.752287, 0.561434, 0.344756, 0.535462, -0.8259, 0.17655, 0.383855, 0.051788, -0.92194, 0.0032423, -0.0134861, 0.00195863, -0.000641131, -0.00377308, -0.0239137, 0.851039, 0.0879506, -0.621876, -2.57856, 0.101747, 3.0454, -0.465449, -0.00161007, -0.00336281, -0.0255717, -0.00031785, -0.00275378, -4.35002e-05, -0.000825442
445022, 10.445, 0.00976996, 0.0699526, 0.0913079, -0.076883, -0.370269, 0.545814, -1.20343e-05, -3.66186e-05, -1.15091e-05, 0.040346, 0.411309, 0.012632, 0.508988, 0.104746, 0.185919, 0.752442, 0.561223, 0.34476, 0.535227, -0.82605, 0.176559, 0.383878, 0.0516746, -0.921937, 0.0043904, -0.0158266, 0.00321493, 0.00259234, -0.00396239, -0.0274171, 0.850978, 0.0879419, -0.622117, -2.57856, 0.101749, 3.04539, -0.465439, -0.00518336, -0.00508045, -0.0218291, -0.000492428, 1.7796e-05, -0.000326791, 0.00048496
455489, 10.456, 0.00980623, 0.0698132, 0.0913223, -0.076948, -0.370299, 0.545592, -1.70071e-05, -4.07302e-05, -1.41562e-05, 0.040346, 0.411309, 0.012632, 0.509024, 0.104606, 0.185933, 0.752588, 0.561014, 0.344782, 0.534992, -0.826199, 0.176577, 0.383921, 0.0515655, -0.921925, 0.00236773, -0.00912461, 0.00094067, 0.00147297, -0.00168288, -0.0212138, 0.850942, 0.0879342, -0.62233, -2.57855, 0.10175, 3.04539, -0.465438, -7.92465e-05, -0.000440064, -0.0173836, 0.000759931, 0.00388439, -0.00022374, 0.000473246
465920, 10.466, 0.00982863, 0.0696954, 0.091328, -0.0769996, -0.370311, 0.545408, -1.8255e-05, -4.2625e-05, -1.49859e-05, 0.040346, 0.411309, 0.012632, 0.509047, 0.104488, 0.185939, 0.752715, 0.56084, 0.344787, 0.534798, -0.826323, 0.176586, 0.383942, 0.0514729, -0.921921, 0.0024849, -0.010267, 0.000997716, -0.000115847, -0.001913, -0.0200347, 0.850906, 0.0879232, -0.622523, -2.57856, 0.10175, 3.04539, -0.465434, -0.00341187, -0.00104086, -0.0167714, 0.000329435, 0.000518109, -0.000199022, -0.000568091
476349, 10.477, 0.00985522, 0.0696014, 0.0913374, -0.0770488, -0.370337, 0.545253, -2.25955e-05, -4.6825e-05, -1.74137e-05, 0.040346, 0.411309, 0.012632, 0.509073, 0.104394, 0.185948, 0.752814, 0.560696, 0.344807, 0.534633, -0.826425, 0.176604, 0.383978, 0.0513951, -0.921911, 0.00108534, -0.00693967, -0.000151993, -0.000758422, 0.000675229, -0.0142797, 0.850888, 0.0879256, -0.62269, -2.57855, 0.101749, 3.0454, -0.465423, -0.000806209, 0.000305331, -0.0124316, -0.000651392, -0.000141835, -0.000610571, 0.00127944
486711, 10.487, 0.00986695, 0.0695515, 0.0913426, -0.077072, -0.370348, 0.545176, -2.42066e-05, -4.83429e-05, -1.83071e-05, 0.040346, 0.411309, 0.012632, 0.509085, 0.104344, 0.185954, 0.752865, 0.560623, 0.344814, 0.534551, -0.826477, 0.176611, 0.383993, 0.0513563, -0.921907, 0.000954386, -0.00437767, 0.000572495, 7.94231e-05, -0.00123251, -0.00821759, 0.85089, 0.0879197, -0.62279, -2.57855, 0.101749, 3.0454, -0.465423, 0.000232998, -0.00108542, -0.0088701, -0.000416776, -3.49381e-05, 0.000316563, -0.000406616
497145, 10.497, 0.00987708, 0.0695256, 0.0913473, -0.0770876, -0.370358, 0.545136, -2.58506e-05, -5.03698e-05, -1.93103e-05, 0.040346, 0.411309, 0.012632, 0.509095, 0.104319, 0.185958, 0.752888, 0.560587, 0.344821, 0.534508, -0.826503, 0.17662, 0.384006, 0.0513345, -0.921902, 0.00260353, -0.00260872, 0.00220739, 0.000690768, -0.00495997, -0.00478395, 0.850892, 0.0879218, -0.622844, -2.57854, 0.10175, 3.0454, -0.465426, -6.00709e-05, -0.000787257, -0.0061537, 0.00416528, 0.000149715, -8.07724e-05, -0.00143698
507649, 10.508, 0.00988121, 0.0695278, 0.0913512, -0.0770882, -0.370366, 0.545135, -2.76904e-05, -5.11097e-05, -2.01402e-05, 0.040346, 0.411309, 0.012632, 0.509099, 0.104321, 0.185962, 0.752885, 0.560587, 0.344829, 0.534507, -0.826503, 0.176623, 0.384015, 0.0513366, -0.921899, 0.000687455, 0.000291303, 0.000654639, -0.00164664, -0.00171179, 0.00338432, 0.850898, 0.0879227, -0.622848, -2.57853, 0.101749, 3.0454, -0.465423, 0.000382313, 1.70815e-05, -0.000722908, 0.00161309, -0.00407984, -0.000156906, -5.204e-05
518116, 10.519, 0.00988099, 0.069548, 0.0913528, -0.0770822, -0.37037, 0.545163, -2.86017e-05, -5.16577e-05, -2.05861e-05, 0.040346, 0.411309, 0.012632, 0.509099, 0.104341, 0.185964, 0.752863, 0.560613, 0.344833, 0.534535, -0.826484, 0.176626, 0.384018, 0.0513506, -0.921897, -0.00149875, 0.00213085, -0.0015042, -0.00137763, 0.0062523, 0.00453837, 0.85092, 0.0879279, -0.622832, -2.57852, 0.101748, 3.0454, -0.465419, 0.00154284, 0.00129477, 0.00322946, -0.000147375, 0.0006669, -0.00507119, -0.000421805
528566, 10.529, 0.0098847, 0.0695721, 0.0913587, -0.0770756, -0.370382, 0.545196, -3.1491e-05, -5.31012e-05, -2.19434e-05, 0.040346, 0.411309, 0.012632, 0.509103, 0.104365, 0.18597, 0.752833, 0.560646, 0.344846, 0.534569, -0.826461, 0.176632, 0.38403, 0.0513695, -0.921891, -0.000255621, 0.00202817, -0.000457253, -0.000650822, 0.000811169, 0.00340356, 0.850945, 0.0879323, -0.622814, -2.5785, 0.101747, 3.0454, -0.465418, 0.000638474, 0.00169433, 0.00341516, 0.000963941, -0.000260982, -0.000375284, 0.000992392
539026, 10.539, 0.00987327, 0.0695986, 0.09135, -0.077068, -0.370364, 0.545249, -2.71786e-05, -5.30413e-05, -2.03188e-05, 0.040346, 0.411309, 0.012632, 0.509091, 0.104392, 0.185961, 0.752803, 0.560697, 0.344827, 0.534624, -0.826425, 0.176632, 0.384011, 0.0513839, -0.921898, -0.000388832, 0.00146246, -0.00038534, -0.00126087, 0.00290663, 0.00421574, 0.85097, 0.0879414, -0.622783, -2.57851, 0.101746, 3.0454, -0.465426, 0.00163648, 0.000678105, 0.00118298, 0.00128694, -0.000263965, -0.00374864, -0.00120846
549471, 10.55, 0.00986628, 0.0696278, 0.0913464, -0.0770563, -0.370357, 0.545292, -2.59656e-05, -5.23644e-05, -1.97355e-05, 0.040346, 0.411309, 0.012632, 0.509084, 0.104421, 0.185957, 0.752776, 0.560738, 0.344822, 0.534669, -0.826396, 0.176629, 0.384002, 0.0514038, -0.9219, -0.000291239, 0.00337797, 0.000364897, -0.00315198, -0.00117409, 0.0127014, 0.850992, 0.0879475, -0.622747, -2.57851, 0.101745, 3.0454, -0.46542, 7.16676e-05, -0.000480499, 0.00511644, 0.000788964, -0.00826505, -0.000111326, -0.000234508
559930, 10.56, 0.0098584, 0.0696637, 0.0913447, -0.0770424, -0.370352, 0.545352, -2.51999e-05, -5.23407e-05, -1.94445e-05, 0.040346, 0.411309, 0.012632, 0.509076, 0.104457, 0.185956, 0.752735, 0.560795, 0.344818, 0.534732, -0.826356, 0.176629, 0.383995, 0.0514307, -0.921902, -0.000824065, 0.00502468, 0.000240454, -7.28554e-05, -0.000758853, 0.0108672, 0.851038, 0.08795, -0.622722, -2.57851, 0.101746, 3.0454, -0.465425, 0.00704968, -0.000338229, 0.00255184, 0.000269935, -0.000607558, 0.00036639, -0.00078718
570350, 10.571, 0.00984514, 0.0697202, 0.0913428, -0.0770142, -0.370342, 0.545435, -2.38626e-05, -4.99833e-05, -1.84927e-05, 0.040346, 0.411309, 0.012632, 0.509063, 0.104513, 0.185954, 0.75268, 0.560872, 0.344812, 0.534821, -0.826301, 0.176618, 0.383979, 0.0514758, -0.921906, -0.0017873, 0.0077133, -0.000154813, 0.000582507, -0.000534736, 0.0151927, 0.8511, 0.0879475, -0.622674, -2.57851, 0.101745, 3.04539, -0.465419, 0.00867204, -0.000414077, 0.00643233, -0.00101073, -0.000374208, 0.00167154, 0.000184062
580588, 10.581, 0.00984035, 0.0697764, 0.0913503, -0.0769882, -0.370361, 0.545517, -2.89498e-05, -5.0378e-05, -2.04711e-05, 0.040346, 0.411309, 0.012632, 0.509058, 0.104569, 0.185961, 0.752612, 0.56095, 0.344835, 0.534907, -0.826245, 0.17662, 0.383993, 0.0515284, -0.921897, -0.000362572, 0.00627569, -0.000517483, -0.00159872, -0.000135491, 0.0121732, 0.851146, 0.0879394, -0.622615, -2.5785, 0.101745, 3.0454, -0.465423, 0.00539398, 0.00391552, 0.00701497, 0.00303031, 0.000579449, 0.000264703, -0.000157781
590787, 10.591, 0.00982673, 0.0698455, 0.0913523, -0.0769521, -0.370363, 0.545619, -3.06853e-05, -4.83439e-05, -2.07306e-05, 0.040346, 0.411309, 0.012632, 0.509045, 0.104639, 0.185963, 0.752537, 0.561045, 0.344843, 0.535016, -0.826176, 0.176611, 0.383987, 0.0515901, -0.921896, -0.00206738, 0.0101866, 0.000483778, 0.00211429, -0.000775516, 0.0198196, 0.851195, 0.0879291, -0.622532, -2.5785, 0.101741, 3.0454, -0.46542, 0.00827301, -0.00220754, 0.0112226, -0.000500358, 6.72807e-05, 0.000532584, -0.000488778
601161, 10.602, 0.00981064, 0.0699223, 0.0913512, -0.0769153, -0.370359, 0.545738, -3.09458e-05, -4.66404e-05, -2.05017e-05, 0.040346, 0.411309, 0.012632, 0.509029, 0.104715, 0.185962, 0.752453, 0.561157, 0.344844, 0.535142, -0.826096, 0.176603, 0.383976, 0.0516546, -0.921897, -0.00139983, 0.00641815, 0.000144449, 0.00130509, 3.20705e-05, 0.0125166, 0.851253, 0.0879256, -0.622441, -2.5785, 0.101742, 3.0454, -0.465424, 0.00283165, -0.00132563, 0.00942169, -0.000372479, -0.000267151, 5.74862e-05, -9.03681e-05
611592, 10.612, 0.00979731, 0.0700013, 0.0913494, -0.0768821, -0.370355, 0.545855, -3.10322e-05, -4.56915e-05, -2.03522e-05, 0.040346, 0.411309, 0.012632, 0.509015, 0.104794, 0.18596, 0.75237, 0.561268, 0.344844, 0.535266, -0.826017, 0.176599, 0.383966, 0.0517153, -0.921898, -0.00127291, 0.00659905, -0.000291021, 0.00036085, 0.000720322, 0.0119847, 0.851306, 0.0879334, -0.622341, -2.57849, 0.101741, 3.0454, -0.465419, 0.00584245, 0.000703955, 0.00706071, 0.000595969, 6.84692e-05, -0.000319966, 0.000933374
621992, 10.622, 0.00977441, 0.0700813, 0.0913391, -0.0768489, -0.370333, 0.545989, -2.66652e-05, -4.42469e-05, -1.8442e-05, 0.040346, 0.411309, 0.012632, 0.508992, 0.104874, 0.18595, 0.752284, 0.561396, 0.344825, 0.535407, -0.825926, 0.176593, 0.383938, 0.0517737, -0.921906, -0.00228792, 0.00711005, -0.00133358, -0.0010228, 0.00272479, 0.0146647, 0.851368, 0.0879417, -0.622243, -2.5785, 0.10174, 3.0454, -0.465426, 0.0075086, 0.00148631, 0.00706772, -0.00123, 0.000522779, -8.59306e-05, -0.000693291
632395, 10.633, 0.00975004, 0.0701689, 0.0913292, -0.0768073, -0.370312, 0.546121, -2.34084e-05, -4.08701e-05, -1.65771e-05, 0.040346, 0.411309, 0.012632, 0.508968, 0.104962, 0.18594, 0.752199, 0.561518, 0.34481, 0.535547, -0.825839, 0.176578, 0.383909, 0.0518404, -0.921914, -0.00214039, 0.00865001, -0.00182812, -0.00128363, 9.79723e-05, 0.0162405, 0.851419, 0.0879474, -0.62212, -2.57851, 0.101738, 3.0454, -0.465415, 0.00321469, 0.00424386, 0.0145907, -0.00108913, 0.000172314, 0.00485474, 0.00142723
642735, 10.643, 0.00972941, 0.0702376, 0.0913188, -0.076778, -0.37029, 0.546236, -1.90849e-05, -3.92449e-05, -1.46488e-05, 0.040346, 0.411309, 0.012632, 0.508947, 0.105031, 0.18593, 0.752126, 0.561627, 0.344791, 0.535668, -0.825762, 0.176571, 0.383882, 0.0518903, -0.921923, -0.00115923, 0.00540124, -0.000104748, 0.000849536, 0.000197081, 0.00990684, 0.851458, 0.0879559, -0.622021, -2.57852, 0.101738, 3.0454, -0.465421, 0.00287165, -0.000277295, 0.00758022, -0.000135857, -0.0001813, 0.000282015, 0.00072594
653137, 10.653, 0.00971862, 0.0703069, 0.091319, -0.0767422, -0.370291, 0.546354, -2.04537e-05, -3.81238e-05, -1.4946e-05, 0.040346, 0.411309, 0.012632, 0.508932, 0.105108, 0.185928, 0.75204, 0.561739, 0.344797, 0.535793, -0.825682, 0.176566, 0.383876, 0.0519555, -0.921922, -0.00206258, 0.00703777, -0.000576165, 0.000851677, 0.00143846, 0.0138969, 0.851496, 0.087956, -0.621908, -2.57852, 0.101739, 3.04541, -0.465423, 0.00201507, -0.000660621, 0.0118503, -0.00134798, 7.70483e-05, 0.000214773, -0.000231587
663552, 10.664, 0.00970568, 0.0703735, 0.0913179, -0.0767155, -0.370292, 0.54644, -2.15853e-05, -3.72522e-05, -1.52023e-05, 0.040346, 0.411309, 0.012632, 0.508924, 0.105167, 0.185929, 0.751977, 0.56182, 0.344802, 0.535884, -0.825623, 0.176562, 0.383873, 0.0520037, -0.921921, -0.000342914, 0.00479234, 0.00028069, 0.00252731, -0.000551779, 0.00440697, 0.851513, 0.0879581, -0.621814, -2.57851, 0.101738, 3.04541, -0.465422, -4.90363e-05, 0.000361544, 0.00900711, 0.00160782, -0.000161601, 8.01716e-05, 0.00514262
674040, 10.674, 0.00969608, 0.0704212, 0.0913188, -0.0766888, -0.370293, 0.546511, -2.27683e-05, -3.53808e-05, -1.52864e-05, 0.040346, 0.411309, 0.012632, 0.508914, 0.105214, 0.18593, 0.751926, 0.561886, 0.344807, 0.53596, -0.825576, 0.176553, 0.383868, 0.0520479, -0.92192, -0.000518412, 0.00362462, 3.85143e-05, 0.000734186, 1.53954e-05, 0.00614265, 0.851524, 0.0879507, -0.621734, -2.57851, 0.101738, 3.04541, -0.465423, 0.000363774, 9.7743e-05, 0.00651505, 0.000679962, -0.000148524, -0.000142978, 0.000950318
684443, 10.685, 0.00968811, 0.0704459, 0.091317, -0.0766745, -0.370294, 0.546551, -2.34295e-05, -3.45445e-05, -1.53735e-05, 0.040346, 0.411309, 0.012632, 0.508906, 0.105239, 0.185928, 0.751897, 0.561923, 0.34481, 0.536003, -0.825549, 0.17655, 0.383865, 0.0520723, -0.92192, -0.00061655, 0.00396915, 0.000470673, 0.000378664, -0.000930996, 0.00972556, 0.85152, 0.0879454, -0.621681, -2.57852, 0.101739, 3.04542, -0.465428, -0.0020779, -0.00155778, 0.00909196, 9.43719e-05, -0.00224936, 0.000227996, -0.000825064
694776, 10.695, 0.00968175, 0.0704553, 0.0913137, -0.0766684, -0.370286, 0.546569, -2.19349e-05, -3.35746e-05, -1.46288e-05, 0.040346, 0.411309, 0.012632, 0.5089, 0.105248, 0.185925, 0.751888, 0.561939, 0.344804, 0.536022, -0.825537, 0.176545, 0.383856, 0.0520801, -0.921923, -0.000698508, 0.00154174, 0.000263919, 0.00121876, -6.64247e-05, 0.00319139, 0.851528, 0.0879426, -0.621669, -2.57853, 0.101738, 3.04542, -0.465429, 0.000830434, -0.00208092, 0.00204208, -0.00136083, -6.28205e-05, 0.000131129, -0.000369516
705038, 10.705, 0.00968293, 0.0704489, 0.0913132, -0.0766706, -0.370286, 0.546553, -2.19373e-05, -3.31689e-05, -1.4552e-05, 0.040346, 0.411309, 0.012632, 0.508901, 0.105242, 0.185924, 0.751899, 0.561924, 0.344804, 0.536006, -0.825548, 0.176544, 0.383856, 0.052074, -0.921923, 0.000651182, 0.000283931, 0.000783842, -0.00119793, -0.00189408, 0.00275747, 0.851523, 0.0879443, -0.621676, -2.57853, 0.101739, 3.04542, -0.465422, 2.7143e-06, -0.000529465, -0.000548605, 0.00135456, -0.00504448, -6.5231e-05, 0.00131177
715293, 10.716, 0.00968, 0.0704372, 0.0913067, -0.0766772, -0.370273, 0.54654, -1.8772e-05, -3.28562e-05, -1.33083e-05, 0.040346, 0.411309, 0.012632, 0.508898, 0.10523, 0.185918, 0.751915, 0.561911, 0.34479, 0.535992, -0.825558, 0.176542, 0.383845, 0.0520598, -0.921929, -4.1974e-05, -0.00220856, -0.000865049, -0.000863275, 0.00201086, -0.00519213, 0.851512, 0.0879506, -0.621684, -2.57854, 0.10174, 3.04542, -0.465422, -0.000951213, 0.00152413, -0.00279733, -0.000511505, 0.000535433, -0.000612068, 0.00103582
725543, 10.726, 0.0096864, 0.0704332, 0.091314, -0.0766771, -0.370288, 0.54653, -2.21679e-05, -3.33867e-05, -1.468e-05, 0.040346, 0.411309, 0.012632, 0.508904, 0.105226, 0.185925, 0.751915, 0.561902, 0.344805, 0.535981, -0.825564, 0.176545, 0.383859, 0.0520623, -0.921923, 8.64413e-05, 0.00223745, 0.000510973, -0.00192804, -0.00133131, 0.00810257, 0.851503, 0.0879432, -0.621687, -2.57853, 0.101739, 3.04542, -0.465423, -0.000748812, -0.00042657, 0.00388649, 0.00113512, -0.00640563, -0.000170406, 0.000778354
735759, 10.736, 0.0096822, 0.0704269, 0.0913069, -0.0766825, -0.370273, 0.546527, -1.86514e-05, -3.33551e-05, -1.33588e-05, 0.040346, 0.411309, 0.012632, 0.5089, 0.10522, 0.185918, 0.751924, 0.5619, 0.344789, 0.535978, -0.825566, 0.176544, 0.383847, 0.0520516, -0.921929, -0.00121967, 0.000649866, -0.00124038, -0.00135709, 0.00501405, 0.00232097, 0.851502, 0.0879506, -0.621694, -2.57854, 0.10174, 3.04542, -0.465426, 0.0011148, 0.000614451, 0.000705276, -0.000854482, 0.000293348, -0.0037975, -0.000886296
745970, 10.746, 0.00967811, 0.0704184, 0.0913026, -0.0766825, -0.370259, 0.546517, -1.55121e-05, -3.16036e-05, -1.18493e-05, 0.040346, 0.411309, 0.012632, 0.508896, 0.105211, 0.185914, 0.751938, 0.561889, 0.344775, 0.535969, -0.825574, 0.176537, 0.383831, 0.052044, -0.921935, -0.000368424, -0.000491995, -0.000352289, -0.00100068, 0.00134788, 0.000900263, 0.851499, 0.0879479, -0.621705, -2.57855, 0.101742, 3.04541, -0.465427, 0.000783106, -0.000169885, -0.00156074, -0.000761874, -0.000177499, -0.000931105, -0.00168924
756181, 10.757, 0.00967667, 0.070419, 0.091298, -0.0766866, -0.370251, 0.546521, -1.33026e-05, -3.20877e-05, -1.11158e-05, 0.040346, 0.411309, 0.012632, 0.508895, 0.105212, 0.185909, 0.75194, 0.561893, 0.344765, 0.535972, -0.825572, 0.176539, 0.383824, 0.0520379, -0.921939, -0.00127748, -0.000795746, -0.00186323, -0.00212414, 0.0037183, -0.000193041, 0.851495, 0.0879585, -0.621698, -2.57855, 0.101739, 3.04541, -0.465423, -0.00162341, 0.00182089, 0.00106977, -0.00264141, -0.000149732, 9.01031e-05, -0.000398906
766392, 10.767, 0.00967163, 0.0704206, 0.0912937, -0.0766839, -0.370242, 0.546525, -1.14583e-05, -3.10198e-05, -1.02216e-05, 0.040346, 0.411309, 0.012632, 0.50889, 0.105214, 0.185905, 0.751941, 0.561896, 0.344757, 0.535976, -0.825569, 0.176534, 0.383815, 0.0520386, -0.921943, -0.000544647, 0.000409531, -0.000994536, -0.0014762, 0.00200223, 0.00194641, 0.851496, 0.0879585, -0.621693, -2.57856, 0.101743, 3.04541, -0.465425, -0.00176546, 0.00168073, 0.00305233, -0.000373776, 0.000359458, -0.000367279, -0.00109342
776601, 10.777, 0.00967501, 0.0704247, 0.0912964, -0.0766864, -0.370247, 0.546533, -1.23843e-05, -3.24944e-05, -1.08503e-05, 0.040346, 0.411309, 0.012632, 0.508893, 0.105218, 0.185907, 0.751932, 0.561905, 0.344761, 0.535984, -0.825563, 0.176541, 0.383821, 0.0520401, -0.92194, 0.000254025, 0.00205665, 0.000557826, -0.000322259, -0.00144393, 0.00483026, 0.851504, 0.0879623, -0.621695, -2.57855, 0.101739, 3.04541, -0.465426, 0.00475148, 0.000216702, -0.00103438, 0.00149255, -0.000122954, 7.52991e-06, -0.00100279
786810, 10.787, 0.00967269, 0.070433, 0.0912942, -0.076684, -0.370243, 0.546544, -1.15678e-05, -3.23038e-05, -1.05084e-05, 0.040346, 0.411309, 0.012632, 0.508891, 0.105226, 0.185905, 0.751926, 0.561916, 0.344758, 0.535996, -0.825556, 0.17654, 0.383817, 0.0520438, -0.921941, -0.000423796, 0.0014451, -0.000265609, -0.000468354, 0.000642402, 0.00312393, 0.851512, 0.0879668, -0.621686, -2.57855, 0.101738, 3.04541, -0.465421, 0.00222344, 0.000434303, 0.000681566, -5.1477e-05, -0.000346317, -0.000281829, 8.66455e-05
797019, 10.797, 0.00967046, 0.0704383, 0.0912943, -0.0766769, -0.370238, 0.546548, -1.08579e-05, -3.04638e-05, -9.89061e-06, 0.040346, 0.411309, 0.012632, 0.508888, 0.105231, 0.185905, 0.751926, 0.561917, 0.344755, 0.536001, -0.825554, 0.176532, 0.38381, 0.05205, -0.921944, 0.000102929, 0.0019088, 0.000716911, 0.00158419, -0.00128981, 0.00238929, 0.851514, 0.0879623, -0.621678, -2.57855, 0.101739, 3.0454, -0.465416, 0.000712365, -0.00106025, 0.00261432, 0.000841516, 0.000363235, 6.27931e-06, 0.000705615
