timestamp, robot_time[1], robot_ee_pos_error[3], robot_ee_ori_error[3], sensed_forces_moments[6], robot_ee_position[3], robot_ee_orientation[9], robot_ee_linear_velocity[3], robot_ee_angular_velocity[3], joint_angles[7], joint_velocities[7], 
10381, 10.0118, 0.0144875, -0.000452269, 0.096344, -0.478684, -0.0949808, 0.861988, 0.00012942, 6.88455e-06, -3.88298e-05, 0.040346, 0.411309, 0.012632, 0.513705, 0.0343407, 0.190955, 0.340473, 0.901039, -0.268712, 0.829228, -0.153027, 0.537553, 0.443236, -0.405846, -0.799269, 0.00092884, 0.000204159, -0.000185517, -0.00181742, -4.4707e-05, 0.000748936, 0.64263, 0.0684367, -0.543973, -2.47144, -1.24926, 2.68373, -0.0723531, -0.000797642, 0.0032011, 0.00149207, 0.00298764, 0.000381125, -0.000315354, -0.000549648
20783, 10.0218, 0.0144767, -0.000444663, 0.0963067, -0.478672, -0.0949238, 0.862008, 0.000145509, 1.82325e-05, -3.66078e-05, 0.040346, 0.411309, 0.012632, 0.513695, 0.0343483, 0.190918, 0.340426, 0.901036, -0.268783, 0.829271, -0.152973, 0.537503, 0.443193, -0.405874, -0.799279, -0.00231398, 0.000192846, -0.00441764, -0.00533811, 0.00935573, 0.00276886, 0.642653, 0.0685228, -0.543967, -2.47144, -1.24926, 2.68373, -0.072356, 0.00163595, 0.00718561, 0.000384249, -0.0031544, -0.000208614, -0.000212609, -0.00101184
31026, 10.0318, 0.014461, -0.000451422, 0.0962607, -0.478663, -0.0948489, 0.862025, 0.000164033, 3.2499e-05, -3.32447e-05, 0.040346, 0.411309, 0.012632, 0.513679, 0.0343416, 0.190872, 0.3404, 0.901021, -0.268865, 0.829318, -0.152939, 0.537439, 0.443124, -0.40592, -0.799294, -0.00250524, 0.00183652, -0.00554159, -0.0108979, 0.0102582, 0.0124859, 0.642654, 0.0686195, -0.543964, -2.47145, -1.24926, 2.68373, -0.0723548, 0.00452447, 0.0102865, 0.000887741, -0.00280897, -0.00940922, 0.000548036, 0.00103688
41478, 10.0428, 0.0144406, -0.000452525, 0.0961988, -0.478648, -0.0947505, 0.862052, 0.000189451, 5.16978e-05, -2.88882e-05, 0.040346, 0.411309, 0.012632, 0.513659, 0.0343405, 0.19081, 0.34035, 0.901007, -0.268978, 0.829384, -0.152878, 0.537354, 0.443039, -0.405975, -0.799313, -0.00224692, 0.00240733, -0.00690213, -0.00910373, 0.0126778, 0.00728732, 0.642664, 0.0687529, -0.543953, -2.47146, -1.24926, 2.68373, -0.0723555, 0.00625372, 0.0154237, 0.000947597, -0.000563849, -0.000465228, 0.000234299, 0.000503657
51710, 10.0528, 0.0144156, -0.000458571, 0.0961196, -0.478631, -0.0946214, 0.862084, 0.000222754, 7.63537e-05, -2.35247e-05, 0.040346, 0.411309, 0.012632, 0.513634, 0.0343344, 0.190731, 0.340289, 0.900985, -0.269126, 0.829469, -0.152803, 0.537245, 0.442927, -0.40605, -0.799337, -0.00228871, -0.000103804, -0.00801029, -0.0112194, 0.015391, 0.00366892, 0.64267, 0.0689262, -0.543941, -2.47147, -1.24926, 2.68373, -0.072361, -0.000268362, 0.0181977, 0.00306431, -0.000228633, 6.74281e-05, 2.26169e-05, -0.00116475
61973, 10.0628, 0.0143959, -0.000458166, 0.0960363, -0.478616, -0.0944891, 0.862118, 0.000258406, 0.000100592, -1.92427e-05, 0.040346, 0.411309, 0.012632, 0.513614, 0.0343348, 0.190647, 0.34022, 0.900964, -0.269284, 0.829555, -0.152713, 0.537138, 0.442819, -0.406131, -0.799356, -0.00202406, -0.00133987, -0.00907163, -0.0133101, 0.0166955, 0.00112838, 0.64269, 0.0691282, -0.543928, -2.47146, -1.24926, 2.68373, -0.0723585, 0.000494396, 0.0221338, 0.00047977, 0.00120196, 7.67592e-05, -0.000123747, -0.000305168
72186, 10.0738, 0.0143571, -0.000471082, 0.0959157, -0.478589, -0.0942995, 0.862164, 0.0003055, 0.000137532, -1.02954e-05, 0.040346, 0.411309, 0.012632, 0.513575, 0.0343219, 0.190527, 0.340145, 0.90093, -0.269492, 0.829678, -0.15262, 0.536974, 0.442646, -0.406241, -0.799395, -0.00193996, -0.00179143, -0.0090206, -0.0091493, 0.0132615, -0.00589796, 0.642694, 0.0693884, -0.543916, -2.47148, -1.24926, 2.68374, -0.0723533, -0.000745978, 0.0220578, 0.000478269, 0.00119774, 2.21211e-05, 0.000704194, 0.00756175
82398, 10.0838, 0.014323, -0.000486732, 0.0958014, -0.47857, -0.0941131, 0.862204, 0.000352652, 0.000172113, -2.97146e-06, 0.040346, 0.411309, 0.012632, 0.513541, 0.0343063, 0.190412, 0.340079, 0.900893, -0.269701, 0.829794, -0.152531, 0.536821, 0.44248, -0.406358, -0.799428, -0.0032415, -0.00210993, -0.011392, -0.0143239, 0.0205726, -0.00124828, 0.642701, 0.0696432, -0.54391, -2.47149, -1.24926, 2.68374, -0.0723495, -0.000502458, 0.0257172, 0.000605996, -0.000690805, 0.000249031, 0.000325565, 0.00162893
92619, 10.0938, 0.0142875, -0.000507531, 0.0956826, -0.478556, -0.0939111, 0.862244, 0.000404043, 0.000208446, 4.07708e-06, 0.040346, 0.411309, 0.012632, 0.513505, 0.0342855, 0.190294, 0.340015, 0.900849, -0.269929, 0.829915, -0.152438, 0.53666, 0.442302, -0.40649, -0.799459, -0.00512148, -0.0025763, -0.0131839, -0.0160924, 0.0254567, -0.000865031, 0.642704, 0.0699083, -0.543904, -2.4715, -1.24926, 2.68373, -0.0723503, -0.000670801, 0.0259658, 0.000727749, -0.00472484, 0.000186359, -0.000483178, 0.000411203
102840, 10.1038, 0.0142488, -0.000529932, 0.0955505, -0.478536, -0.0936919, 0.86229, 0.000459539, 0.000248688, 1.23403e-05, 0.040346, 0.411309, 0.012632, 0.513467, 0.0342631, 0.190161, 0.339941, 0.900803, -0.270175, 0.830049, -0.152335, 0.536481, 0.442107, -0.406631, -0.799496, -0.00415448, -0.00162716, -0.0145301, -0.0212428, 0.0281754, 0.00490266, 0.642713, 0.0702049, -0.543906, -2.47151, -1.24926, 2.68373, -0.0723517, 0.00395998, 0.0330995, -0.00158438, -0.000686649, -0.000319102, 0.000180862, -0.00273472
113132, 10.1148, 0.0141974, -0.00056174, 0.0953945, -0.478509, -0.0934315, 0.862344, 0.000523931, 0.000297512, 2.33235e-05, 0.040346, 0.411309, 0.012632, 0.513415, 0.0342313, 0.190006, 0.33986, 0.900748, -0.270461, 0.830209, -0.152225, 0.536265, 0.441868, -0.406794, -0.799544, -0.00456276, -0.00230867, -0.0132054, -0.0180804, 0.0259633, 0.00205134, 0.642707, 0.0705374, -0.543903, -2.47154, -1.24926, 2.68373, -0.0723567, 0.000219102, 0.0276827, 0.000372108, -0.00302865, -0.000351995, -0.000267428, -0.00179026
123346, 10.1248, 0.0141461, -0.000592299, 0.0952399, -0.478483, -0.0931763, 0.862396, 0.000586505, 0.000345345, 3.42215e-05, 0.040346, 0.411309, 0.012632, 0.513364, 0.0342007, 0.189851, 0.339787, 0.900692, -0.270738, 0.830365, -0.152125, 0.536053, 0.441633, -0.406955, -0.799593, -0.00563799, -0.00346834, -0.0180741, -0.0231727, 0.0339046, -0.000706902, 0.642702, 0.070867, -0.543899, -2.47157, -1.24926, 2.68373, -0.0723512, -0.00065744, 0.0395041, 0.000666127, -0.00247208, 0.000560199, 0.000271872, 0.000393888
133564, 10.1348, 0.014091, -0.000621808, 0.0950818, -0.478449, -0.0929193, 0.862454, 0.000649082, 0.00039518, 4.6425e-05, 0.040346, 0.411309, 0.012632, 0.513309, 0.0341712, 0.189693, 0.339702, 0.90064, -0.271015, 0.830527, -0.152018, 0.535832, 0.441393, -0.407109, -0.799647, -0.00607686, -0.00178156, -0.0157983, -0.0195291, 0.0308214, 0.00292133, 0.642704, 0.0711959, -0.543903, -2.47161, -1.24926, 2.68374, -0.0723532, 0.00211169, 0.0315584, 0.000184129, -0.00530732, 3.43893e-05, 0.000318697, -0.000841587
143783, 10.1448, 0.0140382, -0.00065132, 0.0949224, -0.47842, -0.0926549, 0.86251, 0.00071465, 0.000444986, 5.75577e-05, 0.040346, 0.411309, 0.012632, 0.513256, 0.0341417, 0.189533, 0.339616, 0.900585, -0.271306, 0.83069, -0.151903, 0.535611, 0.441152, -0.407273, -0.799696, -0.00677869, -0.00357485, -0.0175133, -0.0221657, 0.0345355, 0.000482316, 0.642702, 0.0715365, -0.543898, -2.47164, -1.24926, 2.68374, -0.072356, -0.000763201, 0.0346316, 0.000412025, -0.00622126, -6.68139e-05, -0.000195493, -0.00139821
153998, 10.1548, 0.0139799, -0.000685064, 0.0947543, -0.478389, -0.0923771, 0.862567, 0.000782431, 0.000497558, 6.97527e-05, 0.040346, 0.411309, 0.012632, 0.513198, 0.0341079, 0.189365, 0.339536, 0.900525, -0.271606, 0.83086, -0.151794, 0.535378, 0.440893, -0.407447, -0.79975, -0.00704853, -0.00235703, -0.0174268, -0.0211934, 0.0339592, 0.00175474, 0.642704, 0.0718883, -0.543902, -2.47168, -1.24926, 2.68374, -0.0723516, 0.00221088, 0.033883, -0.000250336, -0.00683931, -0.000101235, -0.000135599, -4.97786e-05
164213, 10.1658, 0.0139165, -0.000723095, 0.0945675, -0.478356, -0.0920664, 0.862631, 0.000858792, 0.000556112, 8.29911e-05, 0.040346, 0.411309, 0.012632, 0.513134, 0.0340699, 0.189178, 0.339442, 0.900458, -0.271945, 0.83105, -0.151668, 0.535119, 0.440607, -0.407642, -0.799809, -0.00622017, -0.00336074, -0.017207, -0.0189689, 0.030716, -0.00505497, 0.642704, 0.0722835, -0.543905, -2.47172, -1.24926, 2.68374, -0.0723526, 0.000339387, 0.0353663, -0.00039017, -0.00476934, 0.000343477, 2.36938e-05, 0.0056993
174647, 10.1758, 0.0138611, -0.000748375, 0.0943984, -0.47832, -0.0917933, 0.862694, 0.000926591, 0.000608784, 9.51587e-05, 0.040346, 0.411309, 0.012632, 0.513079, 0.0340446, 0.189009, 0.33934, 0.900406, -0.272245, 0.831224, -0.15154, 0.534885, 0.440358, -0.407805, -0.799863, -0.00574919, -0.00186555, -0.0167691, -0.0206195, 0.0320987, 0.00302782, 0.642707, 0.072647, -0.543897, -2.47175, -1.24926, 2.68375, -0.0723545, 0.000665473, 0.0354287, 0.00153619, -0.00361554, 0.000445133, 0.001231, -0.000812951
185096, 10.1858, 0.0138052, -0.000781841, 0.0942399, -0.478291, -0.0915294, 0.862748, 0.000998269, 0.000664073, 0.000107712, 0.040346, 0.411309, 0.012632, 0.513018, 0.0340123, 0.188834, 0.339245, 0.900346, -0.272563, 0.831404, -0.151416, 0.53464, 0.440091, -0.407984, -0.799918, -0.00505544, -0.00460565, -0.0165768, -0.0228495, 0.0317289, -0.00123239, 0.642714, 0.0730166, -0.5439, -2.47179, -1.24926, 2.68375, -0.0723557, -0.00138291, 0.0365221, -0.00124742, -0.0021066, -0.000476339, 0.000172822, -0.00123474
195465, 10.1968, 0.0137449, -0.000810505, 0.0940671, -0.478257, -0.0912464, 0.86281, 0.00106059, 0.000712996, 0.000119159, 0.040346, 0.411309, 0.012632, 0.512963, 0.0339825, 0.188678, 0.339169, 0.900291, -0.272839, 0.831562, -0.151316, 0.534423, 0.439852, -0.408142, -0.799969, -0.00432522, -0.00394995, -0.0166366, -0.0216766, 0.0295612, -0.0036767, 0.642712, 0.0733394, -0.543897, -2.47183, -1.24926, 2.68375, -0.0723508, -3.06251e-06, 0.0388982, -0.00128096, 0.000233832, 0.000210617, 0.000308515, 0.00300343
205973, 10.2068, 0.0136802, -0.000840187, 0.0939024, -0.478218, -0.0909758, 0.86287, 0.00112584, 0.000766183, 0.000132415, 0.040346, 0.411309, 0.012632, 0.512898, 0.0339528, 0.188513, 0.339079, 0.900237, -0.273128, 0.831733, -0.151206, 0.534188, 0.439597, -0.408302, -0.800028, -0.00725099, -0.0034544, -0.0182518, -0.0209449, 0.0344572, -0.00174086, 0.642713, 0.073664, -0.543894, -2.47189, -1.24926, 2.68375, -0.0723516, 0.000463759, 0.0357693, -0.000500656, -0.00695525, -0.000285045, 0.00041504, 0.00237963
216381, 10.2178, 0.0136144, -0.000872268, 0.0937338, -0.47818, -0.0906986, 0.862931, 0.00119246, 0.000820434, 0.000145875, 0.040346, 0.411309, 0.012632, 0.512832, 0.0339207, 0.188345, 0.338993, 0.90018, -0.273423, 0.831907, -0.151099, 0.533947, 0.439334, -0.408467, -0.800087, -0.00497155, -0.00540485, -0.0148893, -0.0190369, 0.028133, -0.00536159, 0.642711, 0.0739981, -0.543891, -2.47195, -1.24926, 2.68375, -0.0723494, -0.00533052, 0.0313712, 0.000538762, -0.00331239, -0.000301989, -0.000127955, 0.000773597
226832, 10.2278, 0.0135605, -0.000907958, 0.0935948, -0.478153, -0.0904666, 0.862976, 0.00124734, 0.000865092, 0.000156909, 0.040346, 0.411309, 0.012632, 0.512779, 0.033885, 0.188206, 0.338938, 0.900126, -0.273667, 0.832047, -0.151027, 0.533749, 0.439111, -0.408612, -0.800136, -0.00511454, -0.00379963, -0.0130602, -0.0153243, 0.0247085, -0.00393045, 0.6427, 0.0742733, -0.543897, -2.472, -1.24926, 2.68375, -0.0723466, -0.00106539, 0.0256772, -0.00136329, -0.00493264, -0.000109875, -6.35547e-05, 0.0017138
237282, 10.2388, 0.0135009, -0.000937014, 0.0934492, -0.478118, -0.0902264, 0.86303, 0.00130461, 0.000912629, 0.000169016, 0.040346, 0.411309, 0.012632, 0.512719, 0.033856, 0.18806, 0.338863, 0.900077, -0.273921, 0.832199, -0.150936, 0.533539, 0.438882, -0.408753, -0.80019, -0.00467067, -0.00249375, -0.0137072, -0.0175392, 0.0259162, 0.000239215, 0.642697, 0.0745539, -0.543896, -2.47206, -1.24926, 2.68375, -0.072348, -0.000105289, 0.0290868, 0.000425657, -0.00286524, -0.000348462, 0.000192124, 0.000452183
247724, 10.2488, 0.0134589, -0.000956793, 0.0933442, -0.478093, -0.0900553, 0.863066, 0.00134454, 0.000946713, 0.000178064, 0.040346, 0.411309, 0.012632, 0.512677, 0.0338362, 0.187955, 0.338818, 0.900041, -0.274097, 0.832305, -0.150881, 0.533388, 0.438714, -0.408854, -0.80023, -0.00290426, -0.0026193, -0.00859608, -0.0107867, 0.0162908, -0.00217766, 0.642698, 0.0747595, -0.543896, -2.4721, -1.24925, 2.68375, -0.0723448, 0.000921314, 0.0182569, -0.00280002, -0.00193983, 0.000333918, 0.000315722, 0.000164533
258102, 10.2588, 0.013428, -0.000971156, 0.0932556, -0.478075, -0.0899088, 0.863099, 0.00138092, 0.00097482, 0.000184333, 0.040346, 0.411309, 0.012632, 0.512646, 0.0338218, 0.187867, 0.338751, 0.900015, -0.274264, 0.832405, -0.150804, 0.533254, 0.438577, -0.408939, -0.800262, -0.00305742, 0.000502188, -0.00915952, -0.0122558, 0.0177216, 0.00535271, 0.642704, 0.0749621, -0.543891, -2.47212, -1.24925, 2.68376, -0.0723483, 0.00332285, 0.0199786, 0.00105431, -0.00131715, 7.57234e-06, 0.000316053, -0.00107642
268400, 10.2698, 0.0134131, -0.000970732, 0.0931893, -0.47806, -0.0898072, 0.863127, 0.00140817, 0.000994287, 0.000187961, 0.040346, 0.411309, 0.012632, 0.512631, 0.0338223, 0.1878, 0.338704, 0.899997, -0.27438, 0.832466, -0.150741, 0.533177, 0.438497, -0.409001, -0.800274, -0.00205667, 0.000853322, -0.00743026, -0.0105244, 0.0142269, 0.00562329, 0.642717, 0.0751097, -0.543886, -2.47211, -1.24925, 2.68376, -0.072349, 0.00268966, 0.0174249, 0.0017021, 0.000244511, 5.44661e-05, 0.000413972, -0.0013036
278620, 10.2798, 0.0134146, -0.000964615, 0.0931582, -0.478057, -0.0897638, 0.863139, 0.00142155, 0.00100175, 0.000188344, 0.040346, 0.411309, 0.012632, 0.512633, 0.0338284, 0.187769, 0.338668, 0.899993, -0.274439, 0.832496, -0.150695, 0.533144, 0.438469, -0.409028, -0.800276, 0.000627051, 0.000989279, -0.00216352, -0.00126729, 0.00255637, 0.00383217, 0.642726, 0.0752105, -0.543874, -2.47208, -1.24925, 2.68377, -0.0723468, 0.00110174, 0.00826853, -1.39099e-05, 0.0031688, -0.00018556, 0.00436014, -7.94719e-05
288832, 10.2898, 0.0134177, -0.000944729, 0.0931446, -0.478041, -0.089764, 0.863155, 0.00142323, 0.00100443, 0.000189558, 0.040346, 0.411309, 0.012632, 0.512636, 0.0338483, 0.187756, 0.338621, 0.900009, -0.274446, 0.832511, -0.150653, 0.533132, 0.438477, -0.409009, -0.800281, 0.000656694, 0.0013725, -0.00101644, -0.004744, 0.0033843, 0.00788353, 0.64274, 0.0752618, -0.543856, -2.47206, -1.24925, 2.6838, -0.072345, 0.00214292, 0.00516827, 0.000788201, 0.00295339, -5.57696e-05, 0.000604372, -0.00557372
299177, 10.3008, 0.0134202, -0.000906386, 0.0931457, -0.477994, -0.0898238, 0.863181, 0.00140732, 0.00100383, 0.000194611, 0.040346, 0.411309, 0.012632, 0.512638, 0.0338866, 0.187757, 0.338546, 0.900058, -0.274376, 0.832515, -0.150618, 0.533135, 0.438526, -0.408912, -0.800303, 0.00059537, 0.00513224, 0.000522447, 0.0144106, -0.00385365, 0.0124224, 0.64275, 0.0752625, -0.54383, -2.47206, -1.24925, 2.68389, -0.0723483, 0.000643859, -0.000770153, 0.00175451, -0.000378201, -0.000256629, 0.0175211, -0.000210763
309630, 10.3108, 0.0134291, -0.000860021, 0.0931583, -0.477925, -0.08994, 0.863211, 0.00137389, 0.000998792, 0.000202713, 0.040346, 0.411309, 0.012632, 0.512647, 0.033933, 0.187769, 0.338467, 0.900133, -0.274228, 0.832503, -0.15061, 0.533157, 0.438611, -0.408751, -0.800339, 0.00139284, 0.00348784, 0.00279725, 0.0138975, -0.00761458, 0.00776856, 0.642754, 0.0752406, -0.543816, -2.47206, -1.24925, 2.68405, -0.0723443, -4.74129e-06, -0.00544757, 0.000111549, 0.000389918, -0.000300237, 0.0133673, -3.37065e-05
320069, 10.3208, 0.013439, -0.000799242, 0.0931748, -0.477842, -0.0900779, 0.863248, 0.00133446, 0.000992857, 0.000212266, 0.040346, 0.411309, 0.012632, 0.512663, 0.0340027, 0.187792, 0.338358, 0.900234, -0.27403, 0.832482, -0.150589, 0.533194, 0.438733, -0.408536, -0.800382, 0.00132967, 0.0064954, 0.00186569, 0.0173481, -0.00692362, 0.0148007, 0.642777, 0.0752065, -0.543796, -2.47205, -1.24924, 2.68425, -0.0723445, 0.00187455, -0.00282285, 0.00188974, 0.000643072, -0.000174504, 0.0194346, -0.000191239
330514, 10.3318, 0.013459, -0.000733751, 0.093198, -0.477757, -0.0902402, 0.863285, 0.0012899, 0.000983299, 0.000221147, 0.040346, 0.411309, 0.012632, 0.512677, 0.0340592, 0.187809, 0.338262, 0.900323, -0.273855, 0.832465, -0.150574, 0.533225, 0.43884, -0.408345, -0.800421, 0.000980785, 0.00395474, 0.000782072, 0.0172371, -0.00522921, 0.00930552, 0.642788, 0.0751855, -0.543783, -2.47204, -1.24924, 2.68444, -0.0723417, 6.01682e-05, -0.000822472, -0.00114596, -9.13255e-05, 0.000362902, 0.0202805, 0.000621389
341048, 10.3418, 0.0134783, -0.000679535, 0.0932199, -0.477682, -0.0903856, 0.863317, 0.00124971, 0.000974388, 0.000228959, 0.040346, 0.411309, 0.012632, 0.512696, 0.0341135, 0.187831, 0.338171, 0.900411, -0.273677, 0.832442, -0.15056, 0.533265, 0.438953, -0.408155, -0.800456, 0.00128063, 0.00503869, 0.00106452, 0.0181487, -0.0059833, 0.0117135, 0.642797, 0.0751628, -0.543774, -2.47202, -1.24924, 2.68463, -0.0723432, 5.50751e-05, -0.000834253, 0.000398983, 0.000602528, 0.00033219, 0.0213718, 0.000349339
351405, 10.3528, 0.0134942, -0.000630487, 0.0932325, -0.477614, -0.0905049, 0.863348, 0.00121672, 0.00096836, 0.000236217, 0.040346, 0.411309, 0.012632, 0.512712, 0.0341625, 0.187843, 0.338084, 0.900489, -0.273531, 0.832429, -0.15054, 0.533292, 0.439046, -0.407993, -0.800488, 0.00206228, 0.00589657, 0.00192496, 0.0195848, -0.0081756, 0.0136374, 0.642807, 0.0751609, -0.543764, -2.472, -1.24924, 2.6848, -0.0723432, 0.000312136, -0.0013218, 0.000928989, 0.00212967, 4.00584e-06, 0.0228062, 0.000327231
361865, 10.3628, 0.0135018, -0.0005953, 0.0932337, -0.477563, -0.0905782, 0.863373, 0.00119601, 0.000966499, 0.000242052, 0.040346, 0.411309, 0.012632, 0.512721, 0.034201, 0.187845, 0.338009, 0.900549, -0.273425, 0.832427, -0.150519, 0.5333, 0.439108, -0.407866, -0.800518, 0.000664698, 0.00343185, 0.000250018, 0.011402, -0.00313022, 0.0086874, 0.642817, 0.0751739, -0.543758, -2.47199, -1.24924, 2.68494, -0.0723421, 0.000167023, 0.000330492, 0.000339535, 0.000189385, -0.000407927, 0.0145188, 0.000212777
372330, 10.3728, 0.0135041, -0.000571883, 0.0932306, -0.477523, -0.0906262, 0.863392, 0.00118152, 0.000966733, 0.000247157, 0.040346, 0.411309, 0.012632, 0.512722, 0.0342211, 0.187842, 0.337969, 0.900579, -0.273375, 0.83243, -0.150509, 0.533299, 0.439133, -0.407804, -0.800536, 0.000709976, 0.000811068, 0.000137121, 0.00210454, -0.00143655, 0.000950502, 0.642818, 0.0751848, -0.543748, -2.47199, -1.24924, 2.68501, -0.0723379, -0.000669591, 0.00141632, 0.00115154, 0.0017476, 0.00044654, 0.0025965, 0.000826386
382778, 10.3838, 0.0135042, -0.000551038, 0.0932266, -0.477497, -0.0906509, 0.86341, 0.00117586, 0.000967607, 0.000249672, 0.040346, 0.411309, 0.012632, 0.512722, 0.034242, 0.187838, 0.337917, 0.900607, -0.27335, 0.832438, -0.150475, 0.533295, 0.439157, -0.407756, -0.800547, -0.000254918, 0.00118469, -0.00116314, 0.000861521, 0.00137346, 0.00258676, 0.642824, 0.0751961, -0.543733, -2.47199, -1.24925, 2.68506, -0.0723402, 0.00119837, 0.00284565, 0.000391706, 2.34114e-05, -4.82392e-05, 0.0027913, 0.000727757
393234, 10.3948, 0.0134929, -0.000540743, 0.0932134, -0.477482, -0.0906351, 0.863423, 0.00117912, 0.000973406, 0.000252423, 0.040346, 0.411309, 0.012632, 0.512711, 0.0342523, 0.187824, 0.33789, 0.900612, -0.273364, 0.832458, -0.150456, 0.533269, 0.439139, -0.407751, -0.80056, -0.000743505, 0.00269722, -0.000952654, -0.00174777, 0.00255689, 0.00665808, 0.642832, 0.0752067, -0.543717, -2.47201, -1.24924, 2.68506, -0.0723458, 0.00399269, 0.0013374, 0.00172871, -0.000810991, -0.000177274, -0.000373515, -0.00129092
403591, 10.4048, 0.0134833, -0.000536392, 0.0932043, -0.477472, -0.0906246, 0.86343, 0.00118099, 0.000977249, 0.000254345, 0.040346, 0.411309, 0.012632, 0.512701, 0.0342566, 0.187815, 0.337877, 0.900615, -0.273373, 0.832471, -0.150448, 0.533252, 0.439126, -0.407748, -0.800568, -0.00128954, -0.000231368, -0.00203539, -0.00211396, 0.00443092, 0.000702779, 0.642833, 0.0752082, -0.543707, -2.47203, -1.24924, 2.68506, -0.0723438, 6.95538e-05, 0.00266817, 0.000183816, -0.0021528, -0.000267368, 1.29897e-05, -0.000383131
413960, 10.4148, 0.0134766, -0.000531467, 0.0931939, -0.477465, -0.090613, 0.863436, 0.00118348, 0.000980571, 0.000255706, 0.040346, 0.411309, 0.012632, 0.512695, 0.0342615, 0.187805, 0.337866, 0.900615, -0.273384, 0.832481, -0.15044, 0.533238, 0.439114, -0.40775, -0.800574, 0.000752615, 0.00121899, 0.000639987, 0.00134102, -0.00280176, 9.39046e-05, 0.642833, 0.0752222, -0.543694, -2.47204, -1.24924, 2.68506, -0.0723362, -0.000381589, 0.000221175, 0.00253515, 0.00191724, -0.000242202, -8.0014e-06, 0.00289998
424413, 10.4258, 0.0134659, -0.000533597, 0.0931815, -0.47746, -0.0905875, 0.863443, 0.00118951, 0.000985938, 0.000257221, 0.040346, 0.411309, 0.012632, 0.512684, 0.0342594, 0.187792, 0.337855, 0.900611, -0.27341, 0.832499, -0.150429, 0.533214, 0.43909, -0.407763, -0.800581, -0.00149458, 1.83959e-05, -0.00171454, -0.00130436, 0.00425582, 0.00132568, 0.642833, 0.0752312, -0.54369, -2.47206, -1.24924, 2.68505, -0.072342, -0.000114097, 0.00110948, 0.00063525, -0.00298728, -8.76421e-05, 0.000124519, -0.000976488
434867, 10.4358, 0.0134611, -0.000536592, 0.0931759, -0.477458, -0.0905793, 0.863444, 0.00119055, 0.00098791, 0.000258181, 0.040346, 0.411309, 0.012632, 0.512679, 0.0342564, 0.187787, 0.33786, 0.900608, -0.273415, 0.832503, -0.150435, 0.533205, 0.439078, -0.407767, -0.800585, 4.17342e-05, -6.98747e-05, 0.000219224, 0.00111797, -0.000899227, -0.00127101, 0.642831, 0.0752348, -0.543692, -2.47207, -1.24924, 2.68505, -0.072337, -0.000554828, -0.00060802, 0.000241737, -9.98285e-05, 0.000128922, 0.00019018, 0.00118951
445306, 10.4468, 0.0134546, -0.000543801, 0.0931651, -0.477459, -0.0905559, 0.863444, 0.0011957, 0.000991629, 0.0002589, 0.040346, 0.411309, 0.012632, 0.512673, 0.0342492, 0.187776, 0.337867, 0.900599, -0.273438, 0.832513, -0.150438, 0.533189, 0.439053, -0.407787, -0.800588, 0.000362928, 0.000124013, 0.000386674, 9.87863e-05, -0.00101156, -9.0292e-05, 0.642826, 0.0752499, -0.543693, -2.47208, -1.24924, 2.68504, -0.0723338, -0.000312057, -0.000165866, 0.000532239, 0.000806809, -0.000124, -0.000257512, 0.000374999
455742, 10.4568, 0.0134531, -0.000553638, 0.0931574, -0.477463, -0.0905401, 0.863442, 0.00119885, 0.000993781, 0.000259256, 0.040346, 0.411309, 0.012632, 0.512671, 0.0342394, 0.187768, 0.337879, 0.90059, -0.273452, 0.832518, -0.150447, 0.533179, 0.439036, -0.407803, -0.80059, -0.000194158, -0.00268439, -0.000658817, -0.000602301, 0.00105304, -0.00605727, 0.642818, 0.075268, -0.543701, -2.47208, -1.24924, 2.68504, -0.0723319, -0.00319699, 0.0011295, -0.00156527, -0.000467611, 0.000381203, -0.000479954, 0.000878412
466105, 10.4668, 0.0134523, -0.000556612, 0.0931557, -0.477467, -0.090532, 0.86344, 0.001201, 0.000994255, 0.000258838, 0.040346, 0.411309, 0.012632, 0.51267, 0.034232, 0.187763, 0.337889, 0.900581, -0.273469, 0.832521, -0.150452, 0.533172, 0.439021, -0.407822, -0.800589, -0.00018761, -0.000669464, -0.000745685, -0.00078385, 0.00104171, -0.00144539, 0.642812, 0.0752801, -0.543703, -2.47208, -1.24924, 2.68503, -0.07233, -6.78578e-05, 0.00170799, -0.000965015, -8.24339e-05, -0.000237417, 9.79101e-05, 0.000825852
476548, 10.4778, 0.0134521, -0.000566558, 0.0931527, -0.477471, -0.0905233, 0.863436, 0.00120228, 0.000995049, 0.000258928, 0.040346, 0.411309, 0.012632, 0.51267, 0.0342264, 0.187764, 0.337901, 0.900577, -0.273467, 0.832519, -0.150463, 0.533173, 0.439017, -0.407826, -0.800588, 0.000622707, -0.00138015, 0.000979956, -0.000323578, -0.0018551, -0.00368141, 0.642805, 0.0752788, -0.543707, -2.47208, -1.24924, 2.68503, -0.0723286, -0.00145936, -0.00135066, -0.000791461, 0.00103174, 0.000290054, -0.00183238, 0.000279737
486949, 10.4878, 0.0134573, -0.000566485, 0.093159, -0.477477, -0.0905349, 0.863431, 0.00119937, 0.00099207, 0.000257938, 0.040346, 0.411309, 0.012632, 0.512675, 0.0342265, 0.18777, 0.337913, 0.900576, -0.273454, 0.832508, -0.150473, 0.533187, 0.439028, -0.407823, -0.800584, 0.000662271, 0.000390258, 0.0010496, 0.00116361, -0.00262247, -0.000118371, 0.6428, 0.0752735, -0.543704, -2.47207, -1.24924, 2.68503, -0.0723207, -0.00102581, -0.00139992, 0.00144929, 0.00116219, -0.00041029, -0.000135528, 0.00105598
497324, 10.4988, 0.0134582, -0.000572973, 0.0931607, -0.477482, -0.0905366, 0.863425, 0.001198, 0.000991038, 0.000257721, 0.040346, 0.411309, 0.012632, 0.512676, 0.03422, 0.187772, 0.337931, 0.900571, -0.273448, 0.832502, -0.150492, 0.533191, 0.439025, -0.407828, -0.800583, 0.000230296, -0.00147395, 0.000384014, 0.000374754, -0.000855545, -0.00367437, 0.642801, 0.0752703, -0.543718, -2.47207, -1.24924, 2.68503, -0.0723131, -0.00128413, -0.000707624, -0.00151638, 0.000144583, 0.000339095, -0.000448808, 0.000446613
507877, 10.5088, 0.0134581, -0.000567027, 0.0931616, -0.477478, -0.0905402, 0.863428, 0.00119768, 0.000990945, 0.000257768, 0.040346, 0.411309, 0.012632, 0.512676, 0.034226, 0.187773, 0.33792, 0.900576, -0.273447, 0.832503, -0.150482, 0.533192, 0.439031, -0.407821, -0.800583, -0.000409207, 0.00166923, -0.000317279, 8.05497e-05, 0.00100285, 0.00344805, 0.642801, 0.0752677, -0.543707, -2.47207, -1.24924, 2.68503, -0.0723152, 0.00177353, 7.04457e-05, 0.00148492, -0.000622156, 0.000495654, 0.000141202, -0.000683835
518229, 10.5198, 0.0134581, -0.000564275, 0.0931624, -0.477478, -0.0905439, 0.863428, 0.00119673, 0.000990416, 0.00025774, 0.040346, 0.411309, 0.012632, 0.512676, 0.0342287, 0.187773, 0.33792, 0.900577, -0.273442, 0.832502, -0.150483, 0.533194, 0.439034, -0.407818, -0.800583, -4.09072e-05, 0.000169319, 0.000365023, 0.000813763, -0.000375762, 0.00025123, 0.642804, 0.0752657, -0.543705, -2.47207, -1.24924, 2.68503, -0.0723105, -0.000726031, -0.00126608, 0.000842912, -0.000394214, 0.000376506, 7.42867e-05, -0.00052527
528672, 10.5298, 0.0134575, -0.000569114, 0.0931592, -0.47748, -0.0905376, 0.863426, 0.00119778, 0.000991118, 0.000257848, 0.040346, 0.411309, 0.012632, 0.512676, 0.0342239, 0.18777, 0.337929, 0.900573, -0.273447, 0.832502, -0.15049, 0.533191, 0.439026, -0.407826, -0.800584, -9.60566e-05, -0.000406165, -0.000370653, -0.00169737, 0.00211427, 0.00180191, 0.642804, 0.0752735, -0.543713, -2.47207, -1.24924, 2.68503, -0.0723068, 7.43151e-05, 0.000835478, -0.000774362, -6.59037e-05, 0.000488416, 0.000154297, -0.00352071
539146, 10.5408, 0.0134582, -0.000576084, 0.0931603, -0.477483, -0.0905369, 0.863422, 0.00119639, 0.000991061, 0.000258286, 0.040346, 0.411309, 0.012632, 0.512676, 0.0342169, 0.187771, 0.337948, 0.900567, -0.273441, 0.832499, -0.150511, 0.533191, 0.439019, -0.40783, -0.800586, -9.81129e-05, 0.00250348, 0.000186472, -9.79187e-05, -0.000436828, 0.00444289, 0.642795, 0.075271, -0.543718, -2.47207, -1.24923, 2.68503, -0.0723081, 0.0058779, -0.000296965, -0.000823534, 0.000129273, 4.57581e-05, -0.000526967, 0.000362956
549578, 10.5508, 0.0134745, -0.000593429, 0.0931778, -0.477504, -0.0905567, 0.863402, 0.00119102, 0.000983594, 0.000255145, 0.040346, 0.411309, 0.012632, 0.512693, 0.0341996, 0.187789, 0.337998, 0.900556, -0.273417, 0.83247, -0.150552, 0.533224, 0.439035, -0.40784, -0.800572, 0.000979974, -0.00202552, 0.000839859, 0.000491365, -0.00256652, -0.00538406, 0.642776, 0.0752601, -0.543738, -2.47204, -1.24923, 2.68503, -0.0723026, -0.00144804, -8.77206e-05, -0.00254752, 0.00184311, 4.18095e-05, -0.000362678, 0.00154015
560017, 10.5608, 0.0134819, -0.000612674, 0.0931891, -0.477522, -0.0905604, 0.863387, 0.00118937, 0.000979742, 0.000253145, 0.040346, 0.411309, 0.012632, 0.5127, 0.0341803, 0.1878, 0.338039, 0.900542, -0.27341, 0.832453, -0.150585, 0.533241, 0.439035, -0.407857, -0.800563, 0.00137639, -0.00203642, 0.00154446, 0.00113603, -0.00345116, -0.00489088, 0.642757, 0.0752436, -0.543756, -2.47203, -1.24923, 2.68502, -0.0723056, -0.00128811, -0.001174, -0.00312258, 0.00238097, 0.000646189, -1.21553e-05, 5.48128e-05
570382, 10.5718, 0.0134866, -0.000648861, 0.0931972, -0.477541, -0.0905582, 0.863366, 0.00118632, 0.000977052, 0.000252393, 0.040346, 0.411309, 0.012632, 0.512705, 0.0341441, 0.187808, 0.33811, 0.90052, -0.273396, 0.832433, -0.150652, 0.533253, 0.439017, -0.407882, -0.80056, 0.000838883, -0.00524819, 0.00132919, 0.00180408, -0.00288638, -0.0111851, 0.642718, 0.0752265, -0.54379, -2.47203, -1.24923, 2.68502, -0.0723038, -0.00724916, -0.00261197, -0.00347932, 0.000309748, -3.60099e-05, 0.000143218, 0.000733416
580817, 10.5818, 0.013495, -0.000711165, 0.0932022, -0.477577, -0.090535, 0.863332, 0.00118724, 0.00097478, 0.000250565, 0.040346, 0.411309, 0.012632, 0.512713, 0.0340818, 0.187813, 0.338225, 0.900476, -0.2734, 0.832409, -0.15075, 0.533263, 0.438975, -0.407944, -0.800551, 0.000808691, -0.0072533, 0.000310335, 0.000660705, -0.00124546, -0.0148161, 0.642639, 0.0752258, -0.543829, -2.47202, -1.24923, 2.68501, -0.0723027, -0.00820354, 0.000182921, -0.00621496, 0.000591988, 0.000157801, 0.000745418, 0.000899052
591168, 10.5928, 0.0134944, -0.000792139, 0.0931928, -0.477612, -0.0904868, 0.863298, 0.00119144, 0.000977752, 0.000251111, 0.040346, 0.411309, 0.012632, 0.512712, 0.0340009, 0.187804, 0.338359, 0.900419, -0.273419, 0.832395, -0.150872, 0.53325, 0.438897, -0.408023, -0.800554, -0.000312866, -0.0100531, -0.0014203, -0.00235928, 0.00290487, -0.0193189, 0.642559, 0.0752417, -0.543902, -2.47203, -1.24923, 2.68501, -0.0723001, -0.00912579, 0.00219871, -0.00952834, -0.00160901, 4.33952e-06, -0.000589577, 0.000375168
601604, 10.6028, 0.013499, -0.000875293, 0.0931916, -0.477654, -0.0904456, 0.863257, 0.00119449, 0.000977721, 0.000250047, 0.040346, 0.411309, 0.012632, 0.512717, 0.0339177, 0.187803, 0.338506, 0.90036, -0.273432, 0.832372, -0.151001, 0.53325, 0.438829, -0.408106, -0.800549, 0.00125329, -0.0109478, 0.000644946, -0.00155693, -0.00174559, -0.0227526, 0.64247, 0.0752473, -0.543969, -2.47203, -1.24923, 2.685, -0.0722971, -0.012086, 9.33897e-05, -0.00834613, 0.00136057, 6.58472e-05, -0.00221621, 0.00139959
611988, 10.6128, 0.0134995, -0.000960222, 0.0931854, -0.477692, -0.0904025, 0.863218, 0.00119658, 0.000979353, 0.000250422, 0.040346, 0.411309, 0.012632, 0.512717, 0.0338328, 0.187796, 0.338656, 0.900301, -0.273442, 0.832352, -0.151138, 0.533243, 0.438752, -0.408186, -0.800551, 0.000794383, -0.00613907, 0.000439245, 0.000806735, -0.0022388, -0.0138073, 0.64238, 0.0752557, -0.544041, -2.47204, -1.24923, 2.685, -0.0722884, -0.00335979, 0.000114544, -0.00870114, 0.000720492, -0.000305212, 0.000341031, 0.0027955
622344, 10.6238, 0.0135014, -0.00106884, 0.0931807, -0.477746, -0.09035, 0.863164, 0.00119872, 0.000979715, 0.000249934, 0.040346, 0.411309, 0.012632, 0.512719, 0.0337242, 0.187792, 0.338859, 0.900222, -0.273451, 0.832319, -0.151322, 0.533241, 0.438656, -0.408292, -0.800549, 0.000213879, -0.00836116, -0.000480441, 0.000683822, -0.000599391, -0.018745, 0.642275, 0.0752614, -0.54414, -2.47205, -1.24923, 2.68499, -0.0722673, -0.00828355, 0.000905619, -0.00781266, -0.000641292, -0.000244437, 0.000306439, 0.00376723
632776, 10.6338, 0.0135089, -0.00116105, 0.093186, -0.477798, -0.0903325, 0.863105, 0.00119178, 0.000974591, 0.000248888, 0.040346, 0.411309, 0.012632, 0.512727, 0.033632, 0.187797, 0.339066, 0.900153, -0.27342, 0.832269, -0.151518, 0.533264, 0.438591, -0.408371, -0.800544, 0.000271236, -0.00798836, 0.000141891, 0.00336072, -0.00306442, -0.0213602, 0.64218, 0.0752533, -0.544225, -2.47205, -1.24923, 2.68499, -0.0722158, -0.0103967, -0.000903414, -0.00518377, -0.00087149, -1.55538e-05, 5.76219e-05, 0.00725141
643150, 10.6448, 0.0135146, -0.00123706, 0.0931866, -0.47785, -0.0903383, 0.863039, 0.00117622, 0.000966381, 0.000248734, 0.040346, 0.411309, 0.012632, 0.512733, 0.0335559, 0.187798, 0.339301, 0.900085, -0.273351, 0.832203, -0.151751, 0.5333, 0.438535, -0.408433, -0.800543, 8.28851e-05, -0.00736695, -0.00049993, 0.00365135, -0.00447765, -0.025794, 0.642104, 0.0752561, -0.5443, -2.47205, -1.24923, 2.685, -0.0720917, -0.00817314, 0.000886005, -0.00500252, -0.000430829, -5.08153e-05, -0.00214759, 0.0143313
653643, 10.6548, 0.0135182, -0.00127943, 0.0931896, -0.47789, -0.0903615, 0.862984, 0.00115902, 0.000956818, 0.000248236, 0.040346, 0.411309, 0.012632, 0.512736, 0.0335136, 0.187801, 0.339492, 0.900037, -0.273275, 0.832141, -0.151945, 0.533343, 0.438505, -0.408469, -0.800541, 3.97328e-06, -0.00157016, 0.000225925, 0.00911394, -0.00703886, -0.0151525, 0.642058, 0.0752508, -0.544337, -2.47205, -1.24923, 2.685, -0.0719541, -0.00158199, -0.00108905, -0.00257513, -0.000858753, -0.000196435, 0.00245227, 0.0155937
664075, 10.6648, 0.013512, -0.00128678, 0.0931779, -0.477916, -0.0903935, 0.862939, 0.00113957, 0.000948741, 0.000249494, 0.040346, 0.411309, 0.012632, 0.51273, 0.0335075, 0.18779, 0.339655, 0.900001, -0.273189, 0.832086, -0.152121, 0.533379, 0.438484, -0.408481, -0.800547, -0.000253918, 0.000246977, -0.000374177, 0.00586834, -0.00482427, -0.0104486, 0.642052, 0.0752668, -0.544339, -2.47206, -1.24923, 2.685, -0.07176, -0.000872752, 0.000424377, 0.00143205, -0.000394948, 2.19971e-05, 4.86681e-05, 0.0137371
674566, 10.6758, 0.0134967, -0.00126624, 0.0931629, -0.477922, -0.0904386, 0.862908, 0.00111672, 0.000942401, 0.000253066, 0.040346, 0.411309, 0.012632, 0.512715, 0.0335268, 0.187774, 0.339781, 0.899984, -0.273088, 0.832039, -0.152275, 0.533407, 0.438473, -0.408462, -0.800562, -0.00269609, 0.00172576, -0.00281608, 0.00734172, -0.00134311, -0.0111388, 0.642072, 0.0752745, -0.544321, -2.47209, -1.24923, 2.68501, -0.0715507, 0.00012899, 0.00131509, 0.00394855, -0.00529104, -0.000187234, 0.00019974, 0.0190655
684963, 10.6858, 0.0134791, -0.00122715, 0.0931456, -0.477931, -0.0905037, 0.862868, 0.00108746, 0.000932294, 0.00025631, 0.040346, 0.411309, 0.012632, 0.512697, 0.0335659, 0.187757, 0.339932, 0.899967, -0.272958, 0.831977, -0.152456, 0.533452, 0.438475, -0.408432, -0.800577, -0.00304454, 0.00467683, -0.002846, 0.0130761, -0.00642253, -0.0157704, 0.64212, 0.0752843, -0.544288, -2.47212, -1.24923, 2.68501, -0.0712711, 0.00746248, 0.0010514, 0.00240227, -0.00571663, -1.42772e-06, 0.000191065, 0.0318674
695332, 10.6968, 0.0134481, -0.00117864, 0.0931176, -0.477933, -0.0905824, 0.862823, 0.00104943, 0.000922488, 0.000262738, 0.040346, 0.411309, 0.012632, 0.512666, 0.0336144, 0.187729, 0.340119, 0.899947, -0.27279, 0.831906, -0.152693, 0.533495, 0.438464, -0.408387, -0.800605, -0.0023089, 0.00636589, -0.00167179, 0.0152099, -0.00983391, -0.0146954, 0.642179, 0.0752907, -0.544249, -2.47218, -1.24923, 2.68502, -0.0709152, 0.00920435, -0.000292462, 0.00349339, -0.0042124, 0.000178774, 0.000282401, 0.0340093
705781, 10.7068, 0.0133964, -0.001115, 0.0930715, -0.477917, -0.0906294, 0.862797, 0.00102017, 0.000921295, 0.00027191, 0.040346, 0.411309, 0.012632, 0.512614, 0.033678, 0.187682, 0.340259, 0.899933, -0.27266, 0.831867, -0.152885, 0.5335, 0.438429, -0.408345, -0.800646, -0.00354076, 0.00810646, -0.00305649, 0.0167158, -0.00906231, -0.0156714, 0.642263, 0.0752993, -0.544192, -2.47228, -1.24923, 2.68501, -0.0705681, 0.00973694, 0.00076771, 0.00693247, -0.00627446, 9.73471e-05, -0.000177735, 0.0398413
716304, 10.7178, 0.0133162, -0.00102932, 0.0929982, -0.477868, -0.09067, 0.86279, 0.000988353, 0.00092834, 0.000287435, 0.040346, 0.411309, 0.012632, 0.512534, 0.0337637, 0.187609, 0.340375, 0.899932, -0.272519, 0.831852, -0.153079, 0.533469, 0.438369, -0.408275, -0.800715, -0.00910264, 0.00771847, -0.0081585, 0.0131199, 0.0057479, -0.0102993, 0.642352, 0.075313, -0.544098, -2.47244, -1.24924, 2.68502, -0.0701671, 0.00944701, 0.000920814, 0.00771382, -0.0185377, 8.42326e-05, 0.0003707, 0.0335342
726742, 10.7278, 0.0132215, -0.000946029, 0.0929097, -0.477799, -0.0906743, 0.862802, 0.000965002, 0.000945606, 0.000306882, 0.040346, 0.411309, 0.012632, 0.512439, 0.033847, 0.187521, 0.340451, 0.899935, -0.272415, 0.831871, -0.153241, 0.533393, 0.438273, -0.408208, -0.800801, -0.0099087, 0.00917116, -0.00924248, 0.0118682, 0.00940481, -0.00398058, 0.642441, 0.0753332, -0.544004, -2.47263, -1.24923, 2.68503, -0.0698212, 0.0141193, 0.00226892, 0.00558004, -0.0199649, 0.000415216, 0.00207825, 0.0295833
737185, 10.7388, 0.0130896, -0.000857689, 0.0927892, -0.477704, -0.0906372, 0.862831, 0.000948145, 0.000975495, 0.00033252, 0.040346, 0.411309, 0.012632, 0.512308, 0.0339353, 0.1874, 0.340508, 0.899936, -0.272341, 0.831927, -0.153399, 0.53326, 0.438123, -0.408147, -0.800915, -0.0111653, 0.00295034, -0.00976036, 0.0130378, 0.00983017, -0.0202182, 0.642531, 0.0753503, -0.543888, -2.4729, -1.24923, 2.68503, -0.0694468, 0.00322685, -0.000524836, 0.005447, -0.0240404, 0.000240745, -0.000471011, 0.0343141
747553, 10.7488, 0.0129476, -0.000776712, 0.0926534, -0.477597, -0.090571, 0.862873, 0.000938063, 0.00101276, 0.000360752, 0.040346, 0.411309, 0.012632, 0.512166, 0.0340163, 0.187264, 0.340542, 0.899937, -0.272296, 0.832007, -0.153537, 0.533095, 0.437944, -0.408093, -0.80104, -0.0153946, 0.00890513, -0.014977, 0.0096434, 0.0212605, -0.00643105, 0.64262, 0.0753849, -0.543784, -2.47319, -1.24923, 2.68504, -0.0690999, 0.0107503, 0.00469712, 0.0109203, -0.0310533, -0.000173648, 0.000213115, 0.033857
758026, 10.7598, 0.0127609, -0.000679722, 0.0924721, -0.477458, -0.0904681, 0.86293, 0.000929399, 0.00106389, 0.000397712, 0.040346, 0.411309, 0.012632, 0.511979, 0.0341133, 0.187083, 0.340582, 0.899933, -0.272258, 0.832121, -0.153709, 0.532868, 0.437697, -0.408037, -0.801204, -0.0175487, 0.00789978, -0.0166571, 0.0151862, 0.0210351, -0.0172656, 0.642725, 0.0754382, -0.543651, -2.47357, -1.24923, 2.68505, -0.0686658, 0.00575121, 0.0035785, 0.0142364, -0.0361837, 5.19155e-05, 0.000477669, 0.0449602
768469, 10.7698, 0.0125659, -0.000585591, 0.0922831, -0.477316, -0.0903645, 0.862986, 0.000918501, 0.00111634, 0.000436288, 0.040346, 0.411309, 0.012632, 0.511784, 0.0342074, 0.186894, 0.340638, 0.899927, -0.272209, 0.832234, -0.153904, 0.532636, 0.437439, -0.407978, -0.801375, -0.0213402, 0.0125341, -0.0211715, 0.0115958, 0.0327124, -0.00247412, 0.642835, 0.0754918, -0.54353, -2.47397, -1.24924, 2.68507, -0.0682009, 0.0145465, 0.00772354, 0.0150436, -0.0429545, -7.44518e-05, 0.00277352, 0.0398472
778921, 10.7808, 0.0123246, -0.00049753, 0.092051, -0.477162, -0.0902469, 0.863019, 0.000893331, 0.0011768, 0.000485007, 0.040346, 0.411309, 0.012632, 0.511543, 0.0342955, 0.186662, 0.340839, 0.899884, -0.272098, 0.832335, -0.154282, 0.532368, 0.43709, -0.407928, -0.80159, -0.0227651, 0.00792554, -0.0211107, 0.0249283, 0.0239839, -0.0311124, 0.642937, 0.0755501, -0.5434, -2.47447, -1.24923, 2.68509, -0.0675485, 0.00814274, 0.00284395, 0.0120122, -0.048147, 0.000257226, 0.00343883, 0.0636634
789361, 10.7908, 0.0120853, -0.000418421, 0.0918205, -0.477011, -0.0901421, 0.863044, 0.000862908, 0.00123511, 0.000534043, 0.040346, 0.411309, 0.012632, 0.511303, 0.0343746, 0.186432, 0.341066, 0.899839, -0.271963, 0.832424, -0.154692, 0.532109, 0.436742, -0.407873, -0.801808, -0.0259852, 0.00826425, -0.0253889, 0.0283638, 0.0288308, -0.0371248, 0.643023, 0.0756064, -0.54328, -2.47497, -1.24923, 2.68513, -0.0668746, 0.00804173, 0.0070591, 0.0131473, -0.0542833, 0.00033925, 0.00600172, 0.0737991
799807, 10.8008, 0.0118201, -0.000343849, 0.0915629, -0.476833, -0.0900288, 0.863074, 0.000826142, 0.00130162, 0.000590627, 0.040346, 0.411309, 0.012632, 0.511038, 0.0344492, 0.186174, 0.341321, 0.899791, -0.2718, 0.832525, -0.15516, 0.531815, 0.43635, -0.4078, -0.802059, -0.027427, 0.00859441, -0.0264026, 0.0272838, 0.0322726, -0.0346912, 0.643097, 0.0756713, -0.543165, -2.47553, -1.24923, 2.68521, -0.0661453, 0.007247, 0.00630258, 0.0150051, -0.0574891, -7.94831e-05, 0.0056339, 0.0720776
