timestamp, robot_time[1], robot_ee_pos_error[3], robot_ee_ori_error[3], sensed_forces_moments[6], robot_ee_position[3], robot_ee_orientation[9], robot_ee_linear_velocity[3], robot_ee_angular_velocity[3], joint_angles[7], joint_velocities[7], 
10526, 10.0119, -0.0486654, -0.00166441, 0.0746504, -0.0168513, -0.0760562, 0.692898, 0.000153609, -1.62579e-05, 9.94278e-06, 0.040346, 0.411309, 0.012632, 0.450553, 0.0331286, 0.169261, 0.71793, 0.69284, 0.0674443, 0.692606, -0.720667, 0.0306124, 0.0698144, 0.0247348, -0.997253, 0.00163825, 0.000699461, 0.000732072, 0.00176927, -0.00168983, -0.0014781, 0.314746, -0.0237437, -0.2448, -2.60402, 0.0298983, 2.65224, -0.722662, 0.00296897, 0.00197337, -0.00168186, 0.00444022, 0.00397213, -0.000699557, -0.000610463
21052, 10.0219, -0.0486638, -0.00166382, 0.0746453, -0.0168534, -0.076046, 0.692898, 0.000156093, -1.57937e-05, 1.0125e-05, 0.040346, 0.411309, 0.012632, 0.450554, 0.0331292, 0.169256, 0.717932, 0.69284, 0.0674333, 0.692605, -0.720667, 0.0306104, 0.0698051, 0.0247285, -0.997254, 0.000457259, -0.000114068, -0.000542394, -0.000752718, 0.000997304, -0.000980883, 0.314747, -0.0237234, -0.244798, -2.60401, 0.0298965, 2.65224, -0.722656, 0.000219566, 0.00287223, -0.000280561, 0.00196277, -0.000131813, -0.000202425, 0.00102752
31461, 10.0329, -0.0486547, -0.00166368, 0.0746419, -0.0168601, -0.0760415, 0.692905, 0.000157753, -1.70023e-05, 1.02001e-05, 0.040346, 0.411309, 0.012632, 0.450563, 0.0331293, 0.169253, 0.717925, 0.692848, 0.067426, 0.692612, -0.72066, 0.0306157, 0.0698032, 0.0247203, -0.997254, 0.000880703, -0.000358956, -0.000619048, -0.00131582, 0.000819511, 0.00105906, 0.314744, -0.02369, -0.244793, -2.60398, 0.0298964, 2.65224, -0.722664, -0.000693111, 0.00411203, 0.00015288, 0.00318139, -0.000303983, -0.000130734, -0.00136106
41834, 10.0429, -0.0486535, -0.00166717, 0.0746253, -0.0168623, -0.0760084, 0.692903, 0.00016541, -1.44339e-05, 1.07966e-05, 0.040346, 0.411309, 0.012632, 0.450564, 0.0331258, 0.169236, 0.717931, 0.692845, 0.067392, 0.692609, -0.720663, 0.0306043, 0.069771, 0.0247046, -0.997257, 0.00051613, 0.000257554, -6.38661e-06, 0.00105413, 0.000261154, -0.00136518, 0.314746, -0.023635, -0.244798, -2.60396, 0.0298964, 2.65224, -0.722662, 0.00070515, 0.00145145, -0.000208649, 0.00183878, 0.0026914, -0.000611633, -0.000416174
52166, 10.0539, -0.0486469, -0.00166832, 0.0746147, -0.0168675, -0.0759888, 0.692903, 0.00017031, -1.3799e-05, 1.11471e-05, 0.040346, 0.411309, 0.012632, 0.450571, 0.0331247, 0.169226, 0.717933, 0.692845, 0.0673703, 0.692609, -0.720664, 0.0306015, 0.0697535, 0.0246914, -0.997259, -0.00125148, 0.000414073, -0.00306033, -0.00192367, 0.0066813, -0.00012857, 0.314741, -0.023585, -0.244792, -2.60393, 0.029897, 2.65224, -0.72266, 3.96711e-05, 0.00670238, 0.00166344, -0.000352013, 0.000173003, 7.99224e-05, 0.00168961
62595, 10.0639, -0.0486367, -0.00167441, 0.074594, -0.0168757, -0.0759499, 0.692896, 0.000179801, -1.20127e-05, 1.18429e-05, 0.040346, 0.411309, 0.012632, 0.450581, 0.0331186, 0.169205, 0.717944, 0.692838, 0.0673283, 0.692601, -0.720672, 0.0305936, 0.069718, 0.0246672, -0.997262, -0.000933508, 0.00150769, -0.0028016, -0.00241268, 0.00652723, 0.00861512, 0.314743, -0.023495, -0.244801, -2.60388, 0.0298977, 2.65224, -0.722656, 0.00403606, 0.00703779, 4.02196e-05, 0.00102127, 0.000116465, -0.000964845, -0.00463518
73006, 10.0739, -0.0486276, -0.00168153, 0.0745794, -0.0168836, -0.0759228, 0.692891, 0.000186628, -1.12523e-05, 1.2327e-05, 0.040346, 0.411309, 0.012632, 0.45059, 0.0331115, 0.16919, 0.71795, 0.692833, 0.067298, 0.692596, -0.720676, 0.0305902, 0.069694, 0.0246481, -0.997264, -0.000524296, -0.00103786, -0.00293843, -0.00272348, 0.00592312, 0.00432564, 0.314736, -0.0234275, -0.244805, -2.60384, 0.029897, 2.65224, -0.722659, -0.000565668, 0.00783813, -0.000956286, 0.00131251, -9.70349e-06, 8.279e-05, -0.0058644
83401, 10.0849, -0.048616, -0.00168265, 0.0745635, -0.0168933, -0.0758934, 0.692893, 0.000194135, -1.07659e-05, 1.28484e-05, 0.040346, 0.411309, 0.012632, 0.450602, 0.0331103, 0.169174, 0.717952, 0.692835, 0.0672647, 0.692598, -0.720675, 0.0305881, 0.0696685, 0.0246267, -0.997266, 0.000368654, -0.000373987, -0.00193372, -0.00183315, 0.00359623, -0.00484271, 0.314738, -0.0233482, -0.244804, -2.60379, 0.0298957, 2.65224, -0.722656, 0.00015016, 0.00695769, -0.00038723, 0.0029154, -0.000471101, 0.000217832, 0.00499724
93800, 10.0949, -0.0486024, -0.00168675, 0.0745524, -0.016903, -0.0758748, 0.692894, 0.000199232, -1.12613e-05, 1.31769e-05, 0.040346, 0.411309, 0.012632, 0.450616, 0.0331063, 0.169163, 0.717953, 0.692836, 0.0672421, 0.692598, -0.720675, 0.0305903, 0.0696538, 0.0246094, -0.997268, 0.00126546, -0.000410367, -0.000452612, -0.00137443, 0.00297642, 7.09792e-06, 0.314735, -0.0232801, -0.244806, -2.60374, 0.029897, 2.65224, -0.722662, -0.000998142, 0.00518754, 0.000314336, 0.00592072, 9.8168e-05, -0.00397067, -0.000724037
104135, 10.1049, -0.048593, -0.00168635, 0.0745406, -0.0169102, -0.0758533, 0.692894, 0.000204723, -1.09273e-05, 1.35574e-05, 0.040346, 0.411309, 0.012632, 0.450625, 0.0331066, 0.169152, 0.717955, 0.692836, 0.0672178, 0.692598, -0.720675, 0.0305888, 0.0696352, 0.0245935, -0.997269, 0.00195238, -0.00267036, -0.000159119, -0.00112905, -0.00067434, -0.0047444, 0.314736, -0.023207, -0.244804, -2.60369, 0.029897, 2.65224, -0.722663, -0.00608518, 0.00485174, 0.000334206, 0.00521149, 0.000181212, 6.502e-05, -0.00119412
114590, 10.1159, -0.0485794, -0.00168728, 0.07453, -0.0169203, -0.0758356, 0.692898, 0.00020966, -1.1624e-05, 1.38687e-05, 0.040346, 0.411309, 0.012632, 0.450639, 0.0331057, 0.169141, 0.717953, 0.69284, 0.0671959, 0.692601, -0.720672, 0.0305919, 0.0696215, 0.0245764, -0.997271, 0.00167351, 0.000423161, -0.00111281, 0.00141536, 0.0018511, -0.00389145, 0.314737, -0.0231518, -0.244801, -2.60365, 0.029897, 2.65224, -0.722658, -3.5702e-05, 0.00784214, 0.00114653, 0.00627888, 0.00658476, -0.000405127, -0.000603662
125007, 10.1259, -0.0485665, -0.00169355, 0.0745262, -0.0169289, -0.0758314, 0.692892, 0.000211376, -1.31255e-05, 1.39382e-05, 0.040346, 0.411309, 0.012632, 0.450652, 0.0330995, 0.169137, 0.717959, 0.692835, 0.0671883, 0.692595, -0.720677, 0.0305985, 0.0696208, 0.0245658, -0.997271, 0.001357, -0.00105894, 0.000469114, -0.000109702, -0.00144091, -0.00228838, 0.314733, -0.0231089, -0.244809, -2.60361, 0.0298981, 2.65224, -0.722663, -0.00251936, 0.00171796, 0.000115858, 0.00330659, 0.000450763, -0.000218754, -0.000512179
135413, 10.1369, -0.0485582, -0.00169564, 0.0745157, -0.0169376, -0.0758182, 0.692889, 0.000215121, -1.38323e-05, 1.41688e-05, 0.040346, 0.411309, 0.012632, 0.45066, 0.0330974, 0.169127, 0.717963, 0.692832, 0.0671717, 0.692591, -0.720681, 0.0306017, 0.0696112, 0.0245517, -0.997272, -0.000678765, -0.000415745, -0.00292272, -0.00218408, 0.00593005, -0.000266164, 0.314735, -0.0230567, -0.244812, -2.60358, 0.029897, 2.65225, -0.722658, 0.000932381, 0.00747579, -0.00109032, 0.00086855, 5.16558e-05, 0.000323758, 5.31002e-05
145813, 10.1469, -0.048544, -0.00169879, 0.0745159, -0.016947, -0.0758223, 0.692887, 0.000215041, -1.62969e-05, 1.40878e-05, 0.040346, 0.411309, 0.012632, 0.450674, 0.0330942, 0.169127, 0.717965, 0.692831, 0.0671721, 0.692589, -0.720683, 0.0306126, 0.0696191, 0.0245439, -0.997272, 8.07906e-05, -0.000811652, -0.0022613, -0.00178473, 0.00414149, -0.000846769, 0.314727, -0.0230229, -0.24481, -2.60354, 0.0298977, 2.65225, -0.722662, 0.000334518, 0.00715617, -0.00152771, 0.00221721, 0.00052472, 0.000464851, -0.000815048
156149, 10.1569, -0.0485332, -0.00170178, 0.0745165, -0.0169546, -0.0758263, 0.692881, 0.000214822, -1.82864e-05, 1.4012e-05, 0.040346, 0.411309, 0.012632, 0.450685, 0.0330912, 0.169128, 0.717971, 0.692825, 0.0671731, 0.692582, -0.720689, 0.0306214, 0.0696261, 0.0245376, -0.997271, 0.0010638, 0.00171324, -0.00102678, -0.001636, 0.00140392, 0.0040712, 0.314726, -0.0229957, -0.244818, -2.60351, 0.0298964, 2.65225, -0.722658, 0.00502249, 0.00620992, -0.000840483, 0.00451576, -0.000114389, 2.02571e-06, 0.000183208
166557, 10.1679, -0.0485263, -0.00170893, 0.0745148, -0.0169594, -0.0758246, 0.692873, 0.000215625, -1.91226e-05, 1.40404e-05, 0.040346, 0.411309, 0.012632, 0.450692, 0.0330841, 0.169126, 0.717978, 0.692817, 0.0671695, 0.692574, -0.720696, 0.0306251, 0.0696264, 0.0245317, -0.997271, 0.00110439, -0.00113216, 0.000970131, 0.000170983, -0.00183903, -0.00197591, 0.314723, -0.0229777, -0.244827, -2.60349, 0.0298964, 2.65225, -0.722662, -0.00147237, -0.000403049, -0.00124219, 0.00236453, -0.000115269, -0.000915647, -0.000635947
177070, 10.1779, -0.048519, -0.00171132, 0.0745156, -0.016964, -0.0758281, 0.692865, 0.000215209, -2.03637e-05, 1.39743e-05, 0.040346, 0.411309, 0.012632, 0.450699, 0.0330817, 0.169127, 0.717985, 0.692809, 0.0671713, 0.692566, -0.720703, 0.0306306, 0.0696318, 0.0245283, -0.997271, 0.000623589, -5.99635e-05, 0.000380216, 0.000401402, -0.00107562, -0.000817918, 0.314719, -0.0229623, -0.244828, -2.60347, 0.029897, 2.65225, -0.722657, -0.000366697, 0.000319093, 0.000140494, 0.00136816, 0.000775229, 4.39361e-05, -7.37218e-05
187465, 10.1889, -0.0485065, -0.00171193, 0.0745211, -0.0169719, -0.0758424, 0.692866, 0.000212711, -2.3468e-05, 1.37106e-05, 0.040346, 0.411309, 0.012632, 0.450711, 0.0330811, 0.169132, 0.717983, 0.692811, 0.0671824, 0.692567, -0.720702, 0.0306444, 0.0696493, 0.0245262, -0.99727, 8.23947e-05, -0.000305872, -5.19395e-05, -9.25614e-05, 3.61619e-05, -0.000771901, 0.314718, -0.0229492, -0.244829, -2.60344, 0.029897, 2.65225, -0.722661, -0.00243724, 0.000315015, 0.00179198, 0.000203272, 4.01019e-05, 5.18343e-05, 9.02058e-05
197720, 10.1989, -0.0484977, -0.00171429, 0.074526, -0.0169773, -0.0758544, 0.69286, 0.000210468, -2.57007e-05, 1.34909e-05, 0.040346, 0.411309, 0.012632, 0.45072, 0.0330787, 0.169137, 0.717988, 0.692805, 0.0671923, 0.692561, -0.720708, 0.0306543, 0.0696635, 0.0245254, -0.997269, 4.13341e-05, -0.00113074, -8.68043e-05, -6.70548e-05, 0.000273198, -0.00233451, 0.314718, -0.0229431, -0.244835, -2.60342, 0.029897, 2.65225, -0.722659, -0.00325839, 0.000197949, 0.000775849, 2.78768e-05, 5.26239e-05, -0.000120917, -0.000190895
207962, 10.2089, -0.0484886, -0.00171613, 0.0745316, -0.0169831, -0.075868, 0.692857, 0.000207924, -2.82114e-05, 1.32422e-05, 0.040346, 0.411309, 0.012632, 0.450729, 0.0330769, 0.169143, 0.717989, 0.692802, 0.0672036, 0.692558, -0.72071, 0.0306654, 0.0696794, 0.024525, -0.997268, 0.00207452, -0.000234132, 0.00186981, 0.000442018, -0.00490081, -0.000414736, 0.314717, -0.0229388, -0.244839, -2.6034, 0.0298965, 2.65225, -0.72266, -0.000452952, -0.00087531, -0.00043681, 0.00390593, -0.00017755, 0.000159443, -0.000350619
218190, 10.2199, -0.0484806, -0.00171277, 0.0745353, -0.0169873, -0.0758776, 0.692858, 0.000206138, -3.00698e-05, 1.30647e-05, 0.040346, 0.411309, 0.012632, 0.450737, 0.0330802, 0.169146, 0.717987, 0.692804, 0.0672115, 0.692559, -0.720709, 0.0306736, 0.0696908, 0.0245247, -0.997267, 0.00256359, -0.000413337, 0.00143272, 3.7421e-05, -0.00436949, -0.00220432, 0.314723, -0.02293, -0.244838, -2.60338, 0.0298977, 2.65225, -0.722656, -0.000995009, 0.00166488, -0.000143213, 0.00565364, 0.000143324, 0.000342584, 0.000908453
228390, 10.2299, -0.048471, -0.00171216, 0.0745426, -0.0169932, -0.0758947, 0.692863, 0.000202837, -3.30171e-05, 1.27516e-05, 0.040346, 0.411309, 0.012632, 0.450747, 0.0330808, 0.169154, 0.717981, 0.692809, 0.0672262, 0.692563, -0.720704, 0.0306867, 0.0697102, 0.0245259, -0.997266, 0.000840563, 0.0004287, 0.000583386, 0.000157853, -0.00162394, 0.00158048, 0.314723, -0.0229295, -0.244838, -2.60336, 0.0298977, 2.65225, -0.722663, 0.00132722, 0.000303333, -0.000494372, 0.00190475, 0.000341272, 4.34914e-06, -0.00105011
238591, 10.2399, -0.0484612, -0.00171517, 0.07455, -0.0169995, -0.0759119, 0.692856, 0.000199494, -3.59276e-05, 1.24366e-05, 0.040346, 0.411309, 0.012632, 0.450757, 0.0330778, 0.169161, 0.717986, 0.692803, 0.067241, 0.692556, -0.72071, 0.0306996, 0.06973, 0.0245263, -0.997264, 0.00118367, -0.00019663, 0.000911426, 0.00114988, -0.0011366, -0.00429641, 0.314715, -0.0229292, -0.244838, -2.60334, 0.029897, 2.65225, -0.722662, -0.000353909, 0.000284661, -0.000328993, 0.00320514, 0.00175695, -0.00166344, 0.00214924
248788, 10.2499, -0.0484522, -0.00171289, 0.0745562, -0.0170048, -0.0759267, 0.692856, 0.000196643, -3.84856e-05, 1.21656e-05, 0.040346, 0.411309, 0.012632, 0.450766, 0.0330801, 0.169167, 0.717984, 0.692803, 0.0672536, 0.692556, -0.72071, 0.0307109, 0.069747, 0.0245269, -0.997263, 0.00128342, 0.000451178, 0.000723779, -9.98826e-05, -0.00202279, 0.000591398, 0.31472, -0.0229262, -0.244839, -2.60332, 0.0298967, 2.65225, -0.722658, 0.000806938, 0.000986295, 9.22878e-05, 0.00310788, -5.15966e-05, -0.000134279, 0.000338039
259025, 10.2599, -0.0484465, -0.00171367, 0.0745621, -0.0170079, -0.0759401, 0.692851, 0.000193875, -4.03295e-05, 1.19221e-05, 0.040346, 0.411309, 0.012632, 0.450771, 0.0330793, 0.169173, 0.717988, 0.692798, 0.0672659, 0.692551, -0.720715, 0.0307191, 0.0697616, 0.0245291, -0.997262, -0.000308992, 0.000747517, 5.55764e-05, 0.000246846, 0.00013387, 0.00166423, 0.314717, -0.0229311, -0.244839, -2.60331, 0.0298971, 2.65225, -0.722655, 0.0015739, -0.000779687, 4.36048e-05, -0.000719076, 0.000141108, -0.000156459, -0.000159336
269253, 10.2709, -0.0484377, -0.00171284, 0.0745674, -0.0170133, -0.0759529, 0.692853, 0.000191485, -4.27735e-05, 1.16856e-05, 0.040346, 0.411309, 0.012632, 0.45078, 0.0330802, 0.169178, 0.717984, 0.692801, 0.0672765, 0.692553, -0.720712, 0.0307299, 0.0697767, 0.024529, -0.997261, -8.83437e-05, 0.000498464, -0.000318942, -0.00030825, 0.000620139, 0.00158419, 0.314718, -0.022926, -0.244839, -2.60329, 0.029897, 2.65225, -0.722658, 0.000678367, 0.000882159, 0.000519542, 0.00016744, -2.1437e-05, 3.80259e-05, -0.000371026
279453, 10.2809, -0.048428, -0.00171309, 0.0745752, -0.0170192, -0.075971, 0.692851, 0.000187936, -4.57175e-05, 1.13554e-05, 0.040346, 0.411309, 0.012632, 0.45079, 0.0330799, 0.169186, 0.717984, 0.692799, 0.0672922, 0.692551, -0.720713, 0.030743, 0.0697971, 0.0245303, -0.99726, 0.00111675, 0.000119703, 0.000912603, 0.000200049, -0.00197282, -0.000244876, 0.314715, -0.0229265, -0.244838, -2.60327, 0.029897, 2.65225, -0.722658, -0.000874088, -2.85946e-06, 0.000971806, 0.00257621, 9.15302e-05, -0.00059709, 0.000264032
289652, 10.2909, -0.0484229, -0.00171315, 0.0745795, -0.0170223, -0.0759809, 0.692854, 0.000185982, -4.73675e-05, 1.11727e-05, 0.040346, 0.411309, 0.012632, 0.450795, 0.0330798, 0.16919, 0.71798, 0.692803, 0.0673009, 0.692554, -0.72071, 0.0307503, 0.0698083, 0.0245314, -0.997259, -0.000148684, -0.000184246, -0.000273979, -0.000244389, 0.000302775, 0.00122361, 0.314717, -0.0229278, -0.244841, -2.60326, 0.029897, 2.65225, -0.722664, -0.000249769, 0.000397548, -9.43608e-05, -0.000375737, -1.12552e-05, 0.000412268, -0.00156924
299848, 10.3009, -0.0484136, -0.00171127, 0.0745865, -0.0170281, -0.0759973, 0.69285, 0.000182818, -5.01377e-05, 1.08737e-05, 0.040346, 0.411309, 0.012632, 0.450804, 0.0330817, 0.169198, 0.717982, 0.692799, 0.0673149, 0.69255, -0.720713, 0.0307626, 0.069827, 0.024532, -0.997257, 0.00187789, -0.000898103, 0.00151327, 0.000240331, -0.00406518, -0.00345033, 0.314717, -0.0229266, -0.244838, -2.60324, 0.0298957, 2.65225, -0.722655, -0.002664, -0.000351582, 0.000402161, 0.00355066, -0.000421812, 0.000206112, 0.00152566
310046, 10.3109, -0.0484095, -0.00170976, 0.0745886, -0.0170302, -0.0760028, 0.692854, 0.000181771, -5.11595e-05, 1.07715e-05, 0.040346, 0.411309, 0.012632, 0.450809, 0.0330832, 0.1692, 0.717978, 0.692803, 0.0673195, 0.692554, -0.720709, 0.0307671, 0.0698334, 0.0245323, -0.997257, 0.000828522, 0.000657676, 0.00059293, 0.00067083, -0.00167504, 0.00117428, 0.31472, -0.0229229, -0.244838, -2.60323, 0.029897, 2.65225, -0.722659, 0.000961906, 0.000272154, 0.000341369, 0.00185875, 0.0013163, 0.000107884, -0.00100129
320241, 10.3219, -0.0484038, -0.00171053, 0.0745947, -0.0170337, -0.0760163, 0.692853, 0.000179045, -5.31876e-05, 1.05249e-05, 0.040346, 0.411309, 0.012632, 0.450814, 0.0330825, 0.169206, 0.717977, 0.692803, 0.0673316, 0.692553, -0.72071, 0.0307761, 0.0698483, 0.0245342, -0.997256, 0.000801591, -0.00067981, 0.000852705, 0.000292255, -0.0020108, -0.00169694, 0.31472, -0.0229281, -0.244841, -2.60322, 0.0298964, 2.65225, -0.722661, -0.000100716, -0.00083866, -0.00159762, 0.00132528, -0.000190822, -0.00010164, 0.00015588
330503, 10.3319, -0.0483996, -0.00170722, 0.0745974, -0.0170364, -0.0760227, 0.692854, 0.000177849, -5.43841e-05, 1.04072e-05, 0.040346, 0.411309, 0.012632, 0.450818, 0.0330858, 0.169208, 0.717975, 0.692804, 0.0673369, 0.692554, -0.720709, 0.0307814, 0.0698558, 0.0245342, -0.997255, -0.000196271, 0.000624218, -0.000198928, -0.000312065, 0.00137633, 0.00167945, 0.314722, -0.0229256, -0.244836, -2.60321, 0.0298957, 2.65225, -0.722655, 0.000561715, 0.000491993, 0.000886062, 0.000399873, -0.000201621, -0.0013246, -3.5059e-05
340734, 10.3419, -0.0484001, -0.00170549, 0.0745962, -0.0170348, -0.0760206, 0.692858, 0.000178188, -5.38921e-05, 1.04453e-05, 0.040346, 0.411309, 0.012632, 0.450818, 0.0330875, 0.169207, 0.717972, 0.692808, 0.0673354, 0.692558, -0.720705, 0.0307792, 0.069853, 0.0245351, -0.997256, -0.000608217, 0.00233605, -0.000705417, -0.000387045, 0.00155281, 0.00680232, 0.314726, -0.0229229, -0.244836, -2.60321, 0.0298988, 2.65225, -0.722659, 0.00428145, 0.00115606, 0.00106447, -0.000548383, 0.000279869, 5.61052e-05, -0.00169652
350945, 10.3519, -0.0483901, -0.00170615, 0.0746046, -0.0170416, -0.0760397, 0.692858, 0.000174483, -5.71762e-05, 1.00937e-05, 0.040346, 0.411309, 0.012632, 0.450828, 0.0330869, 0.169216, 0.71797, 0.692808, 0.0673518, 0.692558, -0.720705, 0.0307938, 0.0698749, 0.024536, -0.997254, 0.000319909, 0.000292627, -2.10527e-05, -0.000283766, -3.73699e-05, 0.00132581, 0.314723, -0.0229249, -0.244836, -2.60319, 0.029897, 2.65225, -0.722661, -0.000659558, 0.000950252, 0.00135138, 0.00108902, 3.38497e-05, -0.000170145, -0.000667249
361169, 10.3629, -0.0483796, -0.00170515, 0.0746148, -0.0170464, -0.0760633, 0.692853, 0.000169588, -6.03447e-05, 9.66523e-06, 0.040346, 0.411309, 0.012632, 0.450838, 0.0330878, 0.169226, 0.717973, 0.692803, 0.0673735, 0.692553, -0.720709, 0.0308078, 0.0699005, 0.0245405, -0.997252, 0.00180957, -0.000433861, 0.00167448, 0.000464922, -0.00421476, -0.00110354, 0.314725, -0.0229309, -0.244838, -2.60317, 0.0298996, 2.65225, -0.722657, -0.000294463, -0.000912586, -0.00101077, 0.00340265, -0.000127245, -4.82299e-05, -0.000111848
371367, 10.3729, -0.0483744, -0.00170477, 0.0746196, -0.0170508, -0.0760739, 0.692857, 0.000167596, -6.23665e-05, 9.46817e-06, 0.040346, 0.411309, 0.012632, 0.450844, 0.0330882, 0.169231, 0.717967, 0.692808, 0.0673824, 0.692557, -0.720704, 0.0308168, 0.0699129, 0.0245407, -0.997251, 0.00042093, 0.000565823, 0.00103388, 0.00070856, -0.00252884, 0.00119401, 0.314722, -0.0229334, -0.244835, -2.60316, 0.029897, 2.65225, -0.722662, 5.09846e-05, -0.00219398, 0.000949865, 8.77508e-05, 9.06656e-05, 0.000345718, -0.000278859
381559, 10.3829, -0.0483617, -0.00170301, 0.0746263, -0.0170586, -0.0760906, 0.692855, 0.000164543, -6.56207e-05, 9.16128e-06, 0.040346, 0.411309, 0.012632, 0.450856, 0.03309, 0.169237, 0.717967, 0.692806, 0.0673959, 0.692555, -0.720706, 0.0308312, 0.0699327, 0.0245396, -0.99725, 0.000178836, 0.000227802, -0.00016553, -0.000461641, 0.000186509, 0.00175225, 0.314728, -0.0229229, -0.244838, -2.60313, 0.0298964, 2.65225, -0.722656, 0.00112157, 0.00100713, -0.000547143, 0.000736854, -0.000277525, 5.08187e-06, -0.000949468
391754, 10.3929, -0.0483519, -0.00169948, 0.074635, -0.0170629, -0.0761111, 0.692858, 0.000160323, -6.85238e-05, 8.78629e-06, 0.040346, 0.411309, 0.012632, 0.450866, 0.0330935, 0.169246, 0.717962, 0.69281, 0.0674146, 0.692558, -0.720703, 0.0308441, 0.0699549, 0.0245436, -0.997248, 0.00047438, 0.000690815, 0.000340054, -3.99454e-05, -0.00108611, 0.00199553, 0.314731, -0.0229256, -0.244835, -2.60311, 0.0298996, 2.65225, -0.722658, 0.00200762, 0.000187091, -0.000533094, 0.00107553, -8.42097e-05, 0.000180299, -0.000460665
401946, 10.4029, -0.0483325, -0.00170191, 0.0746498, -0.0170761, -0.0761451, 0.692857, 0.000153836, -7.45944e-05, 8.15979e-06, 0.040346, 0.411309, 0.012632, 0.450886, 0.0330911, 0.169261, 0.71796, 0.692809, 0.0674433, 0.692556, -0.720703, 0.030871, 0.0699943, 0.0245442, -0.997245, 0.00212031, -0.000231729, 0.00176463, 0.000354392, -0.00441196, -0.000314735, 0.314726, -0.0229249, -0.244838, -2.60307, 0.0298964, 2.65225, -0.722663, -0.000460593, -0.00034785, -0.000395262, 0.00435807, -3.15185e-05, -0.00027811, -0.000534046
412143, 10.4129, -0.0483188, -0.0017017, 0.0746588, -0.0170843, -0.0761667, 0.692852, 0.000149689, -7.8366e-05, 7.76254e-06, 0.040346, 0.411309, 0.012632, 0.450899, 0.0330913, 0.16927, 0.717963, 0.692804, 0.0674642, 0.69255, -0.720708, 0.0308887, 0.0700218, 0.0245454, -0.997243, -2.25792e-05, -7.75278e-05, 0.000113759, 5.5529e-05, -0.000272124, 0.000596239, 0.314723, -0.0229224, -0.244835, -2.60304, 0.0298964, 2.65225, -0.722656, -0.000591558, -0.000439857, 0.000388776, -0.000229636, -5.71862e-06, 6.04688e-05, -0.000796497
422345, 10.4239, -0.0483035, -0.00170136, 0.0746726, -0.0170934, -0.0761982, 0.692851, 0.000143389, -8.32727e-05, 7.18425e-06, 0.040346, 0.411309, 0.012632, 0.450915, 0.0330916, 0.169284, 0.71796, 0.692804, 0.0674896, 0.69255, -0.720708, 0.0309094, 0.0700545, 0.0245482, -0.997241, 0.00428861, -7.02447e-05, 0.00338915, 0.000608426, -0.00877801, -0.000439938, 0.31472, -0.0229253, -0.244835, -2.60301, 0.0298964, 2.65225, -0.72266, -0.000962975, -0.000104805, 0.000175203, 0.0089438, -1.34951e-05, -0.00025493, -0.000381733
432539, 10.4339, -0.048285, -0.0017031, 0.0746852, -0.0171052, -0.0762281, 0.692847, 0.000137719, -8.86201e-05, 6.63463e-06, 0.040346, 0.411309, 0.012632, 0.450933, 0.0330899, 0.169296, 0.717961, 0.692801, 0.0675148, 0.692546, -0.72071, 0.0309331, 0.0700891, 0.0245483, -0.997239, 0.0018279, -0.000891424, 0.000942351, -0.000381937, -0.00326962, -0.0014473, 0.314718, -0.0229197, -0.244839, -2.60297, 0.0298951, 2.65225, -0.722661, -0.00151647, 0.00125933, -0.000575754, 0.00379465, -0.000534071, 0.00065871, -0.000228372
442732, 10.4439, -0.0482699, -0.00169913, 0.0746987, -0.0171124, -0.0762597, 0.692845, 0.000131237, -9.31317e-05, 6.05569e-06, 0.040346, 0.411309, 0.012632, 0.450948, 0.0330939, 0.16931, 0.717959, 0.692801, 0.0675435, 0.692544, -0.720711, 0.0309531, 0.0701237, 0.0245538, -0.997236, 0.00337805, -0.00379603, 0.0024222, 0.000465787, -0.00649649, -0.0080481, 0.314723, -0.0229249, -0.244838, -2.60294, 0.0298981, 2.65225, -0.722657, -0.00766722, -3.48901e-05, -0.00121557, 0.00637084, 8.54177e-05, 9.72269e-05, -0.0009468
452928, 10.4539, -0.0482462, -0.00169904, 0.0747165, -0.0171271, -0.0763012, 0.692844, 0.000123208, -0.00010023, 5.2913e-06, 0.040346, 0.411309, 0.012632, 0.450972, 0.033094, 0.169327, 0.717956, 0.6928, 0.0675791, 0.692542, -0.720711, 0.0309846, 0.0701711, 0.0245558, -0.997233, 0.00301772, -0.000947045, 0.00218181, 0.000456672, -0.00552761, -0.00329042, 0.314723, -0.0229224, -0.244841, -2.60289, 0.029897, 2.65225, -0.722659, -0.00117886, 0.000446559, -0.00133361, 0.00644069, 0.000175251, -0.000441484, 0.000605275
463126, 10.4639, -0.0482271, -0.00169646, 0.0747316, -0.017139, -0.0763361, 0.692844, 0.000116392, -0.000106099, 4.64686e-06, 0.040346, 0.411309, 0.012632, 0.450991, 0.0330965, 0.169343, 0.717953, 0.692801, 0.0676093, 0.692542, -0.720711, 0.0310106, 0.0702109, 0.0245581, -0.99723, 0.00255161, -0.00049818, 0.00184089, 2.15575e-05, -0.00528482, -0.000692318, 0.314723, -0.0229224, -0.244838, -2.60285, 0.0298957, 2.65225, -0.722656, 0.00471365, 0.00113915, 0.000391132, 0.00207063, -0.000272479, 0.000289116, -0.000116256
473320, 10.4749, -0.0482088, -0.00169361, 0.0747445, -0.0171491, -0.076367, 0.692846, 0.000110349, -0.000111253, 4.07681e-06, 0.040346, 0.411309, 0.012632, 0.451009, 0.0330994, 0.169355, 0.717948, 0.692803, 0.0676361, 0.692544, -0.720708, 0.0310334, 0.0702459, 0.0245606, -0.997227, 0.00180951, 0.000784927, 0.00138321, 0.000481734, -0.00353479, 0.00123384, 0.314725, -0.0229175, -0.244836, -2.60281, 0.0298977, 2.65225, -0.722658, 0.000919632, 0.000278222, 0.000549337, 0.004054, 0.000619088, -0.000230485, -0.000307627
483514, 10.4849, -0.0481851, -0.00169446, 0.0747619, -0.0171638, -0.0764079, 0.69284, 0.000102445, -0.00011823, 3.3233e-06, 0.040346, 0.411309, 0.012632, 0.451033, 0.0330985, 0.169373, 0.717949, 0.692799, 0.0676711, 0.692538, -0.720712, 0.0310644, 0.0702928, 0.0245622, -0.997224, 0.000555078, -3.31202e-05, 4.72057e-05, -0.000304726, -0.000192273, -0.000628013, 0.314725, -0.0229143, -0.244841, -2.60276, 0.0298964, 2.65225, -0.722656, 0.00105126, 0.00125889, -0.00109744, 0.00167036, -0.000180332, -0.000259, 0.000733119
493804, 10.4949, -0.0481654, -0.00169534, 0.0747779, -0.0171755, -0.0764451, 0.692834, 9.5085e-05, -0.000124196, 2.63781e-06, 0.040346, 0.411309, 0.012632, 0.451053, 0.0330977, 0.169389, 0.717951, 0.692793, 0.0677037, 0.692531, -0.720718, 0.0310908, 0.0703348, 0.0245653, -0.997221, 0.00403214, -0.000279844, 0.00291769, 0.00050382, -0.00790479, -0.00201686, 0.31472, -0.0229165, -0.244841, -2.60272, 0.0298964, 2.65225, -0.722654, -4.7889e-05, 0.000659031, -0.00110576, 0.00849496, 6.11081e-05, 8.66924e-05, 0.000764843
504039, 10.5049, -0.0481415, -0.00169149, 0.0747968, -0.0171891, -0.0764892, 0.692834, 8.63599e-05, -0.0001313, 1.8237e-06, 0.040346, 0.411309, 0.012632, 0.451076, 0.0331015, 0.169408, 0.717946, 0.692795, 0.0677424, 0.692532, -0.720716, 0.0311223, 0.0703844, 0.0245696, -0.997217, 0.00208901, 0.000431315, 0.00167821, 0.000541493, -0.00444349, -0.000385569, 0.314722, -0.0229165, -0.244838, -2.60267, 0.0298977, 2.65225, -0.722653, 0.00077192, -8.39194e-05, -0.000143364, 0.00433781, 0.00028977, 6.81074e-05, 0.000745354
514242, 10.5159, -0.0481121, -0.00169173, 0.0748206, -0.0172071, -0.0765444, 0.692835, 7.55518e-05, -0.000140432, 8.0401e-07, 0.040346, 0.411309, 0.012632, 0.451106, 0.0331013, 0.169432, 0.717939, 0.692797, 0.0677903, 0.692532, -0.720714, 0.0311628, 0.0704469, 0.024574, -0.997213, 0.00111938, 0.00020033, 0.000837861, 0.000258283, -0.00184081, -0.000617273, 0.314717, -0.0229193, -0.244838, -2.60261, 0.029897, 2.65225, -0.722661, -0.000206285, 0.000249246, 0.000493356, 0.00266067, 0.000257528, -0.000552868, 0.000685188
524483, 10.5259, -0.0480794, -0.00168843, 0.0748447, -0.0172265, -0.076601, 0.692833, 6.45276e-05, -0.000149981, -2.44292e-07, 0.040346, 0.411309, 0.012632, 0.451139, 0.0331046, 0.169456, 0.717935, 0.692797, 0.0678392, 0.69253, -0.720714, 0.0312051, 0.0705114, 0.0245774, -0.997208, 0.0039302, -0.000274866, 0.00247808, 6.56743e-05, -0.00724938, -0.000993643, 0.31472, -0.022914, -0.244838, -2.60254, 0.029897, 2.65225, -0.722658, -0.00116571, 0.00175368, 0.000153267, 0.00849906, 7.99579e-06, 0.000436538, -8.24112e-05
534783, 10.5359, -0.0480506, -0.00168654, 0.0748673, -0.0172438, -0.0766537, 0.692835, 5.4212e-05, -0.000158728, -1.22017e-06, 0.040346, 0.411309, 0.012632, 0.451167, 0.0331065, 0.169478, 0.717928, 0.6928, 0.0678849, 0.692531, -0.720711, 0.0312438, 0.0705711, 0.0245816, -0.997204, 0.00303186, 0.000643363, 0.00214018, 9.22516e-05, -0.00577196, 0.00207681, 0.31472, -0.022914, -0.244838, -2.60248, 0.029897, 2.65225, -0.722663, 0.000639045, 0.000867454, 0.000421387, 0.00672479, -4.10879e-05, -0.000141365, -0.00101887
545032, 10.5459, -0.0480131, -0.0016848, 0.0748948, -0.0172666, -0.0767184, 0.692825, 4.16541e-05, -0.000169667, -2.4184e-06, 0.040346, 0.411309, 0.012632, 0.451205, 0.0331082, 0.169506, 0.71793, 0.692792, 0.0679405, 0.692521, -0.720718, 0.0312923, 0.0706451, 0.0245846, -0.997199, 0.0030887, 0.00295295, 0.00230899, 5.24424e-05, -0.00613978, 0.00580633, 0.314719, -0.022908, -0.244838, -2.6024, 0.0298957, 2.65225, -0.722653, 0.0054939, 0.000909606, 0.000670907, 0.00724259, -0.000361891, -0.000224737, 0.000631019
555261, 10.5569, -0.0479749, -0.00168467, 0.0749236, -0.0172894, -0.076786, 0.692819, 2.84536e-05, -0.000180919, -3.67151e-06, 0.040346, 0.411309, 0.012632, 0.451243, 0.0331083, 0.169535, 0.717928, 0.692788, 0.067999, 0.692515, -0.720722, 0.0313422, 0.0707219, 0.0245889, -0.997193, 0.00263895, -0.00271077, 0.00182975, 0.000211181, -0.00506564, -0.00681468, 0.314717, -0.022905, -0.244841, -2.60232, 0.0298957, 2.65225, -0.722653, -0.00578661, 0.00019612, -0.000545256, 0.00501584, -0.000284369, 0.000257919, 0.00069222
565459, 10.5669, -0.047937, -0.00167669, 0.0749536, -0.0173098, -0.0768564, 0.692827, 1.44386e-05, -0.000192066, -4.9783e-06, 0.040346, 0.411309, 0.012632, 0.451281, 0.0331163, 0.169565, 0.717914, 0.692797, 0.0680612, 0.692522, -0.720713, 0.0313916, 0.0708006, 0.0245974, -0.997187, 0.00427953, -0.00142055, 0.00330607, 0.000804786, -0.0088698, -0.00455932, 0.314721, -0.0229044, -0.244833, -2.60224, 0.0299009, 2.65225, -0.722659, -0.00593261, -0.000168384, 0.00217333, 0.00848973, 0.000302511, 0.000250537, 0.000492304
575654, 10.5769, -0.0478969, -0.00167746, 0.0749833, -0.017337, -0.076932, 0.692819, -1.85838e-07, -0.000205039, -6.38569e-06, 0.040346, 0.411309, 0.012632, 0.451321, 0.0331155, 0.169594, 0.717913, 0.692791, 0.068126, 0.692514, -0.720718, 0.0314491, 0.0708873, 0.0246005, -0.997181, 0.00359376, 0.000602615, 0.00220699, 0.000158699, -0.00674392, 0.000564317, 0.31472, -0.0229012, -0.244839, -2.60216, 0.0298977, 2.65226, -0.722657, -0.00116319, 0.00190951, 0.00215196, 0.00786976, 0.000401361, 0.000712308, 2.52874e-05
585848, 10.5869, -0.0478487, -0.00167697, 0.075021, -0.0173647, -0.0770203, 0.69281, -1.7632e-05, -0.000219246, -8.02679e-06, 0.040346, 0.411309, 0.012632, 0.451369, 0.033116, 0.169632, 0.717913, 0.692784, 0.0682033, 0.692504, -0.720725, 0.0315121, 0.0709869, 0.0246082, -0.997174, 0.00294894, 0.000522783, 0.00234087, 0.000556868, -0.00630486, -0.000280465, 0.314713, -0.0229012, -0.244838, -2.60206, 0.0299002, 2.65226, -0.722656, 0.0011024, -5.53552e-05, -0.000384595, 0.00608922, 6.01477e-05, 0.000205918, 0.000911823
596043, 10.5969, -0.0478, -0.00167781, 0.0750598, -0.0173956, -0.0771099, 0.692804, -3.50565e-05, -0.000234338, -9.69669e-06, 0.040346, 0.411309, 0.012632, 0.451418, 0.0331152, 0.169671, 0.717909, 0.69278, 0.0682805, 0.692498, -0.720729, 0.031579, 0.071089, 0.0246133, -0.997166, 0.00386448, 0.00041875, 0.00316517, 0.000555683, -0.00842431, -5.95061e-05, 0.314712, -0.0229037, -0.244846, -2.60196, 0.0298957, 2.65226, -0.722657, 0.000735311, -0.000415002, -0.000393913, 0.00785829, -0.000348972, 0.000195145, 0.000650354
606245, 10.6079, -0.0477491, -0.00168073, 0.0750993, -0.0174223, -0.0771966, 0.692789, -5.22415e-05, -0.000248114, -1.13108e-05, 0.040346, 0.411309, 0.012632, 0.451469, 0.0331123, 0.16971, 0.717914, 0.692768, 0.0683567, 0.692483, -0.72074, 0.03164, 0.0711866, 0.024621, -0.997159, 0.00248516, -0.00114628, 0.00196314, 0.000613773, -0.00492031, -0.00360911, 0.314704, -0.0229015, -0.244852, -2.60185, 0.0299002, 2.65225, -0.722659, -0.00155204, -0.000231479, -0.00138205, 0.00501801, 0.000269897, -0.000274209, 0.000426241
616442, 10.6179, -0.0476915, -0.00167888, 0.0751441, -0.0174584, -0.0773006, 0.692787, -7.24304e-05, -0.000265751, -1.3256e-05, 0.040346, 0.411309, 0.012632, 0.451527, 0.0331141, 0.169755, 0.717904, 0.692769, 0.0684462, 0.69248, -0.720739, 0.0317182, 0.0713052, 0.024627, -0.99715, 0.00571361, -0.00128569, 0.00454879, 0.000866059, -0.0121101, -0.00222755, 0.314701, -0.0229005, -0.244853, -2.60173, 0.0298964, 2.65225, -0.722662, -0.00368315, -0.000522254, -2.18442e-05, 0.0113905, 1.96681e-05, 0.000213611, -0.00156636
626636, 10.6279, -0.0476349, -0.00167313, 0.0751869, -0.0174918, -0.0774008, 0.692781, -9.20413e-05, -0.000282392, -1.51329e-05, 0.040346, 0.411309, 0.012632, 0.451583, 0.0331199, 0.169798, 0.7179, 0.692765, 0.0685331, 0.692473, -0.720743, 0.0317919, 0.071419, 0.0246339, -0.997142, 0.00568002, 0.000988494, 0.00463995, 0.00100387, -0.0120494, 0.000218218, 0.314706, -0.0228948, -0.244853, -2.60161, 0.0298964, 2.65225, -0.722653, 0.00116261, -0.00041506, 0.000157957, 0.0118515, -3.63564e-05, -0.000144052, 0.00107346
636833, 10.6379, -0.0475761, -0.00167131, 0.0752308, -0.0175276, -0.0775103, 0.692774, -0.000113518, -0.000300418, -1.71855e-05, 0.040346, 0.411309, 0.012632, 0.451642, 0.0331217, 0.169842, 0.717894, 0.692761, 0.0686283, 0.692466, -0.720746, 0.0318718, 0.0715431, 0.0246421, -0.997133, 0.00496955, 0.000466268, 0.00375847, 0.000470886, -0.0101226, 0.000868486, 0.314702, -0.0228892, -0.244853, -2.60149, 0.0298996, 2.65226, -0.722656, -0.000381543, 0.000487982, 0.0007463, 0.0104978, -0.000124867, 9.29168e-05, -0.000459844
647028, 10.6479, -0.0475163, -0.00166386, 0.0752777, -0.0175627, -0.0776129, 0.692781, -0.000133474, -0.000317834, -1.91172e-05, 0.040346, 0.411309, 0.012632, 0.451702, 0.0331291, 0.169889, 0.717877, 0.692771, 0.0687167, 0.692472, -0.720737, 0.031949, 0.07166, 0.024649, -0.997125, 0.00657129, 0.00336315, 0.00514835, 0.000811018, -0.0139347, 0.00641868, 0.314709, -0.0228867, -0.244852, -2.60136, 0.0298964, 2.65225, -0.72266, 0.00662763, 0.000548471, -0.000114019, 0.0142008, -5.82711e-05, 0.000290518, 5.93997e-05
657294, 10.6589, -0.0474453, -0.00165527, 0.0753325, -0.0176046, -0.0777409, 0.692784, -0.000158534, -0.00033906, -2.15267e-05, 0.040346, 0.411309, 0.012632, 0.451773, 0.0331377, 0.169943, 0.717861, 0.692776, 0.0688278, 0.692474, -0.720731, 0.0320431, 0.071805, 0.024659, -0.997114, 0.00680123, 0.000896296, 0.00522519, 0.000972251, -0.0137012, 0.000741166, 0.314717, -0.0228825, -0.244851, -2.60121, 0.029897, 2.65225, -0.722661, 0.00222523, 0.000523944, -0.00121047, 0.0145367, 0.000192751, -0.000284308, 3.64557e-05
667488, 10.6689, -0.047384, -0.00164873, 0.0753792, -0.0176406, -0.0778503, 0.692782, -0.000179968, -0.000357185, -2.35905e-05, 0.040346, 0.411309, 0.012632, 0.451834, 0.0331443, 0.16999, 0.71785, 0.692777, 0.0689228, 0.692472, -0.72073, 0.0321234, 0.0719291, 0.0246673, -0.997105, 0.0064559, 0.000801893, 0.00497331, 0.0011694, -0.0133322, 7.22615e-05, 0.314718, -0.0228771, -0.244846, -2.60108, 0.0298983, 2.65225, -0.722659, 0.00066265, 0.000377267, 0.000181362, 0.0135557, 0.000603549, 0.000197361, 0.00018234
677681, 10.6789, -0.0473215, -0.0016392, 0.0754253, -0.0176806, -0.0779644, 0.692791, -0.000202057, -0.000376783, -2.57507e-05, 0.040346, 0.411309, 0.012632, 0.451897, 0.0331538, 0.170036, 0.717829, 0.692789, 0.0690207, 0.69248, -0.720718, 0.0322103, 0.0720594, 0.024674, -0.997095, 0.00544392, 0.000387662, 0.00341391, -1.82938e-05, -0.00974802, 0.00132859, 0.314727, -0.0228679, -0.244842, -2.60095, 0.0298967, 2.65226, -0.722663, 0.00141982, 0.00273084, -0.00112029, 0.0121814, 4.89315e-05, 0.000175246, -0.00114476
687875, 10.6889, -0.0472615, -0.00163117, 0.075473, -0.0177141, -0.0780692, 0.692791, -0.000222665, -0.000393948, -2.77333e-05, 0.040346, 0.411309, 0.012632, 0.451956, 0.0331618, 0.170084, 0.717818, 0.692792, 0.069112, 0.692479, -0.720715, 0.0322863, 0.0721778, 0.0246829, -0.997086, 0.0058562, 0.00020613, 0.00498565, 0.00146905, -0.0125994, -0.00137577, 0.314728, -0.0228671, -0.244834, -2.60082, 0.029897, 2.65225, -0.722659, -2.08154e-05, -0.00115119, -0.000505107, 0.0119723, 0.000479181, -0.000405321, 0.000388241
698069, 10.6989, -0.0472017, -0.00162144, 0.0755163, -0.01775, -0.078171, 0.692796, -0.000242359, -0.000411464, -2.96671e-05, 0.040346, 0.411309, 0.012632, 0.452016, 0.0331716, 0.170127, 0.717802, 0.6928, 0.0691993, 0.692484, -0.720707, 0.032364, 0.0722942, 0.0246885, -0.997078, 0.00638832, 0.00101072, 0.00509842, 0.00107723, -0.0133586, 0.000703788, 0.314739, -0.0228538, -0.244831, -2.60069, 0.0298964, 2.65225, -0.722657, 0.001184, -8.66213e-05, 0.000101348, 0.0134214, 0.000173536, -9.67054e-05, 0.000363589
708263, 10.7099, -0.0471453, -0.00161448, 0.0755546, -0.0177863, -0.0782682, 0.692802, -0.00026097, -0.000428648, -3.15179e-05, 0.040346, 0.411309, 0.012632, 0.452073, 0.0331785, 0.170166, 0.717786, 0.692808, 0.0692818, 0.692489, -0.720699, 0.0324401, 0.0724061, 0.0246918, -0.99707, 0.00500354, 0.000661659, 0.00342851, 0.000224611, -0.00954804, 0.000174228, 0.314741, -0.0228356, -0.244824, -2.60057, 0.0298957, 2.65226, -0.72266, 4.07043e-05, 0.00165321, 0.000854654, 0.0109359, -0.000142437, 0.00021854, 0.000778405
718442, 10.7199, -0.0470961, -0.00161019, 0.075591, -0.0178138, -0.0783474, 0.692801, -0.000276358, -0.000442082, -3.30252e-05, 0.040346, 0.411309, 0.012632, 0.452122, 0.0331828, 0.170202, 0.717779, 0.692809, 0.06935, 0.692487, -0.720698, 0.0324997, 0.0724965, 0.0246964, -0.997063, 0.0036603, 0.00237488, 0.00192355, -0.00114297, -0.00589205, 0.00638353, 0.314745, -0.0228261, -0.244825, -2.60046, 0.0298959, 2.65225, -0.722659, 0.00643553, 0.00341556, -0.00138614, 0.00906995, -0.00138244, 3.86406e-05, -0.000216575
728630, 10.7299, -0.0470512, -0.00160575, 0.0756205, -0.017841, -0.0784178, 0.6928, -0.000289779, -0.000454664, -3.43696e-05, 0.040346, 0.411309, 0.012632, 0.452167, 0.0331872, 0.170231, 0.717772, 0.69281, 0.0694095, 0.692485, -0.720697, 0.0325554, 0.0725779, 0.0246976, -0.997057, 0.00187294, 0.000237827, 0.000198358, -0.000964105, -0.00125093, 0.00032336, 0.314746, -0.0228072, -0.244821, -2.60036, 0.0298957, 2.65225, -0.722656, 0.00146876, 0.00409207, -0.000854434, 0.00534842, -0.000214261, -0.0001854, 0.000448074
738823, 10.7399, -0.0470115, -0.00160217, 0.0756451, -0.0178648, -0.0784774, 0.692801, -0.000301065, -0.00046551, -3.55099e-05, 0.040346, 0.411309, 0.012632, 0.452207, 0.0331908, 0.170256, 0.717764, 0.692813, 0.0694595, 0.692486, -0.720694, 0.0326035, 0.0726472, 0.0246981, -0.997052, 0.00260044, -0.000826946, 0.001119, -0.000138115, -0.00375589, -0.00274095, 0.314745, -0.0227859, -0.244816, -2.60027, 0.029897, 2.65225, -0.722658, -0.00164114, 0.00270054, -0.000332225, 0.00601142, 0.000427749, 0.000356952, 0.000366256
749018, 10.7499, -0.0469744, -0.00159869, 0.0756719, -0.0178873, -0.0785404, 0.692804, -0.000313221, -0.000476396, -3.67133e-05, 0.040346, 0.411309, 0.012632, 0.452244, 0.0331943, 0.170283, 0.717755, 0.692817, 0.0695134, 0.692488, -0.72069, 0.0326518, 0.0727193, 0.0247012, -0.997047, 0.00187636, -8.76895e-05, 0.00172265, 0.000596035, -0.00418403, -0.00101753, 0.31475, -0.0227781, -0.244818, -2.60019, 0.0298964, 2.65225, -0.722661, 0.000447519, -0.000770717, -0.000996752, 0.0037359, 0.000112383, -0.000255209, 0.000359467
759215, 10.7609, -0.0469447, -0.00159311, 0.0756885, -0.0179055, -0.0785812, 0.692809, -0.000320755, -0.000484322, -3.74984e-05, 0.040346, 0.411309, 0.012632, 0.452273, 0.0331999, 0.1703, 0.717746, 0.692824, 0.0695467, 0.692493, -0.720684, 0.0326869, 0.0727675, 0.0246998, -0.997043, 0.00255422, 0.000546587, 0.000610102, -0.000859337, -0.00246777, 0.00159298, 0.314754, -0.0227557, -0.244812, -2.60012, 0.0298964, 2.65225, -0.72266, 0.00103729, 0.00453636, 0.000187383, 0.0069371, 0.000212047, -0.000145759, -0.000584462
769425, 10.7709, -0.0469339, -0.00159014, 0.0756902, -0.0179127, -0.0785871, 0.692813, -0.00032142, -0.000486568, -3.76185e-05, 0.040346, 0.411309, 0.012632, 0.452284, 0.0332029, 0.170301, 0.71774, 0.692829, 0.0695497, 0.692497, -0.720679, 0.0326968, 0.0727763, 0.0246951, -0.997043, 0.000765428, 0.00323634, -0.000127188, -0.000906154, -0.000180434, 0.00821208, 0.314756, -0.0227337, -0.244807, -2.60009, 0.0298957, 2.65225, -0.722659, 0.00637925, 0.00292872, 0.00090614, 0.00311931, -0.000257683, -0.000181669, -0.000724519
779766, 10.7809, -0.0469255, -0.0015885, 0.0756946, -0.0179174, -0.0785982, 0.692814, -0.000323497, -0.000488653, -3.78317e-05, 0.040346, 0.411309, 0.012632, 0.452292, 0.0332045, 0.170306, 0.717738, 0.69283, 0.0695589, 0.692498, -0.720678, 0.0327061, 0.0727893, 0.024695, -0.997042, 0.00193136, 0.00128881, 0.00166431, 0.000477409, -0.0039415, 0.00208769, 0.314756, -0.0227265, -0.244804, -2.60007, 0.0298969, 2.65225, -0.722659, 0.00095566, -0.000131628, 0.0015796, 0.00439113, 0.000333017, -0.000557975, 0.000153906
