timestamp, robot_time[1], robot_ee_pos_error[3], robot_ee_ori_error[3], sensed_forces_moments[6], robot_ee_position[3], robot_ee_orientation[9], robot_ee_linear_velocity[3], robot_ee_angular_velocity[3], joint_angles[7], joint_velocities[7], 
10450, 10.0119, -0.00249421, 0.0350405, 0.0688647, 0.125496, -0.236907, -0.53982, 0.000228653, -0.000250334, 0.000103149, 0.040346, 0.411309, 0.012632, 0.496724, 0.0698335, 0.163476, 0.806617, -0.557207, 0.197204, -0.51952, -0.827468, -0.213063, 0.2819, 0.0694088, -0.95693, 0.000123787, 0.000771041, -0.000231877, -0.000358532, -0.000196969, 0.00148454, 0.393828, 0.0897753, -0.227106, -2.5783, 0.221683, 2.95531, 0.541274, 0.00258692, 0.00122752, -0.000921191, 0.000670758, 0.000275765, 0.000649019, -0.00010368
20836, 10.0218, -0.00250956, 0.0350166, 0.0688507, 0.125473, -0.236879, -0.539856, 0.000234121, -0.000256187, 0.000105579, 0.040346, 0.411309, 0.012632, 0.496708, 0.0698096, 0.163462, 0.806601, -0.557238, 0.19718, -0.519562, -0.827448, -0.213037, 0.281868, 0.069389, -0.956941, -0.00132969, -0.000387579, -0.00120307, -0.000442681, 0.00315955, -0.000741941, 0.393814, 0.0897727, -0.227133, -2.57834, 0.22168, 2.95531, 0.541276, 0.00155192, 0.00026423, -0.0017486, -0.00268386, 0.000458626, -0.000295849, 0.000119625
31293, 10.0328, -0.00254386, 0.0349832, 0.068818, 0.125429, -0.236813, -0.539907, 0.000246812, -0.000268807, 0.000111003, 0.040346, 0.411309, 0.012632, 0.496674, 0.0697762, 0.163429, 0.806587, -0.557279, 0.197123, -0.519625, -0.827423, -0.212981, 0.281795, 0.0693575, -0.956965, -0.00179873, 0.000231766, -0.00211391, -0.0010459, 0.00501514, 0.00107649, 0.393792, 0.0897762, -0.227163, -2.57842, 0.22168, 2.95531, 0.541278, 0.000936635, 0.00192779, 0.000306626, -0.00284643, 0.0004614, -0.000412285, -0.000280727
41553, 10.0428, -0.00258728, 0.0349391, 0.0687746, 0.12537, -0.236728, -0.53997, 0.000262864, -0.000285995, 0.000118133, 0.040346, 0.411309, 0.012632, 0.496631, 0.0697321, 0.163386, 0.80657, -0.557329, 0.197052, -0.519703, -0.827394, -0.212905, 0.281698, 0.0693141, -0.956996, -0.00433649, -0.00857629, -0.00503731, -0.00161086, 0.0122027, -0.0178401, 0.393769, 0.0897861, -0.227209, -2.57852, 0.221679, 2.95531, 0.541275, -0.00165147, 0.00186082, -0.0126607, -0.0108863, 0.00507257, 2.59069e-05, -0.00120353
51779, 10.0531, -0.00263168, 0.0348894, 0.0687261, 0.125302, -0.236637, -0.540045, 0.000280238, -0.000304999, 0.000125937, 0.040346, 0.411309, 0.012632, 0.496586, 0.0696824, 0.163337, 0.806547, -0.557389, 0.196975, -0.519795, -0.827358, -0.212821, 0.281593, 0.0692632, -0.957031, -0.00575924, -0.0056382, -0.00636267, -0.0036706, 0.0163493, -0.00839422, 0.393755, 0.0898068, -0.227273, -2.57862, 0.22168, 2.95531, 0.541276, -0.00194745, 0.00311616, -0.00677189, -0.0118296, 0.000530287, -0.00208021, -0.000877655
61992, 10.0628, -0.00269069, 0.0348286, 0.0686609, 0.125214, -0.236513, -0.540138, 0.000303662, -0.000330225, 0.000136364, 0.040346, 0.411309, 0.012632, 0.496527, 0.0696216, 0.163272, 0.806523, -0.557461, 0.196872, -0.51991, -0.827314, -0.212709, 0.281452, 0.069199, -0.957077, -0.00655103, -0.00659617, -0.00804848, -0.00460711, 0.018814, -0.0109051, 0.393723, 0.0898378, -0.227335, -2.57875, 0.22168, 2.95531, 0.541279, -0.00529927, 0.00574929, -0.00474991, -0.0134384, 0.000162407, -0.000376448, 0.000511331
72204, 10.0729, -0.00274769, 0.0347555, 0.0685965, 0.125122, -0.236392, -0.540246, 0.000326426, -0.000355626, 0.00014669, 0.040346, 0.411309, 0.012632, 0.49647, 0.0695485, 0.163207, 0.806487, -0.557549, 0.196771, -0.520041, -0.827261, -0.212596, 0.281314, 0.0691274, -0.957123, -0.00633278, -0.0102002, -0.00750787, -0.00497968, 0.0178023, -0.01652, 0.393677, 0.0898674, -0.227408, -2.57888, 0.221679, 2.95531, 0.541277, -0.00704407, 0.00367832, -0.0101592, -0.0148597, 6.69062e-05, -0.000173613, -0.00103269
82420, 10.0838, -0.00282628, 0.0346769, 0.0685076, 0.125003, -0.236225, -0.540366, 0.000357944, -0.000390007, 0.0001608, 0.040346, 0.411309, 0.012632, 0.496392, 0.0694699, 0.163119, 0.806456, -0.557642, 0.196631, -0.520191, -0.827206, -0.212444, 0.281122, 0.0690412, -0.957185, -0.00680949, -0.00467241, -0.00904123, -0.00538841, 0.0202304, -0.00753205, 0.393643, 0.0899156, -0.227494, -2.57905, 0.221679, 2.95531, 0.541282, -0.00129322, 0.0086278, -0.00465756, -0.0125772, 3.40678e-05, 7.33757e-05, 0.00136771
92695, 10.0938, -0.00289761, 0.0346012, 0.068431, 0.124897, -0.23608, -0.540476, 0.000385493, -0.000420064, 0.000173126, 0.040346, 0.411309, 0.012632, 0.49632, 0.0693942, 0.163042, 0.806426, -0.557729, 0.196509, -0.520328, -0.827153, -0.212311, 0.280955, 0.0689639, -0.95724, -0.00694787, -0.00552631, -0.00681482, -0.00188736, 0.0167382, -0.0115977, 0.393612, 0.0899465, -0.227581, -2.57921, 0.221681, 2.95531, 0.541278, -0.00159654, 0.00174896, -0.00605104, -0.0154418, 0.00406149, 0.000132226, 4.11539e-05
103150, 10.1048, -0.00297399, 0.034523, 0.0683489, 0.124785, -0.235923, -0.540594, 0.000415053, -0.000452276, 0.000186335, 0.040346, 0.411309, 0.012632, 0.496244, 0.069316, 0.16296, 0.806394, -0.557821, 0.196378, -0.520474, -0.827098, -0.212168, 0.280775, 0.0688815, -0.957299, -0.00500954, -0.00999262, -0.00638943, -0.004266, 0.0150282, -0.0176576, 0.393585, 0.089981, -0.227675, -2.57938, 0.221679, 2.95531, 0.541282, -0.00658155, 0.0036622, -0.0107052, -0.0120805, -0.000116298, -9.14805e-05, 0.000292417
113672, 10.1148, -0.00305132, 0.0344539, 0.0682678, 0.124677, -0.235768, -0.540694, 0.00044441, -0.000483977, 0.000199378, 0.040346, 0.411309, 0.012632, 0.496167, 0.0692469, 0.162879, 0.806374, -0.557896, 0.196248, -0.520602, -0.827054, -0.212027, 0.280597, 0.0688064, -0.957356, -0.00977516, -0.00577026, -0.0106473, -0.00508444, 0.0250999, -0.00928972, 0.393566, 0.0900131, -0.227759, -2.57955, 0.22168, 2.95531, 0.54128, -0.0004776, 0.0060867, -0.00645701, -0.0198546, 0.00259287, 1.01833e-06, -0.000342553
124128, 10.1258, -0.00313673, 0.034373, 0.0681787, 0.124557, -0.235596, -0.540815, 0.000476909, -0.00051881, 0.000213749, 0.040346, 0.411309, 0.012632, 0.496081, 0.069166, 0.16279, 0.806344, -0.557989, 0.196104, -0.520754, -0.826998, -0.211873, 0.2804, 0.0687209, -0.95742, -0.0060763, -0.0068776, -0.0066259, -0.00551511, 0.0156099, -0.00934777, 0.393543, 0.090046, -0.227859, -2.57974, 0.221681, 2.95531, 0.541281, -0.000974658, 0.00285689, -0.0101767, -0.0138031, -0.00352436, 0.000161025, 0.00112724
134560, 10.1358, -0.00321402, 0.0343046, 0.0680982, 0.12445, -0.235441, -0.540916, 0.000506257, -0.000550251, 0.000226713, 0.040346, 0.411309, 0.012632, 0.496004, 0.0690976, 0.162709, 0.806323, -0.558066, 0.195974, -0.520883, -0.826952, -0.211734, 0.280222, 0.0686466, -0.957477, -0.009046, -0.00691335, -0.0092827, -0.00563437, 0.021951, -0.00910771, 0.393521, 0.090077, -0.227939, -2.57991, 0.22168, 2.95531, 0.541283, -0.00277175, 0.0035279, -0.0070765, -0.0197683, -0.000346542, 0.000475407, -0.000881138
145001, 10.1458, -0.00328937, 0.0342508, 0.0680192, 0.124349, -0.235289, -0.540992, 0.000534676, -0.000581013, 0.000239328, 0.040346, 0.411309, 0.012632, 0.495925, 0.0690355, 0.162628, 0.80631, -0.55813, 0.195843, -0.520999, -0.826915, -0.211592, 0.280041, 0.0685753, -0.957536, -0.00371054, -0.00632881, -0.00339531, -0.00482599, 0.00853332, -0.00612227, 0.393511, 0.0901103, -0.228018, -2.58008, 0.22168, 2.95531, 0.541282, -0.00108304, -0.00072236, -0.0103101, -0.00988202, -0.00534987, -0.000169058, -0.000685845
155355, 10.1568, -0.00336338, 0.034188, 0.0679406, 0.124246, -0.235139, -0.541087, 0.000563262, -0.000611417, 0.000251889, 0.040346, 0.411309, 0.012632, 0.495855, 0.068981, 0.162552, 0.806299, -0.55819, 0.195721, -0.521107, -0.82688, -0.211463, 0.279874, 0.0685104, -0.957589, -0.00462855, -0.00662222, -0.00493518, -0.00311522, 0.0121071, -0.0112092, 0.393499, 0.0901478, -0.228083, -2.58023, 0.221681, 2.95531, 0.541286, -0.002714, 0.00146127, -0.00834154, -0.010999, -0.00021432, -0.000201361, 0.000178034
165797, 10.1668, -0.00342663, 0.0341378, 0.0678781, 0.124165, -0.235015, -0.541164, 0.000586767, -0.000635641, 0.00026204, 0.040346, 0.411309, 0.012632, 0.495791, 0.0689308, 0.162489, 0.806284, -0.558247, 0.195617, -0.521205, -0.826846, -0.211355, 0.279733, 0.0684559, -0.957634, -0.00538663, -0.00681149, -0.00554997, -0.00310741, 0.0137106, -0.0126554, 0.393485, 0.0901654, -0.228142, -2.58037, 0.221681, 2.95531, 0.54129, -0.000745302, 0.00145896, -0.010332, -0.0126564, -3.64552e-06, -0.00014281, 0.00143797
176419, 10.1778, -0.00349402, 0.0340848, 0.0678126, 0.12408, -0.234886, -0.541241, 0.000611427, -0.00066115, 0.000272704, 0.040346, 0.411309, 0.012632, 0.495724, 0.0688778, 0.162424, 0.806271, -0.558305, 0.195508, -0.521305, -0.826812, -0.211242, 0.279585, 0.0683994, -0.957681, -0.00545907, -0.00638522, -0.00476232, -0.00219418, 0.0122759, -0.0118023, 0.393467, 0.090181, -0.228201, -2.58052, 0.221681, 2.95531, 0.54129, -0.00277613, -0.000879648, -0.00764479, -0.013546, 8.99595e-05, 8.47977e-05, 0.00109595
186866, 10.1878, -0.00355757, 0.0340452, 0.0677536, 0.124006, -0.234768, -0.541292, 0.000633709, -0.000684396, 0.000282377, 0.040346, 0.411309, 0.012632, 0.49566, 0.0688382, 0.162365, 0.806272, -0.558338, 0.195409, -0.521376, -0.826793, -0.211139, 0.27945, 0.0683541, -0.957724, -0.00667416, -0.00478724, -0.00681455, -0.00282759, 0.0166513, -0.00827589, 0.39346, 0.0901911, -0.228247, -2.58066, 0.22168, 2.95531, 0.541284, -0.000254838, 0.00268456, -0.00613978, -0.0141678, 0.00293368, -0.000315749, -0.00101084
197307, 10.1988, -0.00362103, 0.0340088, 0.0676962, 0.123935, -0.234651, -0.541342, 0.00065591, -0.000706729, 0.000291828, 0.040346, 0.411309, 0.012632, 0.495597, 0.0688018, 0.162307, 0.806273, -0.55837, 0.19531, -0.521446, -0.826774, -0.21104, 0.279316, 0.0683123, -0.957766, -0.00524164, -0.00323469, -0.00574561, -0.0038007, 0.0132792, -0.00249081, 0.393455, 0.0901978, -0.228289, -2.5808, 0.22168, 2.95531, 0.541282, -0.0020163, 0.00333001, -0.00214317, -0.0107133, -9.88808e-05, 0.000152372, -0.00188204
207668, 10.2088, -0.00367013, 0.0339881, 0.067653, 0.123887, -0.234568, -0.541373, 0.000671864, -0.00072251, 0.000298558, 0.040346, 0.411309, 0.012632, 0.495548, 0.0687811, 0.162264, 0.806277, -0.558389, 0.19524, -0.521491, -0.826764, -0.21097, 0.279221, 0.0682847, -0.957796, -0.00423508, -0.000386241, -0.00336388, -0.00237251, 0.00832251, 0.00420624, 0.393455, 0.0902018, -0.22831, -2.58091, 0.22168, 2.95532, 0.541287, -8.28044e-05, -0.000311712, 0.000818416, -0.00899634, -2.98432e-05, 2.80095e-05, -0.00379314
218120, 10.2198, -0.00372154, 0.0339693, 0.067611, 0.123838, -0.234473, -0.541398, 0.000690216, -0.000739297, 0.000305995, 0.040346, 0.411309, 0.012632, 0.495496, 0.0687623, 0.162222, 0.806289, -0.558401, 0.195158, -0.52153, -0.826758, -0.210896, 0.279113, 0.068262, -0.957829, -0.00477202, -0.000966602, -0.00356581, -0.0019481, 0.00956784, 0.00176298, 0.393457, 0.0901975, -0.228331, -2.58102, 0.221681, 2.95531, 0.541284, 3.82968e-05, -0.00113766, -0.000341473, -0.0103531, -7.28706e-05, -0.000582327, -0.00225958
228573, 10.2298, -0.00376227, 0.0339575, 0.0675755, 0.1238, -0.234405, -0.541419, 0.000703408, -0.000751816, 0.000311438, 0.040346, 0.411309, 0.012632, 0.495456, 0.0687505, 0.162186, 0.806295, -0.558413, 0.1951, -0.521563, -0.826752, -0.21084, 0.279035, 0.0682427, -0.957853, -0.00456317, -0.00131148, -0.00383399, -0.00168323, 0.00986918, -0.00114123, 0.393458, 0.0902015, -0.228339, -2.58111, 0.221681, 2.95532, 0.541293, -6.48776e-06, 2.08567e-05, -0.000923774, -0.00972797, -6.06485e-05, -0.00028748, 9.75198e-05
239026, 10.2408, -0.00379929, 0.0339513, 0.0675464, 0.12377, -0.234342, -0.541425, 0.000715502, -0.000762828, 0.000316325, 0.040346, 0.411309, 0.012632, 0.495419, 0.0687443, 0.162157, 0.80631, -0.55841, 0.195046, -0.521578, -0.826754, -0.210792, 0.278963, 0.0682314, -0.957875, -0.00232968, 0.000704153, -0.00144392, -0.00132345, 0.00433326, 0.00353786, 0.39346, 0.0901971, -0.22834, -2.58119, 0.221681, 2.95532, 0.541292, 0.00121135, -0.00106831, 0.000616269, -0.00478546, -0.00261855, -0.000691567, 0.000601573
249471, 10.2508, -0.0038325, 0.03395, 0.0675203, 0.123743, -0.234286, -0.541419, 0.000726079, -0.00077292, 0.000320699, 0.040346, 0.411309, 0.012632, 0.495385, 0.068743, 0.162131, 0.80633, -0.558397, 0.194999, -0.521582, -0.826764, -0.210747, 0.278899, 0.0682234, -0.957894, -0.00344745, -0.000644625, -0.00241022, -0.00102553, 0.00657957, 0.000375208, 0.393463, 0.0901946, -0.228334, -2.58126, 0.221679, 2.95532, 0.541288, -0.000989677, -0.00130291, 0.00078543, -0.00770594, -0.000587017, -0.000206096, -0.000209461
259930, 10.2608, -0.00385338, 0.0339557, 0.0675025, 0.123728, -0.234249, -0.541409, 0.00073313, -0.000779452, 0.000323571, 0.040346, 0.411309, 0.012632, 0.495365, 0.0687487, 0.162113, 0.806348, -0.558382, 0.194968, -0.521577, -0.826774, -0.210718, 0.278856, 0.0682212, -0.957907, -0.00243161, 3.09007e-05, -0.00236282, -0.000837975, 0.00575296, -3.04024e-05, 0.393474, 0.090199, -0.228326, -2.5813, 0.221679, 2.95532, 0.541289, 0.000764414, 0.00114853, 0.000272019, -0.00459255, 0.000264327, -8.65693e-05, 0.000776386
270527, 10.2718, -0.00387236, 0.0339593, 0.0674892, 0.123715, -0.23422, -0.541396, 0.000738592, -0.000784806, 0.00032586, 0.040346, 0.411309, 0.012632, 0.495346, 0.0687523, 0.1621, 0.806365, -0.558365, 0.194944, -0.521569, -0.826785, -0.210694, 0.278821, 0.0682199, -0.957917, -0.00162628, -0.000412759, -0.00154941, -0.00237552, 0.00343295, 0.00474564, 0.39348, 0.0901941, -0.228319, -2.58134, 0.221675, 2.95532, 0.541286, -0.0011911, 0.000514746, 0.000878929, -0.00331361, -0.00109958, -1.83654e-05, -0.00433076
280784, 10.2818, -0.00387737, 0.033964, 0.0674867, 0.123715, -0.234212, -0.541392, 0.000740146, -0.000785412, 0.00032631, 0.040346, 0.411309, 0.012632, 0.495341, 0.068757, 0.162098, 0.80637, -0.558361, 0.194937, -0.521565, -0.826788, -0.210692, 0.278814, 0.068223, -0.957919, -0.000551835, -0.000138503, -0.000114641, -0.000300061, 0.000410708, 0.000973618, 0.393488, 0.0901911, -0.228316, -2.58135, 0.221677, 2.95532, 0.541289, 0.000501019, -0.000977887, -0.000625759, -0.00157825, -0.00013527, 0.00014095, -0.00106361
291012, 10.2918, -0.00387299, 0.0339691, 0.0674913, 0.123722, -0.234221, -0.541384, 0.000738444, -0.00078359, 0.000325563, 0.040346, 0.411309, 0.012632, 0.495345, 0.0687621, 0.162102, 0.806373, -0.558354, 0.194945, -0.521555, -0.826793, -0.2107, 0.278824, 0.0682281, -0.957916, 0.000509719, -0.000307753, 0.000422402, 0.000307079, -0.00114745, -0.000899217, 0.393488, 0.0901894, -0.228308, -2.58134, 0.221677, 2.95532, 0.541288, -0.00139094, -0.000141246, 0.000609945, 0.000853447, 0.000174407, 0.000204549, -4.02175e-05
301230, 10.3019, -0.00387437, 0.0339765, 0.0674902, 0.123721, -0.23422, -0.541369, 0.000738433, -0.000784326, 0.000325722, 0.040346, 0.411309, 0.012632, 0.495344, 0.0687695, 0.162101, 0.806384, -0.558338, 0.194945, -0.52154, -0.826803, -0.210696, 0.278821, 0.0682307, -0.957916, 0.000132818, 0.000934504, -0.000137065, -0.00266325, -0.000770801, 0.00999066, 0.393504, 0.0901917, -0.228309, -2.58134, 0.221673, 2.95532, 0.541288, 0.00239121, 0.00101425, -0.00047711, 0.000760767, 2.80918e-05, 0.000365978, -0.00846989
311450, 10.3128, -0.00387251, 0.0339731, 0.0674942, 0.123725, -0.234226, -0.541372, 0.000737297, -0.000782962, 0.000325191, 0.040346, 0.411309, 0.012632, 0.495345, 0.0687661, 0.162105, 0.806379, -0.558343, 0.19495, -0.521543, -0.8268, -0.210702, 0.278828, 0.0682315, -0.957914, 0.000732914, -0.000357054, 0.00127336, 0.000806179, -0.00263722, -0.000970845, 0.393496, 0.0901834, -0.228309, -2.58134, 0.221673, 2.95532, 0.541285, -6.26468e-05, -0.00204229, -0.00101436, 0.000693759, 0.00010271, 2.49773e-05, -0.000189309
321769, 10.3228, -0.00387772, 0.0339694, 0.0674878, 0.123717, -0.234214, -0.541379, 0.000739564, -0.000785342, 0.000326176, 0.040346, 0.411309, 0.012632, 0.49534, 0.0687624, 0.162099, 0.806379, -0.558347, 0.19494, -0.521551, -0.826797, -0.210692, 0.278815, 0.0682265, -0.957918, 9.12365e-05, -0.000294059, 0.000200401, 0.000469255, -0.000342225, -0.00145424, 0.393491, 0.0901887, -0.228309, -2.58135, 0.221673, 2.95532, 0.541286, -0.000808678, -0.000459563, 0.000187193, -6.49446e-05, 0.000254127, 4.58098e-05, 0.000627144
332211, 10.3338, -0.00388156, 0.0339626, 0.067484, 0.12371, -0.234208, -0.541382, 0.000740582, -0.000787342, 0.000326823, 0.040346, 0.411309, 0.012632, 0.495336, 0.0687556, 0.162095, 0.806379, -0.558349, 0.194935, -0.521556, -0.826796, -0.210683, 0.278806, 0.0682207, -0.957921, -0.000463888, -0.000270245, -0.000547375, -0.000355032, 0.0012934, -0.00014551, 0.393485, 0.0901887, -0.228315, -2.58136, 0.221671, 2.95532, 0.541279, -0.00160277, 0.000376612, 0.00119149, -0.000889518, -0.000421453, -4.52289e-05, 9.40583e-05
342674, 10.3438, -0.00388032, 0.033954, 0.0674841, 0.123707, -0.234209, -0.541396, 0.000740415, -0.000787425, 0.000326807, 0.040346, 0.411309, 0.012632, 0.495338, 0.068747, 0.162095, 0.806369, -0.558363, 0.194936, -0.521571, -0.826787, -0.210683, 0.278808, 0.068215, -0.957921, -0.000276735, -0.00103486, -0.000379781, -0.000588795, 0.000791592, -0.00157748, 0.393482, 0.0901887, -0.228329, -2.58136, 0.221672, 2.95532, 0.541279, 0.00184835, 0.000202998, -0.00365893, -0.000867367, 5.86149e-05, 0.00010743, -0.000309736
353119, 10.3538, -0.0038801, 0.0339526, 0.0674841, 0.123705, -0.234211, -0.541388, 0.000739741, -0.000788075, 0.000326813, 0.040346, 0.411309, 0.012632, 0.495338, 0.0687456, 0.162095, 0.806374, -0.558355, 0.194939, -0.521563, -0.826793, -0.21068, 0.278808, 0.0682137, -0.957921, -0.000221059, 0.000611056, -2.16235e-05, -0.000254897, 0.000188144, 0.00251928, 0.39348, 0.0901887, -0.22833, -2.58136, 0.22167, 2.95532, 0.541268, 0.00080923, -0.000264348, 0.000430776, -0.000288568, 9.26173e-05, -0.000224634, -0.00141073
363494, 10.3648, -0.00387862, 0.0339454, 0.0674855, 0.123703, -0.234214, -0.541399, 0.000739116, -0.00078795, 0.000326658, 0.040346, 0.411309, 0.012632, 0.495339, 0.0687384, 0.162096, 0.806366, -0.558366, 0.194942, -0.521573, -0.826786, -0.21068, 0.278812, 0.068209, -0.95792, 0.000742569, 2.74638e-05, 0.000905233, 0.000237015, -0.00210514, 0.000762044, 0.393474, 0.0901862, -0.228339, -2.58136, 0.221666, 2.95532, 0.54127, -0.000141047, -0.000863527, -0.000130743, 0.00124541, 2.36919e-05, 3.13394e-06, -0.00107447
373927, 10.3748, -0.00387355, 0.033947, 0.0674907, 0.123708, -0.234224, -0.541395, 0.000737045, -0.00078616, 0.000325843, 0.040346, 0.411309, 0.012632, 0.495344, 0.06874, 0.162102, 0.806365, -0.558363, 0.194951, -0.521567, -0.826788, -0.210688, 0.278823, 0.0682117, -0.957917, 6.4898e-06, 0.000624181, 0.000146832, -0.00019252, -0.000310902, 0.00248627, 0.393475, 0.0901835, -0.228339, -2.58135, 0.221665, 2.95532, 0.541268, 0.000265293, -0.000227779, 0.000905919, 0.000165065, -3.33408e-05, -0.000124166, -0.00133179
384299, 10.3848, -0.00387388, 0.0339588, 0.0674944, 0.123715, -0.23423, -0.541369, 0.00073577, -0.000785185, 0.000325369, 0.040346, 0.411309, 0.012632, 0.495344, 0.0687518, 0.162105, 0.806381, -0.558339, 0.194956, -0.521541, -0.826803, -0.210693, 0.278828, 0.0682207, -0.957915, 5.7501e-06, 0.00253416, 0.00109909, -0.000197142, -0.00162427, 0.00425302, 0.393482, 0.0901756, -0.228331, -2.58135, 0.221662, 2.95532, 0.541267, 0.000839439, -0.00160254, 0.000540689, -4.31277e-05, -6.34579e-05, 9.57952e-07, -0.00294342
394421, 10.3958, -0.00387239, 0.0339585, 0.0674985, 0.123718, -0.234237, -0.541367, 0.000734469, -0.000783953, 0.000324834, 0.040346, 0.411309, 0.012632, 0.495346, 0.0687515, 0.16211, 0.80638, -0.558338, 0.194962, -0.521538, -0.826804, -0.210698, 0.278836, 0.0682225, -0.957912, -0.000546987, 0.000185496, -3.79612e-05, 0.000465557, 0.000568349, -0.000372915, 0.393484, 0.0901671, -0.228328, -2.58135, 0.221656, 2.95532, 0.541264, 0.000309258, -0.00110131, 0.000167144, -0.00141103, 8.71326e-05, -0.000130273, 0.000785818
404540, 10.4058, -0.00386426, 0.0339735, 0.0675077, 0.123729, -0.234256, -0.541333, 0.000730271, -0.000781251, 0.000323385, 0.040346, 0.411309, 0.012632, 0.495354, 0.0687665, 0.162119, 0.806397, -0.558306, 0.194981, -0.521501, -0.826824, -0.21071, 0.278856, 0.0682334, -0.957906, 3.16634e-05, 0.00123564, 1.18308e-05, 8.61594e-06, -0.00019878, 0.00238374, 0.393493, 0.0901639, -0.228312, -2.58133, 0.221646, 2.95532, 0.541259, 0.000704846, 0.000394882, 0.00167942, 0.000529302, -0.000326338, 0.000101656, 0.000299483
414658, 10.4158, -0.00385452, 0.0339858, 0.0675206, 0.123744, -0.234281, -0.541303, 0.000725146, -0.000777184, 0.000321447, 0.040346, 0.411309, 0.012632, 0.495363, 0.0687788, 0.162132, 0.80641, -0.55828, 0.195004, -0.521467, -0.826841, -0.210728, 0.278882, 0.0682453, -0.957897, 0.00151826, -0.000359056, 0.00128793, 0.000260972, -0.00306945, -0.000361022, 0.393502, 0.0901533, -0.228302, -2.58131, 0.221639, 2.95532, 0.541251, -0.00219271, -0.000318909, 0.000795034, 0.00300382, -0.000785396, -0.000224011, -0.000273005
424776, 10.4258, -0.00385076, 0.0340048, 0.0675251, 0.12375, -0.234299, -0.541254, 0.00072054, -0.000776461, 0.00032035, 0.040346, 0.411309, 0.012632, 0.495367, 0.0687978, 0.162136, 0.806438, -0.558232, 0.195024, -0.521415, -0.826873, -0.210731, 0.278897, 0.0682532, -0.957892, -0.000726471, 0.00173731, -0.00078644, -0.00266416, 0.00153451, 0.00715775, 0.393524, 0.0901548, -0.228289, -2.5813, 0.22162, 2.95533, 0.541245, 0.0031271, 0.00108531, 0.000128028, -0.000680705, -0.00525055, -0.000103556, 0.000799325
434894, 10.4358, -0.00384756, 0.0340233, 0.0675314, 0.123757, -0.234313, -0.541199, 0.000716774, -0.000775693, 0.000319414, 0.040346, 0.411309, 0.012632, 0.49537, 0.0688163, 0.162142, 0.806471, -0.558179, 0.195041, -0.521358, -0.826908, -0.210735, 0.278908, 0.0682653, -0.957888, -0.000233134, 0.000149829, -0.000110122, -0.000106048, 0.000415435, 0.000442184, 0.393536, 0.0901493, -0.228268, -2.58129, 0.221607, 2.95533, 0.541224, -0.00028731, -0.000194577, 0.000573487, -0.000468623, -0.000563909, -0.00012157, 0.000359002
445011, 10.4458, -0.00385011, 0.0340332, 0.0675312, 0.123749, -0.234314, -0.541129, 0.000714745, -0.000780056, 0.000319961, 0.040346, 0.411309, 0.012632, 0.495368, 0.0688262, 0.162142, 0.806518, -0.558107, 0.19505, -0.52129, -0.826956, -0.210715, 0.278899, 0.0682683, -0.957891, 0.000216257, 0.00213173, 4.16008e-06, -0.00523727, -0.000960329, 0.0182228, 0.393544, 0.0901469, -0.228259, -2.58129, 0.221586, 2.95532, 0.541175, 0.000346087, 0.0010503, 0.00318068, 0.00152039, -0.00572332, -0.00046948, -0.00996477
455133, 10.4568, -0.00385542, 0.0340471, 0.0675308, 0.123729, -0.234331, -0.540961, 0.000706313, -0.000789288, 0.000320274, 0.040346, 0.411309, 0.012632, 0.495363, 0.0688401, 0.162142, 0.806627, -0.557937, 0.195087, -0.521125, -0.82707, -0.210674, 0.278894, 0.0682709, -0.957892, 0.000143309, 0.000870156, 0.00199551, -0.00663438, -0.0052064, 0.023768, 0.393553, 0.0901396, -0.228243, -2.5813, 0.22155, 2.95532, 0.541028, -0.00055996, -0.00519475, 0.00104298, -0.00149561, -0.00861415, 0.000308895, -0.0163647
465256, 10.4668, -0.00385107, 0.0340624, 0.0675374, 0.123696, -0.234375, -0.540741, 0.000690114, -0.000801542, 0.00031967, 0.040346, 0.411309, 0.012632, 0.495367, 0.0688554, 0.162148, 0.806763, -0.557715, 0.195159, -0.520907, -0.827221, -0.21062, 0.278905, 0.0682609, -0.957889, 0.000190368, 0.000589579, 0.00046008, -0.0067334, -0.00259261, 0.0206574, 0.39356, 0.0901346, -0.228232, -2.58129, 0.221445, 2.95532, 0.540878, 0.000870331, -0.000722197, -0.000319304, 4.70759e-05, -0.0057749, 0.00046938, -0.01566
475375, 10.4768, -0.00385473, 0.0340678, 0.0675357, 0.123633, -0.234411, -0.540501, 0.000673373, -0.000821614, 0.000320671, 0.040346, 0.411309, 0.012632, 0.495363, 0.0688608, 0.162147, 0.806916, -0.557468, 0.195233, -0.520674, -0.82739, -0.210531, 0.278898, 0.0682282, -0.957894, 0.000445387, -0.000697459, 0.000208447, -0.0132578, -0.002302, 0.0275331, 0.393558, 0.0901314, -0.228234, -2.5813, 0.221277, 2.95532, 0.540739, -0.00452165, 1.21574e-05, 0.000849384, 0.000405932, -0.0223983, -0.000145445, -0.0117432
485493, 10.4868, -0.00385268, 0.0340681, 0.067538, 0.123571, -0.234455, -0.540278, 0.000654967, -0.000840611, 0.000321093, 0.040346, 0.411309, 0.012632, 0.495365, 0.0688611, 0.162149, 0.807055, -0.557239, 0.195315, -0.520458, -0.827548, -0.210447, 0.278901, 0.068189, -0.957896, -0.000882482, -0.000863308, -0.000781694, -0.0120742, 0.000630303, 0.0237541, 0.393545, 0.0901282, -0.228239, -2.5813, 0.221088, 2.95532, 0.540629, -0.00278915, -0.000227617, -0.00050071, -0.00238496, -0.0200113, -0.000314629, -0.00965683
495612, 10.4968, -0.00385128, 0.0340701, 0.0675389, 0.123501, -0.234501, -0.54003, 0.000635226, -0.000861982, 0.000321761, 0.040346, 0.411309, 0.012632, 0.495367, 0.0688631, 0.16215, 0.807209, -0.556984, 0.195402, -0.520218, -0.827723, -0.210352, 0.278901, 0.0681465, -0.957899, -0.000156115, 0.000777145, 3.02688e-05, -0.0148452, -0.00204478, 0.0340752, 0.393544, 0.0901283, -0.228253, -2.5813, 0.220886, 2.95532, 0.540504, 0.000304412, -0.000364876, -0.000998916, -0.000630701, -0.0242622, -3.49354e-05, -0.0137553
505746, 10.5068, -0.00385199, 0.0340737, 0.0675375, 0.123424, -0.234538, -0.539776, 0.00061688, -0.000885728, 0.000323231, 0.040346, 0.411309, 0.012632, 0.495366, 0.0688667, 0.162149, 0.807371, -0.556721, 0.195483, -0.519973, -0.827903, -0.210247, 0.27889, 0.0681011, -0.957905, -0.000234806, 0.00150617, -0.000344087, -0.0147669, -0.000991888, 0.0335792, 0.393538, 0.0901302, -0.228261, -2.5813, 0.220666, 2.95531, 0.540388, 0.000624912, 0.000722522, 3.37274e-05, -6.93068e-05, -0.025544, -0.000460243, -0.0105906
515865, 10.5168, -0.00385902, 0.0340673, 0.0675305, 0.12334, -0.23457, -0.539533, 0.00059951, -0.000911117, 0.000325257, 0.040346, 0.411309, 0.012632, 0.495359, 0.0688603, 0.162141, 0.807527, -0.556468, 0.19556, -0.519741, -0.828078, -0.210134, 0.278872, 0.0680485, -0.957914, 0.000156469, -0.00216344, -0.000262478, -0.0125449, -0.00114163, 0.0217262, 0.39352, 0.0901306, -0.228273, -2.58132, 0.22045, 2.95531, 0.540264, -0.0035651, 0.000317513, -0.00259786, -0.000578636, -0.0207066, 5.58853e-05, -0.00987619
525987, 10.5268, -0.0038576, 0.0340691, 0.0675313, 0.123269, -0.234617, -0.539276, 0.000579303, -0.000933025, 0.000325935, 0.040346, 0.411309, 0.012632, 0.49536, 0.0688621, 0.162142, 0.807687, -0.556204, 0.19565, -0.519492, -0.828259, -0.210037, 0.278872, 0.0680059, -0.957917, -0.000248004, 0.000533463, -0.000168899, -0.012294, -0.00151254, 0.0298233, 0.393511, 0.0901307, -0.22828, -2.58132, 0.220246, 2.95531, 0.540129, -0.00181973, -8.68291e-05, 0.00125352, -0.000731828, -0.0179086, 0.000142577, -0.0151135
536109, 10.5378, -0.00386224, 0.034067, 0.0675269, 0.123192, -0.234646, -0.539025, 0.000562725, -0.00095709, 0.000327824, 0.040346, 0.411309, 0.012632, 0.495356, 0.06886, 0.162138, 0.807848, -0.555944, 0.195723, -0.519251, -0.828437, -0.209931, 0.278854, 0.0679625, -0.957926, 4.39307e-05, -0.00335695, -0.000339978, -0.00777166, -0.000428974, 0.0112304, 0.393502, 0.0901306, -0.228292, -2.58133, 0.220054, 2.9553, 0.539983, -0.00778867, -9.15411e-05, 0.000147399, -0.00117085, -0.0109664, 0.000226611, -0.00955304
546227, 10.5478, -0.00385664, 0.03407, 0.0675315, 0.123144, -0.234691, -0.538819, 0.00054557, -0.000972213, 0.000327632, 0.040346, 0.411309, 0.012632, 0.495361, 0.068863, 0.162142, 0.807974, -0.555734, 0.195799, -0.519049, -0.82858, -0.209864, 0.278864, 0.0679349, -0.957925, 0.000382161, -0.000422451, 0.000383436, -0.00887653, -0.00250451, 0.0207876, 0.393505, 0.0901306, -0.228304, -2.58132, 0.219914, 2.9553, 0.539857, -0.00119915, -0.00042117, -0.000878262, 0.000192141, -0.0120652, 0.000343843, -0.012677
556346, 10.5578, -0.00385577, 0.0340729, 0.067533, 0.123104, -0.234722, -0.538647, 0.000532657, -0.000985257, 0.000327849, 0.040346, 0.411309, 0.012632, 0.495362, 0.0688659, 0.162144, 0.808082, -0.555557, 0.195857, -0.518881, -0.8287, -0.209806, 0.278866, 0.067914, -0.957926, -0.000104951, -4.28729e-05, -0.000556588, -0.00614776, 0.00100794, 0.0154261, 0.3935, 0.0901283, -0.228304, -2.58132, 0.219804, 2.9553, 0.539746, -0.000793386, 0.00127554, 0.000108579, 0.000678071, -0.00611513, -0.0015975, -0.0109891
566469, 10.5678, -0.00385526, 0.0340725, 0.067536, 0.123071, -0.234743, -0.538515, 0.000523156, -0.000995933, 0.000328244, 0.040346, 0.411309, 0.012632, 0.495363, 0.0688655, 0.162147, 0.808165, -0.555422, 0.195899, -0.518753, -0.828792, -0.209758, 0.278864, 0.0678964, -0.957927, 0.000205447, 0.000238801, 9.28237e-05, -0.00691384, -0.000813537, 0.0129312, 0.393501, 0.0901201, -0.228316, -2.58132, 0.219711, 2.95529, 0.539663, 0.00102555, 0.000217694, -0.00193817, 0.000457867, -0.0142268, -0.000401105, -0.00117895
576587, 10.5778, -0.00386108, 0.0340753, 0.0675327, 0.12304, -0.234748, -0.538397, 0.000517877, -0.00100664, 0.000329509, 0.040346, 0.411309, 0.012632, 0.495357, 0.0688683, 0.162144, 0.808243, -0.555299, 0.195922, -0.518639, -0.828875, -0.209711, 0.278847, 0.0678846, -0.957933, 0.000629074, -0.00123969, 0.000753361, -0.00367527, -0.00230207, 0.00774635, 0.393496, 0.0901165, -0.228311, -2.58133, 0.219644, 2.95528, 0.539581, -0.0012759, -0.00109285, -0.0018403, 0.00047021, -0.00446761, 2.26311e-05, -0.00717165
586705, 10.5878, -0.00385835, 0.0340749, 0.0675329, 0.123019, -0.234758, -0.538315, 0.00051258, -0.0010137, 0.000329971, 0.040346, 0.411309, 0.012632, 0.49536, 0.0688679, 0.162144, 0.808296, -0.555215, 0.195946, -0.51856, -0.828933, -0.20968, 0.278843, 0.0678736, -0.957935, -0.000146719, 0.000179094, -0.000329257, -0.00373764, 0.00058292, 0.010038, 0.393492, 0.0901216, -0.228314, -2.58132, 0.219595, 2.95527, 0.539521, -0.000317801, 0.000618514, 0.000332256, 0.000228488, -0.00361846, -0.000912878, -0.00702194
596822, 10.5978, -0.00386067, 0.0340721, 0.0675317, 0.123003, -0.234752, -0.538263, 0.000511813, -0.0010196, 0.000331105, 0.040346, 0.411309, 0.012632, 0.495357, 0.0688651, 0.162143, 0.808332, -0.55516, 0.195949, -0.518512, -0.82897, -0.209654, 0.278827, 0.067868, -0.95794, -0.000185993, 2.24537e-05, -0.000588291, -0.00267346, 0.00339562, 0.00829478, 0.393489, 0.0901186, -0.22832, -2.58132, 0.219569, 2.95525, 0.539473, -0.00077343, 0.00120981, 0.000421653, 0.00160211, -0.00122244, -0.00443785, -0.00749083
606940, 10.6078, -0.00387625, 0.0340648, 0.0675191, 0.122975, -0.234669, -0.538263, 0.000528534, -0.00103169, 0.00033717, 0.040346, 0.411309, 0.012632, 0.495342, 0.0688578, 0.16213, 0.808357, -0.555151, 0.195875, -0.518523, -0.828976, -0.2096, 0.278735, 0.067866, -0.957967, -0.00117492, 5.67653e-05, -0.000784496, 0.000612619, 0.00994146, 0.00108578, 0.393482, 0.0901158, -0.228332, -2.58132, 0.219559, 2.95515, 0.53946, -0.000849776, -0.000547825, 0.000151938, 0.00176204, -0.000205344, -0.0122774, -0.000618951
617058, 10.6178, -0.00390168, 0.034059, 0.0675013, 0.122933, -0.234501, -0.53827, 0.000563436, -0.00105253, 0.000348863, 0.040346, 0.411309, 0.012632, 0.495316, 0.068852, 0.162112, 0.808402, -0.55514, 0.19572, -0.51855, -0.828983, -0.209508, 0.278555, 0.0678756, -0.958019, -0.00333008, -0.000255464, -0.00252734, 8.57729e-05, 0.0222816, 0.00371866, 0.393475, 0.0901049, -0.228349, -2.5813, 0.219555, 2.95493, 0.539442, -0.000101499, -0.000690105, -0.00161344, 0.00164867, -0.000325912, -0.02493, -0.00326537
627180, 10.6288, -0.00394308, 0.0340489, 0.0674729, 0.122879, -0.234297, -0.538287, 0.000605992, -0.00107836, 0.000363198, 0.040346, 0.411309, 0.012632, 0.495275, 0.0688419, 0.162084, 0.80845, -0.555136, 0.195532, -0.518592, -0.828985, -0.209393, 0.278334, 0.0678828, -0.958082, -0.00279455, -0.00148444, -0.00158513, 0.00103466, 0.0167861, -0.00211954, 0.393465, 0.0900858, -0.228368, -2.58131, 0.219551, 2.95469, 0.539428, -0.00143508, -0.00248162, -0.00245316, -0.000386162, -0.000674515, -0.018865, 0.00034283
637297, 10.6388, -0.00398404, 0.0340409, 0.0674402, 0.122818, -0.234082, -0.538291, 0.000650018, -0.00110682, 0.000378398, 0.040346, 0.411309, 0.012632, 0.495234, 0.0688339, 0.162051, 0.808511, -0.555116, 0.195336, -0.518624, -0.828998, -0.209267, 0.278101, 0.0678885, -0.95815, -0.00583481, -0.00140598, -0.00463335, -0.000322774, 0.0294062, 0.000413927, 0.393456, 0.0900808, -0.228384, -2.58131, 0.219548, 2.95444, 0.539401, -0.00114841, -0.000820925, -0.00225835, -0.00303221, -0.0014083, -0.027463, -0.000463186
647415, 10.6488, -0.0040314, 0.0340318, 0.0674027, 0.122745, -0.233836, -0.538281, 0.000699942, -0.00114079, 0.000395986, 0.040346, 0.411309, 0.012632, 0.495187, 0.0688248, 0.162014, 0.808589, -0.55508, 0.195115, -0.518646, -0.829021, -0.209116, 0.277831, 0.0678935, -0.958228, -0.00606573, -0.00284545, -0.00508746, -0.00162712, 0.0274226, -0.000163843, 0.393455, 0.0900744, -0.228412, -2.58131, 0.219539, 2.95415, 0.539358, 0.000991901, -0.000370017, -0.00645524, -0.00535028, -1.6885e-05, -0.0230458, -0.00369593
657533, 10.6588, -0.00409305, 0.0340251, 0.0673528, 0.122654, -0.233537, -0.53826, 0.000760633, -0.00118273, 0.000417483, 0.040346, 0.411309, 0.012632, 0.495125, 0.0688181, 0.161964, 0.808691, -0.555026, 0.194846, -0.518664, -0.829057, -0.208931, 0.277501, 0.0679006, -0.958323, -0.0078461, 0.000538328, -0.00645384, -0.00244292, 0.0429226, 0.0118579, 0.393449, 0.0900708, -0.22843, -2.58132, 0.21953, 2.95381, 0.539302, -0.00064059, 0.000207511, 7.49064e-05, -0.000916462, -0.00442931, -0.0425943, -0.0053482
667668, 10.6688, -0.00416232, 0.0340159, 0.0672983, 0.122548, -0.233182, -0.538227, 0.000832406, -0.00123251, 0.00044291, 0.040346, 0.411309, 0.012632, 0.495056, 0.0688089, 0.161909, 0.808817, -0.554954, 0.194528, -0.518677, -0.829105, -0.20871, 0.277109, 0.067911, -0.958436, -0.00857893, -0.000645563, -0.00710636, -0.00130784, 0.0482009, 0.0062629, 0.393449, 0.0900618, -0.228464, -2.58132, 0.219519, 2.95339, 0.539222, 0.000592806, 7.66536e-05, -0.00355352, -0.000956404, -0.00348422, -0.0478463, -0.00243829
677787, 10.6788, -0.0042443, 0.0340087, 0.0672328, 0.122422, -0.232764, -0.538182, 0.00091651, -0.00129159, 0.000472818, 0.040346, 0.411309, 0.012632, 0.494974, 0.0688017, 0.161844, 0.80897, -0.554862, 0.194155, -0.518685, -0.829165, -0.208448, 0.276647, 0.0679227, -0.958568, -0.00839868, -0.00298801, -0.00733226, -0.00381347, 0.0506045, 0.00782506, 0.393446, 0.0900553, -0.228494, -2.58132, 0.219498, 2.9529, 0.539134, -0.000171311, 0.00046896, -0.00790183, 0.000136312, -0.0058285, -0.0515639, -0.00687559
687905, 10.6888, -0.00433497, 0.0340044, 0.0671613, 0.122286, -0.232304, -0.538134, 0.00100969, -0.00135573, 0.000505609, 0.040346, 0.411309, 0.012632, 0.494883, 0.0687974, 0.161772, 0.809136, -0.554764, 0.193742, -0.518697, -0.829229, -0.208164, 0.276139, 0.0679393, -0.958714, -0.00834378, -4.98477e-05, -0.0065595, -0.00232996, 0.0486729, 0.0118423, 0.393443, 0.0900464, -0.22852, -2.58132, 0.219477, 2.95236, 0.539046, -0.00146359, -0.000810869, -0.00104714, 0.000426187, -0.0059549, -0.0507567, -0.00523544
698023, 10.6988, -0.00443944, 0.0340021, 0.0670751, 0.122131, -0.231792, -0.53808, 0.00111281, -0.00142826, 0.000542154, 0.040346, 0.411309, 0.012632, 0.494779, 0.0687951, 0.161686, 0.809321, -0.554653, 0.193285, -0.518709, -0.829302, -0.207842, 0.275572, 0.0679524, -0.958876, -0.0108927, 0.000333126, -0.00902647, -0.0034921, 0.0582966, 0.0157368, 0.393443, 0.0900484, -0.228544, -2.58133, 0.219449, 2.95178, 0.538958, 0.000338571, 0.000508847, -0.00154194, -0.00206447, -0.00479543, -0.0569037, -0.00855326
708141, 10.7098, -0.00456119, 0.0340044, 0.0669763, 0.121948, -0.231197, -0.538006, 0.0012325, -0.00151341, 0.000584684, 0.040346, 0.411309, 0.012632, 0.494657, 0.0687974, 0.161587, 0.809543, -0.554513, 0.192755, -0.518713, -0.829395, -0.207465, 0.274912, 0.0679675, -0.959064, -0.0114389, 0.00117265, -0.00931177, -0.00606201, 0.0608582, 0.0277516, 0.393442, 0.0900477, -0.228564, -2.58134, 0.219394, 2.9511, 0.538871, 0.000626432, 0.000322323, -0.000387432, -0.00160913, -0.00475052, -0.060788, -0.0192932
718260, 10.7198, -0.00467693, 0.0340068, 0.0668813, 0.121764, -0.230619, -0.53792, 0.00134812, -0.00159782, 0.00062613, 0.040346, 0.411309, 0.012632, 0.494541, 0.0687998, 0.161492, 0.809768, -0.554363, 0.192242, -0.518703, -0.829494, -0.207091, 0.274267, 0.067979, -0.959248, -0.0119434, -0.000915277, -0.0100626, -0.00529495, 0.0662304, 0.0199152, 0.393442, 0.0900505, -0.228587, -2.58134, 0.219325, 2.95043, 0.538782, 0.000856393, 0.00075553, -0.00491767, -0.00127886, -0.00498128, -0.0659775, -0.014937
728405, 10.7298, -0.0048056, 0.0340157, 0.0667774, 0.121564, -0.229962, -0.537822, 0.00147995, -0.00169196, 0.000672808, 0.040346, 0.411309, 0.012632, 0.494412, 0.0688087, 0.161388, 0.810024, -0.554192, 0.191658, -0.518689, -0.829607, -0.206674, 0.273538, 0.0679995, -0.959455, -0.0120501, 0.000447913, -0.00981616, -0.00407271, 0.0696588, 0.0200813, 0.393439, 0.0900505, -0.2286, -2.58133, 0.219249, 2.94966, 0.538689, -0.000290029, 0.000171237, -0.00189064, 0.000734243, -0.00693812, -0.0716795, -0.0108335
738612, 10.7398, -0.00496019, 0.034023, 0.0666508, 0.121331, -0.229205, -0.537733, 0.00163243, -0.00179989, 0.000726429, 0.040346, 0.411309, 0.012632, 0.494258, 0.068816, 0.161262, 0.810301, -0.55402, 0.190982, -0.518699, -0.82972, -0.206195, 0.272698, 0.0680179, -0.959692, -0.0143344, 0.00188731, -0.0122387, -0.00449019, 0.0830163, 0.0199933, 0.39344, 0.0900557, -0.228619, -2.58134, 0.219172, 2.9488, 0.538601, 0.00120051, 0.00226795, -0.00117401, 0.00127833, -0.0121319, -0.0833943, -0.0026509
748733, 10.7498, -0.00511548, 0.0340261, 0.0665289, 0.121101, -0.228422, -0.537655, 0.00179088, -0.0019087, 0.000781248, 0.040346, 0.411309, 0.012632, 0.494103, 0.0688191, 0.16114, 0.810577, -0.553857, 0.19028, -0.51872, -0.829827, -0.205713, 0.271835, 0.0680443, -0.959935, -0.0166942, 0.00119597, -0.0130802, -0.00173147, 0.0938333, 0.0189553, 0.393433, 0.0900449, -0.228643, -2.58134, 0.219106, 2.94789, 0.538502, -0.000226201, -0.0009187, -0.00106058, -0.000459625, -0.0057493, -0.095472, -0.00790184
758856, 10.7598, -0.00528833, 0.0340329, 0.0663899, 0.120844, -0.227573, -0.537551, 0.00196195, -0.00202907, 0.000840844, 0.040346, 0.411309, 0.012632, 0.49393, 0.0688259, 0.161001, 0.810889, -0.553661, 0.189522, -0.518724, -0.829956, -0.20518, 0.270895, 0.0680682, -0.960199, -0.0165913, -3.18665e-05, -0.013491, -0.00373572, 0.0947485, 0.0201925, 0.393436, 0.0900447, -0.228669, -2.58135, 0.21903, 2.94692, 0.538386, 8.42069e-05, 0.000233506, -0.00390887, 1.26404e-05, -0.00765345, -0.0961401, -0.0099926
768977, 10.7698, -0.00547571, 0.0340408, 0.0662395, 0.120566, -0.226633, -0.537453, 0.00215211, -0.00216007, 0.000906236, 0.040346, 0.411309, 0.012632, 0.493742, 0.0688338, 0.16085, 0.811221, -0.553462, 0.188679, -0.518746, -0.830086, -0.204599, 0.269858, 0.0680985, -0.960489, -0.0207753, 0.00198512, -0.0168534, 0.000577823, 0.114938, 0.0156688, 0.393433, 0.0900445, -0.228692, -2.58135, 0.218954, 2.94584, 0.538272, -0.00014444, 0.000880513, 0.000569317, -0.00145784, -0.00231721, -0.113505, -0.00442782
779100, 10.7808, -0.00569502, 0.0340418, 0.0660659, 0.120239, -0.225546, -0.537339, 0.00237178, -0.0023127, 0.000981723, 0.040346, 0.411309, 0.012632, 0.493523, 0.0688348, 0.160677, 0.811604, -0.553232, 0.187706, -0.51877, -0.830237, -0.203922, 0.268656, 0.0681284, -0.960824, -0.0197137, -0.00198142, -0.0158492, -0.00721732, 0.113043, 0.0284846, 0.393431, 0.0900361, -0.228736, -2.58136, 0.218863, 2.94459, 0.538126, 0.000845187, -0.000550009, -0.00949513, -0.000177411, -0.0109248, -0.116031, -0.0189623
789229, 10.7908, -0.00591101, 0.0340441, 0.0658928, 0.119919, -0.224477, -0.53723, 0.00258793, -0.00246237, 0.00105554, 0.040346, 0.411309, 0.012632, 0.493307, 0.0688371, 0.160504, 0.811978, -0.553008, 0.186748, -0.518795, -0.830384, -0.203259, 0.267476, 0.0681581, -0.961151, -0.0210964, -0.00111044, -0.0172537, -0.00720486, 0.121451, 0.0315908, 0.393428, 0.0900357, -0.228773, -2.58137, 0.218784, 2.94337, 0.537981, -0.000553937, 0.000632248, -0.00659185, 0.000600516, -0.0104044, -0.124114, -0.0204421
