timestamp, robot_time[1], robot_ee_pos_error[3], robot_ee_ori_error[3], sensed_forces_moments[6], robot_ee_position[3], robot_ee_orientation[9], robot_ee_linear_velocity[3], robot_ee_angular_velocity[3], joint_angles[7], joint_velocities[7], 
10505, 10.0119, -0.0117681, 0.0392825, 0.088449, 0.570312, 0.134794, -0.692659, -0.000125197, -7.88331e-05, 0.000123887, 0.040346, 0.411309, 0.012632, 0.48745, 0.0740755, 0.18306, 0.648858, -0.637846, -0.414892, -0.745016, -0.421695, -0.516841, 0.154708, 0.644458, -0.748826, -0.000527839, 2.77748e-05, -0.000176422, 0.000893585, 0.00137827, -0.000518499, 0.419662, 0.0957202, -0.432723, -2.43805, 1.15611, 2.31115, -0.00997157, -0.00198968, -0.000630507, 0.00175886, -0.00122988, -3.24078e-05, -0.000507301, 0.000690196
21052, 10.0219, -0.0117641, 0.0392775, 0.0884485, 0.57031, 0.134788, -0.692663, -0.000126271, -7.88097e-05, 0.000124466, 0.040346, 0.411309, 0.012632, 0.487454, 0.0740705, 0.18306, 0.648854, -0.637853, -0.414887, -0.745018, -0.421691, -0.516841, 0.154715, 0.644453, -0.748828, 0.000609244, -0.00335024, -0.000444395, -0.000636243, 0.00141049, -0.00733484, 0.419661, 0.0957292, -0.432731, -2.43804, 1.15611, 2.31115, -0.00997263, -0.00212882, 0.000255746, -0.00215481, -0.00125529, -4.61532e-05, 0.000378964, 0.000987102
31420, 10.0329, -0.0117634, 0.0392699, 0.0884471, 0.570306, 0.134785, -0.692674, -0.000125992, -7.96331e-05, 0.00012488, 0.040346, 0.411309, 0.012632, 0.487455, 0.0740629, 0.183058, 0.648842, -0.637865, -0.414888, -0.745027, -0.42168, -0.516838, 0.154722, 0.644449, -0.74883, 0.000451327, -0.00111749, 0.000385708, -0.000696261, -0.000773861, -0.00124648, 0.419656, 0.0957325, -0.432741, -2.43804, 1.15611, 2.31115, -0.0099708, -0.000381384, -0.000283334, -0.00186852, 0.000772943, -0.00139125, -0.00015037, 0.000330304
41812, 10.0429, -0.011769, 0.0392657, 0.088438, 0.570295, 0.134796, -0.692684, -0.000123729, -8.35019e-05, 0.000126296, 0.040346, 0.411309, 0.012632, 0.487449, 0.0740587, 0.183049, 0.648829, -0.637872, -0.414898, -0.74504, -0.421677, -0.516821, 0.154712, 0.644444, -0.748836, -0.000107384, -0.000522896, -0.000846144, -0.000411494, 0.00274235, -0.00252903, 0.419653, 0.0957439, -0.432745, -2.43805, 1.15611, 2.31115, -0.00997079, -0.00124306, 0.00187819, 0.000442361, 0.000112655, 0.000283474, 0.000183383, 0.0018772
52166, 10.0539, -0.0117628, 0.0392543, 0.0884415, 0.570296, 0.134781, -0.692695, -0.000125205, -8.22304e-05, 0.000126237, 0.040346, 0.411309, 0.012632, 0.487455, 0.0740473, 0.183052, 0.648817, -0.637888, -0.414892, -0.745046, -0.42166, -0.516826, 0.154734, 0.644439, -0.748836, -0.000265136, 0.000243354, -9.4155e-05, -0.000359117, -0.000171661, 0.000754453, 0.419646, 0.0957449, -0.432761, -2.43804, 1.15611, 2.31115, -0.0099689, 0.00149268, -0.000381229, -0.000812064, -0.000730453, 4.62636e-06, 0.000505242, -0.000483676
62545, 10.0639, -0.011761, 0.039243, 0.0884416, 0.570292, 0.134775, -0.69271, -0.000124794, -8.27874e-05, 0.000126393, 0.040346, 0.411309, 0.012632, 0.487457, 0.074036, 0.183053, 0.648799, -0.637906, -0.414894, -0.745059, -0.42164, -0.516824, 0.154749, 0.644435, -0.748837, 0.000203676, -0.000752542, -0.000405725, -0.000508046, 0.000752455, -0.00179611, 0.419636, 0.095745, -0.432774, -2.43804, 1.15611, 2.31115, -0.0099634, 5.67405e-05, 0.00136082, -0.00141231, 0.000556378, 0.000315047, 5.82384e-05, 0.00024389
72995, 10.0749, -0.0117594, 0.0392347, 0.0884429, 0.570292, 0.134768, -0.69272, -0.000124931, -8.24947e-05, 0.000126267, 0.040346, 0.411309, 0.012632, 0.487459, 0.0740277, 0.183054, 0.648788, -0.637917, -0.414893, -0.745066, -0.421626, -0.516825, 0.154762, 0.644432, -0.748836, -0.000321866, -0.000829459, -0.000141171, 0.000206055, 0.000779189, -0.0017308, 0.419628, 0.0957425, -0.432783, -2.43804, 1.15611, 2.31115, -0.00996156, -0.000878975, -0.000565782, -0.000901175, -0.00110105, -0.00021547, -0.000173005, 0.000233663
83427, 10.0849, -0.0117534, 0.0392281, 0.0884479, 0.570294, 0.134757, -0.692727, -0.000126019, -8.09543e-05, 0.000125807, 0.040346, 0.411309, 0.012632, 0.487465, 0.0740211, 0.183059, 0.64878, -0.637929, -0.414888, -0.745069, -0.421612, -0.516832, 0.15478, 0.64443, -0.748834, 0.000251156, 0.000101321, 0.000373795, -5.06209e-05, -0.000367964, -0.00085831, 0.419622, 0.0957401, -0.432791, -2.43803, 1.15611, 2.31115, -0.00995541, 0.000215491, -0.000630134, 0.00017381, 0.000234887, 5.81572e-05, 0.000703595, 0.00113257
93872, 10.0949, -0.0117476, 0.0392213, 0.0884522, 0.570298, 0.134744, -0.69273, -0.000128129, -7.88741e-05, 0.00012554, 0.040346, 0.411309, 0.012632, 0.48747, 0.0740143, 0.183063, 0.648778, -0.637937, -0.414879, -0.745067, -0.421604, -0.516841, 0.154797, 0.644428, -0.748833, 0.0026025, -0.000866196, 0.00199273, -0.000241871, -0.00559773, -0.00163337, 0.419621, 0.0957392, -0.432804, -2.43802, 1.15611, 2.31115, -0.0099582, -0.000293021, -0.000881591, -0.000225443, 0.0021387, -0.000320504, -7.06937e-05, 0.00103033
104308, 10.1059, -0.0117509, 0.0392127, 0.0884485, 0.570292, 0.134744, -0.692742, -0.000126895, -8.05696e-05, 0.000126026, 0.040346, 0.411309, 0.012632, 0.487467, 0.0740057, 0.18306, 0.648763, -0.637948, -0.414884, -0.745079, -0.421592, -0.516834, 0.154801, 0.644424, -0.748835, 1.62999e-06, -0.00214707, -0.000690029, -0.000814491, 0.00106458, -0.00393258, 0.419616, 0.0957394, -0.432816, -2.43803, 1.15611, 2.31115, -0.00995855, -0.0030331, 0.00116337, -0.00110571, -0.000382767, -4.56218e-05, 0.000215681, -0.000387127
114670, 10.1159, -0.0117504, 0.0392103, 0.0884488, 0.570292, 0.134743, -0.692746, -0.000126851, -8.06344e-05, 0.000126047, 0.040346, 0.411309, 0.012632, 0.487468, 0.0740033, 0.18306, 0.648759, -0.637952, -0.414884, -0.745082, -0.421588, -0.516833, 0.154805, 0.644423, -0.748835, 0.000118797, -0.000743027, -0.000157089, -0.000497636, -0.000742038, 9.4284e-05, 0.419616, 0.095739, -0.432821, -2.43803, 1.15611, 2.31115, -0.00995713, -9.42851e-05, 0.000598034, -0.00144692, 0.000297452, -0.000214935, -0.000347498, -0.00168738
124955, 10.1259, -0.01175, 0.0392062, 0.0884483, 0.57029, 0.134741, -0.692751, -0.000126729, -8.10351e-05, 0.000126256, 0.040346, 0.411309, 0.012632, 0.487468, 0.0739992, 0.183059, 0.648752, -0.637958, -0.414885, -0.745087, -0.421581, -0.516831, 0.154809, 0.644421, -0.748836, 0.000415894, -0.00133687, 0.000245329, -0.000196997, -0.00173298, -0.00137386, 0.419616, 0.0957403, -0.432829, -2.43803, 1.15611, 2.31115, -0.00995567, -0.0016141, -0.000128802, -0.00118766, 0.000432827, 6.69083e-05, -0.000142585, -0.00185161
135073, 10.1359, -0.0117501, 0.0392029, 0.0884461, 0.570285, 0.134742, -0.692758, -0.000125958, -8.23861e-05, 0.000126761, 0.040346, 0.411309, 0.012632, 0.487468, 0.0739959, 0.183057, 0.648744, -0.637965, -0.414888, -0.745094, -0.421575, -0.516826, 0.15481, 0.644418, -0.748838, 0.000457391, -0.00148167, 0.000165527, -0.000313224, -6.14127e-05, -0.00355442, 0.419616, 0.0957451, -0.432835, -2.43803, 1.15611, 2.31115, -0.00995121, -0.00330302, -5.05547e-05, 0.000441479, 0.000451999, -0.0002802, 0.000465376, 0.000933197
145189, 10.1459, -0.0117505, 0.0392022, 0.0884447, 0.570284, 0.134743, -0.692759, -0.000126073, -8.27095e-05, 0.000127048, 0.040346, 0.411309, 0.012632, 0.487468, 0.0739952, 0.183056, 0.648744, -0.637965, -0.414888, -0.745094, -0.421577, -0.516824, 0.154809, 0.644417, -0.74884, -0.000577437, -0.00183756, -0.000964271, -0.000419724, 0.00176165, -0.00313776, 0.419617, 0.095748, -0.432837, -2.43803, 1.15611, 2.31115, -0.00995375, -0.00472466, 0.000656465, 0.00111069, -0.00167864, -5.97365e-05, 0.000152331, -0.000771873
155304, 10.1569, -0.0117498, 0.0392009, 0.088446, 0.570285, 0.13474, -0.692759, -0.000126367, -8.21991e-05, 0.000126859, 0.040346, 0.411309, 0.012632, 0.487468, 0.0739939, 0.183057, 0.648743, -0.637967, -0.414887, -0.745094, -0.421574, -0.516826, 0.154813, 0.644417, -0.748839, -7.43487e-05, -0.000657334, 3.66953e-05, 0.000182232, -6.89598e-05, -0.00123797, 0.419619, 0.0957453, -0.432842, -2.43803, 1.15611, 2.31115, -0.00995375, -0.00041582, -0.00045916, -0.00100207, -0.000530747, 7.71973e-05, -9.98401e-05, -0.000278247
165427, 10.1669, -0.0117504, 0.0392048, 0.088446, 0.570286, 0.134742, -0.692754, -0.000126436, -8.20946e-05, 0.000126825, 0.040346, 0.411309, 0.012632, 0.487468, 0.0739978, 0.183057, 0.648749, -0.637961, -0.414886, -0.74509, -0.421581, -0.516827, 0.154807, 0.644419, -0.748839, -0.000975877, 0.00213187, -0.000686504, -0.000136314, 0.000819848, 0.00545042, 0.419624, 0.0957453, -0.432839, -2.43803, 1.15611, 2.31115, -0.00995481, 0.00445286, 0.000488214, -0.000110096, -0.00124406, 0.000144182, -0.000277697, -0.00151195
175573, 10.1769, -0.0117501, 0.0392055, 0.0884474, 0.570286, 0.134743, -0.692757, -0.000125782, -8.22666e-05, 0.000126581, 0.040346, 0.411309, 0.012632, 0.487468, 0.0739985, 0.183058, 0.648745, -0.637963, -0.414889, -0.745094, -0.421576, -0.516826, 0.154809, 0.644419, -0.748838, -6.03818e-05, 7.14039e-05, -0.00014729, -3.39258e-05, 0.000862993, -0.000282113, 0.419626, 0.0957425, -0.43284, -2.43803, 1.15611, 2.31115, -0.00994724, 0.00121965, 0.000384056, -0.00106958, 5.94316e-05, -9.52609e-05, -0.000192124, 0.000822097
185688, 10.1869, -0.0117457, 0.0392087, 0.0884522, 0.570291, 0.134738, -0.692751, -0.000127166, -8.0308e-05, 0.000125996, 0.040346, 0.411309, 0.012632, 0.487472, 0.0740017, 0.183063, 0.648753, -0.637959, -0.414883, -0.745086, -0.421579, -0.516835, 0.154814, 0.644421, -0.748835, 0.000261993, 0.000172804, 0.000347626, 1.89719e-05, -0.000379752, 0.000329896, 0.419629, 0.0957401, -0.432837, -2.43802, 1.15611, 2.31115, -0.00994535, 0.000638806, -0.000224992, -0.000356827, 0.000678354, -0.000490221, -0.000199226, 0.000644571
195804, 10.1969, -0.0117455, 0.0392072, 0.0884523, 0.570291, 0.134736, -0.692753, -0.000127282, -8.0251e-05, 0.000126021, 0.040346, 0.411309, 0.012632, 0.487473, 0.0740002, 0.183063, 0.648751, -0.637961, -0.414883, -0.745087, -0.421577, -0.516835, 0.154816, 0.644421, -0.748835, 0.000727603, -0.000373218, 0.000875921, 0.000397418, -0.00146232, -0.0018205, 0.419629, 0.09574, -0.43284, -2.43802, 1.15611, 2.31115, -0.00994581, 0.000381282, -0.000949548, -0.00119146, 0.00106723, 0.000262224, 0.000232531, 0.000968962
205920, 10.2069, -0.011746, 0.0392085, 0.0884511, 0.570291, 0.134738, -0.692751, -0.000127353, -8.05208e-05, 0.000126246, 0.040346, 0.411309, 0.012632, 0.487472, 0.0740015, 0.183062, 0.648754, -0.637959, -0.414882, -0.745085, -0.421582, -0.516834, 0.154812, 0.64442, -0.748836, 0.000556248, -0.000869752, 0.00147648, 0.00095034, -0.00331124, -0.00191784, 0.419631, 0.0957426, -0.432839, -2.43802, 1.15611, 2.31115, -0.00994825, -0.000549022, -0.00323339, -0.00148751, -0.00021301, 0.000169795, 0.000331435, -0.000572562
216036, 10.2169, -0.0117477, 0.0392109, 0.0884469, 0.570286, 0.134745, -0.692751, -0.000126443, -8.2367e-05, 0.000127017, 0.040346, 0.411309, 0.012632, 0.48747, 0.0740039, 0.183058, 0.648753, -0.637957, -0.414886, -0.745088, -0.421587, -0.516826, 0.154802, 0.644419, -0.74884, -0.000296706, -0.000353445, -0.000991979, -0.000670616, 0.0027568, -0.00133697, 0.419635, 0.0957513, -0.432837, -2.43802, 1.15611, 2.31115, -0.00994636, 0.000735775, 0.00204349, -0.00121737, -0.000100252, -9.20657e-06, -0.000109296, 0.0012292
226159, 10.2269, -0.011747, 0.0392123, 0.0884497, 0.570289, 0.134743, -0.692749, -0.000126636, -8.1371e-05, 0.000126436, 0.040346, 0.411309, 0.012632, 0.487471, 0.0740053, 0.183061, 0.648755, -0.637955, -0.414885, -0.745085, -0.421586, -0.51683, 0.154805, 0.644421, -0.748837, 6.88209e-05, -0.000260454, -0.000133988, -0.000148601, 0.000696903, -0.00120778, 0.419634, 0.0957453, -0.432834, -2.43802, 1.15611, 2.31115, -0.00994462, -0.000636091, 0.000379704, 0.000224954, 0.000139777, 2.70575e-05, 0.000220001, 0.000889868
236420, 10.2379, -0.011747, 0.0392144, 0.088451, 0.570291, 0.134744, -0.692747, -0.000126653, -8.09545e-05, 0.000126158, 0.040346, 0.411309, 0.012632, 0.487471, 0.0740074, 0.183062, 0.648758, -0.637953, -0.414885, -0.745083, -0.421587, -0.516832, 0.154804, 0.644423, -0.748836, 8.65539e-05, 0.000284933, 0.000468194, 0.000686077, 0.000782905, -0.00153736, 0.419636, 0.0957425, -0.432832, -2.43802, 1.15611, 2.31115, -0.00994328, 0.000295806, -0.00107208, 0.000231686, -8.08747e-05, -8.39319e-05, 0.000190655, 0.00271251
246675, 10.2479, -0.0117472, 0.0392132, 0.0884497, 0.57029, 0.134743, -0.692747, -0.000126892, -8.1165e-05, 0.000126436, 0.040346, 0.411309, 0.012632, 0.487471, 0.0740062, 0.183061, 0.648758, -0.637953, -0.414884, -0.745083, -0.421588, -0.516831, 0.154803, 0.644421, -0.748837, 4.27434e-05, 9.85895e-05, -7.56469e-05, -0.000134838, 0.000295521, 0.000156784, 0.419636, 0.0957453, -0.432834, -2.43802, 1.15611, 2.31115, -0.00994682, 0.000501955, 0.000386583, -0.000279155, 0.000287668, -0.000120851, -9.73819e-05, 0.000303499
256833, 10.2579, -0.0117518, 0.0392126, 0.0884454, 0.570286, 0.13475, -0.692749, -0.000125621, -8.28122e-05, 0.000126868, 0.040346, 0.411309, 0.012632, 0.487466, 0.0740056, 0.183056, 0.648754, -0.637953, -0.41489, -0.745088, -0.421589, -0.516824, 0.154796, 0.644421, -0.748839, -4.13091e-05, -0.000534511, -0.000145622, -0.00146023, -0.00523701, 0.00554307, 0.419635, 0.0957464, -0.432834, -2.43803, 1.15611, 2.31115, -0.00994931, -0.000991198, 0.000145319, -8.56343e-05, -0.000189248, -0.000150743, -4.18765e-05, -0.00865706
266955, 10.2679, -0.011748, 0.0392155, 0.0884483, 0.570289, 0.134746, -0.692743, -0.000126955, -8.14351e-05, 0.000126657, 0.040346, 0.411309, 0.012632, 0.48747, 0.0740085, 0.183059, 0.648762, -0.637949, -0.414884, -0.745081, -0.421594, -0.51683, 0.154798, 0.644422, -0.748838, 0.000299926, 0.00020561, -0.000215368, -0.000899589, -0.00144338, 0.00176029, 0.419638, 0.0957481, -0.432831, -2.43802, 1.15611, 2.31115, -0.00994963, -0.000176206, 0.00120229, 0.00087308, 0.000949745, 0.000416322, 0.000504667, -0.00217329
277071, 10.2779, -0.0117479, 0.0392119, 0.0884469, 0.570285, 0.134746, -0.692751, -0.000126138, -8.2563e-05, 0.000126983, 0.040346, 0.411309, 0.012632, 0.48747, 0.0740049, 0.183058, 0.648753, -0.637956, -0.414888, -0.745089, -0.421587, -0.516825, 0.154801, 0.644419, -0.748839, -0.00020098, 0.00142203, -0.00020047, 9.42169e-05, 0.000672325, 0.00254462, 0.419634, 0.0957513, -0.432834, -2.43802, 1.15611, 2.31115, -0.00994421, 0.00232485, 0.000625214, 0.00056922, 0.00024213, 0.000185925, -0.000177502, 0.000395262
287187, 10.2879, -0.0117515, 0.039209, 0.0884445, 0.570284, 0.134748, -0.692753, -0.000125679, -8.31246e-05, 0.000127116, 0.040346, 0.411309, 0.012632, 0.487466, 0.074002, 0.183055, 0.64875, -0.637958, -0.41489, -0.745091, -0.421585, -0.516822, 0.154799, 0.644419, -0.74884, 6.65164e-05, -0.0011272, 0.000200898, 9.01691e-05, -0.000879117, -0.00137556, 0.419633, 0.0957485, -0.432839, -2.43803, 1.15611, 2.31115, -0.00995038, -0.000687554, -0.000678749, -0.00176409, -0.000378636, -0.000153351, -0.000291549, -0.00107995
297303, 10.2989, -0.0117523, 0.0392108, 0.0884431, 0.570282, 0.134751, -0.692752, -0.000125217, -8.38002e-05, 0.000127326, 0.040346, 0.411309, 0.012632, 0.487466, 0.0740038, 0.183054, 0.64875, -0.637956, -0.414892, -0.745092, -0.421588, -0.516819, 0.154795, 0.644419, -0.748841, -0.00107692, 0.000126595, -0.00134196, -0.00100244, 0.00226859, 0.00135918, 0.419633, 0.0957513, -0.432835, -2.43803, 1.15611, 2.31115, -0.00994884, 0.000756634, 0.00126063, -0.000173141, -0.00193571, -0.000211304, 0.0002719, -0.00109457
307418, 10.3089, -0.0117482, 0.0392139, 0.0884469, 0.570286, 0.134747, -0.692748, -0.000126276, -8.24516e-05, 0.000126983, 0.040346, 0.411309, 0.012632, 0.48747, 0.0740069, 0.183058, 0.648756, -0.637953, -0.414887, -0.745086, -0.42159, -0.516825, 0.154798, 0.64442, -0.748839, 0.000395728, 0.00171489, 0.000429804, 0.000135513, -0.000858565, 0.00379963, 0.419638, 0.0957513, -0.432834, -2.43802, 1.15611, 2.31115, -0.0099454, 0.00157042, 0.000433654, 0.00175705, 0.00177694, -0.000470528, -0.000532098, 0.000330391
317534, 10.3189, -0.0117509, 0.0392072, 0.0884458, 0.570284, 0.134747, -0.692757, -0.000125245, -8.30872e-05, 0.00012685, 0.040346, 0.411309, 0.012632, 0.487467, 0.0740002, 0.183057, 0.648745, -0.637962, -0.414892, -0.745095, -0.421578, -0.516822, 0.154804, 0.644419, -0.748839, -0.000676425, 3.17878e-05, -0.000373258, -0.000288982, 0.000734886, 0.000221926, 0.419628, 0.0957457, -0.432838, -2.43803, 1.15611, 2.31115, -0.00994501, 0.000251297, -0.000669388, 1.24651e-05, -0.00178322, -0.000144357, 0.00060407, -0.000296108
327649, 10.3289, -0.0117504, 0.0392043, 0.0884458, 0.570284, 0.134744, -0.692758, -0.000125714, -8.27601e-05, 0.000126884, 0.040346, 0.411309, 0.012632, 0.487468, 0.0739973, 0.183057, 0.648743, -0.637965, -0.414889, -0.745095, -0.421576, -0.516824, 0.154808, 0.644418, -0.748839, 0.000716977, -0.00232392, 0.00194184, 0.00147317, -0.00335935, -0.00526355, 0.419625, 0.0957457, -0.432841, -2.43803, 1.15611, 2.31115, -0.00994856, -0.00426803, -0.00462566, -0.000942675, -0.000640443, -0.000502103, 0.00016027, 0.000478913
337781, 10.3389, -0.0117512, 0.0392066, 0.0884445, 0.570283, 0.134748, -0.692758, -0.000125247, -8.34552e-05, 0.000127105, 0.040346, 0.411309, 0.012632, 0.487467, 0.0739996, 0.183055, 0.648744, -0.637962, -0.414892, -0.745095, -0.421579, -0.516821, 0.154803, 0.644418, -0.74884, -0.000513715, 0.000340758, -0.000815886, -7.409e-05, 0.00255933, 0.000132698, 0.419627, 0.0957485, -0.432838, -2.43803, 1.15611, 2.31115, -0.00994683, -0.00043719, 0.00128039, 0.00117043, -0.00051581, -9.93881e-05, -0.000304831, 0.00108407
347896, 10.3489, -0.0117497, 0.0391998, 0.0884459, 0.570283, 0.134742, -0.692765, -0.000125318, -8.31435e-05, 0.000126929, 0.040346, 0.411309, 0.012632, 0.487468, 0.0739928, 0.183057, 0.648735, -0.637972, -0.414891, -0.745101, -0.421567, -0.516822, 0.154814, 0.644416, -0.748839, 0.000274175, 0.000715375, 0.000345356, 0.000177526, -0.000378545, 0.000768296, 0.41962, 0.0957457, -0.432845, -2.43803, 1.15611, 2.31115, -0.00994454, 0.00124783, -0.000110276, 0.000205863, 0.00077739, 8.75068e-05, 7.02312e-05, 0.000812306
358012, 10.3589, -0.0117444, 0.0391924, 0.0884484, 0.570284, 0.13473, -0.692769, -0.00012735, -8.15487e-05, 0.000126954, 0.040346, 0.411309, 0.012632, 0.487474, 0.0739854, 0.183059, 0.648733, -0.63798, -0.414882, -0.7451, -0.421561, -0.516829, 0.154829, 0.644413, -0.748839, 0.000695247, -0.00148608, 6.0682e-05, -0.000775613, -0.000674155, -0.00247637, 0.419614, 0.0957485, -0.432854, -2.43802, 1.15611, 2.31115, -0.00994967, -0.00208093, 0.000925741, -0.000786786, 0.00135377, -0.00034407, 0.000121795, -0.000154129
368127, 10.3689, -0.0117478, 0.0391875, 0.0884461, 0.570282, 0.134731, -0.692775, -0.00012647, -8.24817e-05, 0.000127111, 0.040346, 0.411309, 0.012632, 0.48747, 0.0739805, 0.183057, 0.648725, -0.637986, -0.414886, -0.745107, -0.421554, -0.516825, 0.15483, 0.644412, -0.74884, 0.000154168, 0.000524964, 0.000360458, -0.000368853, -0.00185628, 0.00228147, 0.419611, 0.0957457, -0.432861, -2.43803, 1.15611, 2.31115, -0.00995191, 0.00249145, -0.000476414, -0.00137276, 0.000336918, -0.000134918, 0.000172216, -0.00149736
378243, 10.3789, -0.0117483, 0.039182, 0.0884418, 0.570276, 0.134732, -0.692783, -0.000125954, -8.41468e-05, 0.000127974, 0.040346, 0.411309, 0.012632, 0.48747, 0.073975, 0.183053, 0.648716, -0.637994, -0.414888, -0.745115, -0.421549, -0.516818, 0.15483, 0.644407, -0.748844, -0.000864141, 0.000725713, -0.000970353, -0.000100472, 0.00202487, 0.00183254, 0.419604, 0.0957548, -0.432864, -2.43803, 1.15611, 2.31115, -0.00995287, 0.000729053, 0.00102573, 0.000774993, -0.00129579, 0.000191421, -0.000275074, -0.000532876
388359, 10.3899, -0.0117467, 0.0391722, 0.0884421, 0.570274, 0.134726, -0.692795, -0.000125793, -8.43871e-05, 0.000128051, 0.040346, 0.411309, 0.012632, 0.487471, 0.0739652, 0.183053, 0.648701, -0.638008, -0.414889, -0.745125, -0.421533, -0.516817, 0.154844, 0.644403, -0.748844, -3.51822e-05, -0.000733731, 8.12044e-05, 0.000272821, -0.000129319, -0.00145471, 0.419594, 0.0957544, -0.432874, -2.43803, 1.15611, 2.31115, -0.00994967, -0.00111294, -0.000532832, -0.000486209, -0.000489937, 8.685e-05, -0.00010551, -0.000238458
398474, 10.3999, -0.0117456, 0.0391649, 0.0884421, 0.570272, 0.134722, -0.692804, -0.00012562, -8.45392e-05, 0.00012806, 0.040346, 0.411309, 0.012632, 0.487472, 0.0739579, 0.183053, 0.64869, -0.638018, -0.41489, -0.745132, -0.421521, -0.516816, 0.154853, 0.644401, -0.748844, -0.000339162, -0.00101693, -0.000356213, -0.000424928, -0.00276008, 0.00213472, 0.419579, 0.0957545, -0.432874, -2.43803, 1.15611, 2.31115, -0.00994825, -0.00245566, -8.14194e-05, 0.000224552, -0.00110561, 0.000369072, -0.00031564, -0.00607636
408595, 10.4099, -0.0117443, 0.0391639, 0.0884457, 0.570277, 0.134716, -0.692803, -0.000126333, -8.2885e-05, 0.000127313, 0.040346, 0.411309, 0.012632, 0.487474, 0.0739569, 0.183057, 0.648692, -0.638018, -0.414887, -0.745128, -0.421518, -0.516823, 0.154861, 0.644403, -0.748841, 0.000159314, 0.000459908, 0.00271551, 0.00301421, -0.00515815, 0.000550912, 0.419572, 0.0957468, -0.43287, -2.43803, 1.15611, 2.31115, -0.00995003, -0.00241443, -0.0071835, 0.00244037, -0.00176575, -7.42595e-05, -1.20459e-05, -0.000721446
418728, 10.4199, -0.0117435, 0.0391564, 0.0884448, 0.570275, 0.134712, -0.69281, -0.000126606, -8.30577e-05, 0.000127584, 0.040346, 0.411309, 0.012632, 0.487475, 0.0739494, 0.183056, 0.648684, -0.638027, -0.414886, -0.745134, -0.421509, -0.516823, 0.154869, 0.6444, -0.748842, -0.000455515, 0.000827825, -0.000185333, -0.000329895, -0.000155775, 0.00241565, 0.419564, 0.0957489, -0.432877, -2.43803, 1.15611, 2.31115, -0.00995263, 0.00257589, -0.000293972, -0.000770462, -0.000863798, -7.90654e-05, 0.000265129, -0.000951878
429114, 10.4299, -0.0117434, 0.039158, 0.0884458, 0.570277, 0.13471, -0.692805, -0.000127259, -8.2256e-05, 0.000127392, 0.040346, 0.411309, 0.012632, 0.487475, 0.073951, 0.183057, 0.64869, -0.638023, -0.414883, -0.745129, -0.421514, -0.516826, 0.154869, 0.644401, -0.748841, -6.93976e-05, -5.36803e-05, -2.93034e-05, -0.000448239, -0.000755144, 0.000915063, 0.419567, 0.0957468, -0.432877, -2.43803, 1.15611, 2.31115, -0.00995688, 0.000802089, -0.00012048, -0.000816498, -0.000223984, -0.000175901, 0.000190445, -0.00118711
439496, 10.4409, -0.0117438, 0.0391605, 0.0884459, 0.570278, 0.134713, -0.692805, -0.000126727, -8.25024e-05, 0.000127267, 0.040346, 0.411309, 0.012632, 0.487474, 0.0739535, 0.183057, 0.64869, -0.638021, -0.414885, -0.745129, -0.421514, -0.516825, 0.154865, 0.644402, -0.748841, -0.000328889, -3.88153e-05, -0.000169802, 0.000199293, 0.000122788, 0.000277163, 0.419565, 0.0957463, -0.43287, -2.43803, 1.15611, 2.31115, -0.00995309, -0.00128077, -0.00033359, 0.00114001, -0.000847445, 0.00010337, -7.36054e-06, -0.000717939
449883, 10.4509, -0.011744, 0.0391598, 0.0884447, 0.570275, 0.134715, -0.692808, -0.000126279, -8.32872e-05, 0.000127561, 0.040346, 0.411309, 0.012632, 0.487474, 0.0739528, 0.183056, 0.648687, -0.638024, -0.414887, -0.745133, -0.421513, -0.516822, 0.154864, 0.644401, -0.748842, -0.000211394, 0.000730718, -0.00033111, -0.000597224, 0.000314155, 0.0019564, 0.419569, 0.0957489, -0.432875, -2.43803, 1.15611, 2.31115, -0.00995014, 0.00109021, 0.000614376, 0.000605316, -3.7992e-05, -0.000230186, 0.00029291, -0.000304059
460139, 10.4609, -0.0117398, 0.0391593, 0.0884471, 0.570277, 0.134709, -0.692807, -0.000127314, -8.22957e-05, 0.00012745, 0.040346, 0.411309, 0.012632, 0.487478, 0.0739523, 0.183058, 0.648688, -0.638025, -0.414882, -0.74513, -0.421512, -0.516826, 0.15487, 0.6444, -0.748842, 8.68338e-06, -0.000304629, -0.000361451, -0.000611202, 0.000966752, -0.000715045, 0.419565, 0.0957517, -0.432872, -2.43802, 1.15611, 2.31115, -0.0099486, -0.000550787, 0.000891486, 0.000135864, 0.000228482, -0.000374576, 0.000195672, 0.00068599
470519, 10.4719, -0.0117396, 0.0391615, 0.0884489, 0.57028, 0.134708, -0.692802, -0.000128018, -8.12553e-05, 0.000127122, 0.040346, 0.411309, 0.012632, 0.487478, 0.0739545, 0.18306, 0.648695, -0.638021, -0.414879, -0.745124, -0.421516, -0.516831, 0.15487, 0.644402, -0.74884, 0.000226669, 0.000728934, 0.000453915, 0.000573673, -0.00046358, 0.000651385, 0.419569, 0.0957481, -0.432872, -2.43802, 1.15611, 2.31115, -0.00995232, 0.000355251, -0.000512801, 0.00100249, 0.000562553, 0.000199458, -6.10009e-05, 0.000791894
480905, 10.4819, -0.011743, 0.0391577, 0.088447, 0.570279, 0.134709, -0.692805, -0.00012743, -8.16803e-05, 0.000127089, 0.040346, 0.411309, 0.012632, 0.487475, 0.0739507, 0.183058, 0.648691, -0.638023, -0.414882, -0.745128, -0.421512, -0.516829, 0.154871, 0.644402, -0.74884, 0.000697168, -0.00519789, 0.000145806, 0.000411127, -0.000475594, -0.0103464, 0.419561, 0.0957441, -0.432872, -2.43803, 1.15611, 2.31115, -0.00995739, -0.0108617, -0.000559976, 2.22368e-05, -0.000351268, 0.000140069, -0.000261896, -0.000650554
491310, 10.4929, -0.0117382, 0.0391552, 0.0884502, 0.57028, 0.134703, -0.69281, -0.000127871, -8.11114e-05, 0.000126941, 0.040346, 0.411309, 0.012632, 0.48748, 0.0739482, 0.183061, 0.648685, -0.63803, -0.41488, -0.745131, -0.421504, -0.516831, 0.15488, 0.6444, -0.748839, 0.000116522, -0.000426702, -0.000396761, -0.000776267, 0.000954828, -0.000770621, 0.419561, 0.0957455, -0.432877, -2.43802, 1.15611, 2.31115, -0.00994861, -0.000157553, 0.00125459, -0.000499103, 0.000575212, -0.000458212, 6.56056e-05, 0.00063994
501700, 10.5029, -0.0117414, 0.0391584, 0.0884524, 0.570284, 0.134705, -0.692806, -0.000127372, -8.02705e-05, 0.000126084, 0.040346, 0.411309, 0.012632, 0.487477, 0.0739514, 0.183063, 0.648689, -0.638025, -0.414882, -0.745128, -0.421505, -0.516835, 0.154879, 0.644405, -0.748835, -0.000162263, -0.000623336, 0.000531952, 0.00135378, -0.000306283, -0.00228132, 0.419564, 0.0957327, -0.432875, -2.43803, 1.15611, 2.31115, -0.00994909, -0.00123716, -0.00204976, -0.000395054, -0.00126846, 0.000536334, -0.000227391, 0.000373142
512092, 10.5129, -0.0117377, 0.0391613, 0.088455, 0.570287, 0.134701, -0.692799, -0.000128922, -7.88421e-05, 0.000125957, 0.040346, 0.411309, 0.012632, 0.48748, 0.0739543, 0.183066, 0.648698, -0.63802, -0.414875, -0.74512, -0.421512, -0.516841, 0.15488, 0.644405, -0.748835, -0.000371286, -0.000466782, -0.00030651, 0.000413603, 0.00190509, -0.00213108, 0.419568, 0.0957352, -0.432873, -2.43802, 1.15611, 2.31115, -0.00995162, -0.000622301, -0.000111028, -0.000391442, -0.000982812, 4.9591e-05, -0.000172093, 0.0015057
522493, 10.5239, -0.0117394, 0.03917, 0.0884536, 0.570288, 0.134708, -0.69279, -0.000128535, -7.93121e-05, 0.000126067, 0.040346, 0.411309, 0.012632, 0.487479, 0.073963, 0.183065, 0.648708, -0.638008, -0.414877, -0.745113, -0.421525, -0.516839, 0.154867, 0.644408, -0.748835, -0.000558305, 0.00245796, -0.000202653, 0.000488862, 0.00141968, 0.0042397, 0.419574, 0.0957379, -0.432861, -2.43802, 1.15611, 2.31115, -0.00995192, 0.00257379, 0.000170363, 0.00232908, -0.000246268, -0.000135224, -0.000320136, 0.00122455
532884, 10.5339, -0.0117449, 0.0391684, 0.0884461, 0.57028, 0.134717, -0.692794, -0.000127042, -8.20713e-05, 0.000127145, 0.040346, 0.411309, 0.012632, 0.487473, 0.0739614, 0.183057, 0.648703, -0.638009, -0.414884, -0.74512, -0.421528, -0.516827, 0.154855, 0.644405, -0.74884, -0.000588471, 0.00100724, -0.000895133, -0.000582722, 0.00148094, 0.00312417, 0.419575, 0.0957457, -0.432864, -2.43803, 1.15611, 2.31115, -0.00995635, 0.000914868, 0.00158426, 0.00122135, -0.000314021, -0.000329131, -0.000344203, -0.000749657
543240, 10.5439, -0.0117448, 0.0391653, 0.0884448, 0.570279, 0.134716, -0.692796, -0.000127281, -8.22629e-05, 0.000127409, 0.040346, 0.411309, 0.012632, 0.487473, 0.0739583, 0.183056, 0.648701, -0.638012, -0.414883, -0.745122, -0.421527, -0.516826, 0.154857, 0.644404, -0.748841, -0.000412453, -0.000354287, -0.000256926, -0.000111154, -0.000351708, 0.00105733, 0.419569, 0.0957486, -0.432864, -2.43803, 1.15611, 2.31115, -0.00996026, -0.000778259, -0.000240348, -8.0588e-05, -0.000965842, -0.000345469, -0.000387618, -0.00196864
553631, 10.5549, -0.0117437, 0.03916, 0.0884457, 0.570278, 0.134712, -0.692803, -0.000127225, -8.22339e-05, 0.000127358, 0.040346, 0.411309, 0.012632, 0.487474, 0.073953, 0.183057, 0.648693, -0.638021, -0.414883, -0.745127, -0.421516, -0.516826, 0.154866, 0.644402, -0.748841, 2.74325e-06, -0.000902539, -2.69654e-05, 0.000546519, 0.00262555, -0.00465204, 0.419568, 0.0957468, -0.432874, -2.43803, 1.15611, 2.31115, -0.00995706, 0.000252611, -0.000149881, -0.00211133, -0.000334962, -1.79044e-05, -0.000112361, 0.00382158
564015, 10.5649, -0.0117366, 0.0391544, 0.0884551, 0.570287, 0.134695, -0.692806, -0.000129256, -7.86395e-05, 0.000126003, 0.040346, 0.411309, 0.012632, 0.487481, 0.0739474, 0.183066, 0.648691, -0.638028, -0.414874, -0.745124, -0.421503, -0.516842, 0.154889, 0.644403, -0.748835, 0.000724549, -0.0012452, 0.000802909, 0.000386767, -0.00147329, -0.00318698, 0.419558, 0.0957352, -0.432877, -2.43802, 1.15611, 2.31115, -0.00995386, -0.00078746, -0.000991299, -0.00185986, 0.000796141, 0.000203367, 5.67775e-05, 0.000514412
574407, 10.5759, -0.0117277, 0.0391459, 0.0884688, 0.570301, 0.134671, -0.692807, -0.000132537, -7.29253e-05, 0.000123876, 0.040346, 0.411309, 0.012632, 0.48749, 0.0739389, 0.18308, 0.648691, -0.638038, -0.414859, -0.745117, -0.421485, -0.516867, 0.154924, 0.644406, -0.748826, 0.00106931, -0.00153003, 0.00150147, 0.000762056, -0.00292369, -0.00363428, 0.419547, 0.0957144, -0.432886, -2.43801, 1.15611, 2.31115, -0.00995452, -0.00254357, -0.00228038, -0.000835673, 0.00110572, -0.000155638, 9.34413e-05, 0.000510341
584814, 10.5859, -0.0117204, 0.0391419, 0.0884794, 0.570313, 0.134651, -0.692802, -0.000135994, -6.79253e-05, 0.00012234, 0.040346, 0.411309, 0.012632, 0.487498, 0.0739349, 0.18309, 0.648699, -0.638039, -0.414844, -0.745104, -0.421479, -0.51689, 0.154948, 0.644408, -0.748819, -0.00011035, -0.000441829, 0.000493252, 0.000851224, -0.000241163, -0.00157822, 0.419545, 0.0957002, -0.432894, -2.438, 1.15611, 2.31115, -0.00996109, -0.000511437, -0.00175635, -0.000626454, -0.000933031, -8.95767e-06, -0.000115821, 0.000630969
595205, 10.5959, -0.0117192, 0.039133, 0.088479, 0.570311, 0.134645, -0.692811, -0.000136217, -6.79734e-05, 0.000122497, 0.040346, 0.411309, 0.012632, 0.487499, 0.073926, 0.18309, 0.648689, -0.63805, -0.414843, -0.745111, -0.421467, -0.516889, 0.154959, 0.644404, -0.74882, 0.000173438, -0.000711807, -0.000404392, -0.000651802, -0.000277476, -0.000305329, 0.419532, 0.0957013, -0.432899, -2.438, 1.15611, 2.31115, -0.00996293, -0.000207427, 0.00135467, -0.00114444, 0.00056193, 0.00021649, -0.000149982, -0.00149348
605596, 10.6069, -0.0117134, 0.0391195, 0.0884801, 0.570309, 0.134633, -0.692826, -0.000137128, -6.77373e-05, 0.000122838, 0.040346, 0.411309, 0.012632, 0.487505, 0.0739125, 0.183091, 0.648672, -0.63807, -0.414839, -0.745122, -0.421448, -0.51689, 0.154979, 0.644398, -0.748821, 0.00015213, -0.00235155, -6.86964e-05, 0.00142843, 0.00146817, -0.00468307, 0.419517, 0.0957072, -0.432911, -2.43799, 1.15611, 2.31115, -0.00995997, -0.000472999, 0.000563081, -0.00520552, 0.000192932, 0.000114307, -0.00264329, 0.000398276
615992, 10.6169, -0.0117208, 0.0391202, 0.0884696, 0.570295, 0.134649, -0.692827, -0.000135509, -7.24393e-05, 0.000125187, 0.040346, 0.411309, 0.012632, 0.487497, 0.0739132, 0.183081, 0.648671, -0.638067, -0.414846, -0.745128, -0.421462, -0.51687, 0.154955, 0.644391, -0.748831, -0.000638963, -0.0005609, -0.000362272, 0.000136021, 0.000997488, -0.000974881, 0.419519, 0.0957202, -0.432909, -2.438, 1.1561, 2.31115, -0.00996081, -0.000795866, -0.000658709, -0.000373901, -0.00179084, -0.000102591, 2.76029e-05, -0.000261076
626385, 10.6279, -0.0117278, 0.0391206, 0.088458, 0.570283, 0.134664, -0.69283, -0.000133475, -7.66996e-05, 0.000127001, 0.040346, 0.411309, 0.012632, 0.48749, 0.0739136, 0.183069, 0.648667, -0.638065, -0.414855, -0.745136, -0.421472, -0.516851, 0.154935, 0.644387, -0.74884, -0.000615495, -0.000968042, -0.000862161, -0.000305815, 0.0022916, -0.00170058, 0.41952, 0.0957367, -0.432907, -2.43801, 1.1561, 2.31115, -0.00996698, -0.000943493, 0.000789952, -0.00100027, -0.00129884, -0.000359693, -0.000344551, 0.000239264
636775, 10.6379, -0.0117308, 0.0391302, 0.0884529, 0.570279, 0.134676, -0.692822, -0.000132535, -7.87228e-05, 0.000127876, 0.040346, 0.411309, 0.012632, 0.487487, 0.0739232, 0.183064, 0.648676, -0.638053, -0.414859, -0.745132, -0.421489, -0.516842, 0.154914, 0.644388, -0.748843, -0.00135842, 0.00174362, -0.00136177, -0.000292073, 0.00380967, 0.00335432, 0.419533, 0.0957473, -0.432899, -2.43801, 1.1561, 2.31115, -0.00996699, 0.003192, 0.00137592, 0.000483563, -0.00184443, -0.000284241, -0.000315262, 0.000852501
647166, 10.6479, -0.0117319, 0.0391409, 0.0884547, 0.570283, 0.134681, -0.692808, -0.000132888, -7.77008e-05, 0.000127367, 0.040346, 0.411309, 0.012632, 0.487486, 0.0739339, 0.183066, 0.648692, -0.638037, -0.414858, -0.74512, -0.421505, -0.516846, 0.154903, 0.644393, -0.748841, -0.00147561, 0.00239551, -0.00184754, -0.000704959, 0.00401658, 0.00507482, 0.419542, 0.0957432, -0.432887, -2.43801, 1.1561, 2.31115, -0.00996926, 0.00104867, 0.00248441, 0.00415411, -0.00162561, -6.46412e-06, 9.43078e-05, 8.83971e-07
657571, 10.6589, -0.0117303, 0.0391388, 0.0884608, 0.570288, 0.134672, -0.692802, -0.000135075, -7.55046e-05, 0.000127063, 0.040346, 0.411309, 0.012632, 0.487488, 0.0739318, 0.183072, 0.648701, -0.638035, -0.414848, -0.745111, -0.421509, -0.516856, 0.15491, 0.644393, -0.74884, -0.000889154, -0.000310568, -0.000498805, -0.000358083, 0.00200576, -0.000408397, 0.419545, 0.0957295, -0.432895, -2.43801, 1.15609, 2.31115, -0.00997131, 0.000470919, -0.000725503, -0.0010063, -0.00212288, -0.00114107, 9.38481e-05, 0.000900799
667829, 10.6689, -0.0117208, 0.0391303, 0.0884735, 0.5703, 0.134642, -0.692802, -0.000140463, -6.95987e-05, 0.000125971, 0.040346, 0.411309, 0.012632, 0.487497, 0.0739233, 0.183084, 0.648706, -0.638046, -0.414824, -0.745099, -0.421498, -0.516882, 0.154947, 0.644389, -0.748835, 0.000657443, 0.000353543, 0.0013786, 0.000428137, -0.00400754, 0.00182237, 0.419532, 0.0957104, -0.432898, -2.438, 1.15609, 2.31116, -0.00997758, 0.00136414, -0.0022275, -0.000870961, 0.000840293, -0.000119734, 9.00033e-05, -0.00165599
678236, 10.6789, -0.0117179, 0.0391099, 0.0884748, 0.570294, 0.134627, -0.692822, -0.000141578, -6.98794e-05, 0.000126782, 0.040346, 0.411309, 0.012632, 0.4875, 0.0739029, 0.183086, 0.648684, -0.638071, -0.414819, -0.745113, -0.421475, -0.516881, 0.154971, 0.644379, -0.748839, 0.000302883, -0.00299646, -0.000312095, -0.000173817, 0.0007718, -0.00595832, 0.419513, 0.0957072, -0.43292, -2.438, 1.15608, 2.31116, -0.009975, -0.00610444, 0.000593863, -3.41565e-05, -6.88246e-05, -0.000183952, -0.000213808, 0.00010241
688623, 10.6899, -0.0117177, 0.0390802, 0.0884718, 0.570286, 0.134612, -0.692855, -0.000141094, -7.11687e-05, 0.000127404, 0.040346, 0.411309, 0.012632, 0.4875, 0.0738732, 0.183083, 0.648645, -0.638109, -0.414821, -0.74514, -0.421433, -0.516875, 0.155003, 0.644368, -0.748841, 0.000304512, -0.00237747, 0.000241934, 0.000318729, 2.70402e-05, -0.0056284, 0.419485, 0.0957064, -0.432952, -2.43801, 1.15608, 2.31116, -0.00997801, -0.00250872, -0.000772072, -0.00240422, -0.00044109, 0.000249673, 4.65581e-05, 0.000642837
699013, 10.6999, -0.0117209, 0.0390459, 0.0884575, 0.570262, 0.134607, -0.692895, -0.000140005, -7.72088e-05, 0.00013097, 0.040346, 0.411309, 0.012632, 0.487497, 0.0738389, 0.183069, 0.6486, -0.638152, -0.414826, -0.745176, -0.421402, -0.516848, 0.155019, 0.644346, -0.748857, 0.000698053, -0.00499942, -0.00117517, -0.0018691, 0.0031992, -0.0102681, 0.419452, 0.0957284, -0.432985, -2.43802, 1.15607, 2.31116, -0.0099837, -0.00395618, 0.00345883, -0.00582457, 0.00114013, -0.000851609, -0.000342718, 0.00190918
709269, 10.7099, -0.0117223, 0.0390102, 0.0884465, 0.570242, 0.134598, -0.69294, -0.000139648, -8.15733e-05, 0.000133784, 0.040346, 0.411309, 0.012632, 0.487497, 0.0737957, 0.18306, 0.648544, -0.638208, -0.414828, -0.745217, -0.421354, -0.516829, 0.155055, 0.644323, -0.74887, 0.000175961, -0.00284343, -0.000222097, -0.000483057, 0.000758209, -0.0058057, 0.419423, 0.0957393, -0.433041, -2.43803, 1.15606, 2.31116, -0.00998492, -0.00287414, 9.38605e-05, -0.00280607, -0.000514971, -0.000344409, 0.000104259, 0.000460683
719527, 10.7209, -0.0117265, 0.0389633, 0.0884338, 0.570216, 0.134586, -0.692997, -0.0001362, -8.84793e-05, 0.00013664, 0.040346, 0.411309, 0.012632, 0.487491, 0.0737563, 0.183045, 0.648479, -0.638263, -0.414843, -0.745268, -0.421301, -0.516799, 0.15508, 0.644302, -0.748882, -0.00015417, -0.00284289, -0.00100874, -0.000628525, 0.00285105, -0.00638792, 0.419401, 0.0957565, -0.433096, -2.43805, 1.15606, 2.31116, -0.00998316, -0.0010686, 0.00166333, -0.00454715, -0.000765514, 0.000165372, -0.000246251, 0.00100644
729915, 10.7309, -0.0117289, 0.0389155, 0.0884265, 0.570197, 0.134565, -0.693047, -0.00013636, -9.19139e-05, 0.000139099, 0.040346, 0.411309, 0.012632, 0.487489, 0.0737085, 0.183038, 0.648422, -0.638322, -0.414842, -0.745309, -0.421247, -0.516783, 0.155123, 0.644279, -0.748893, -0.000384609, -0.00538258, -0.00109159, -0.00210175, -0.000793018, -0.00627975, 0.419385, 0.095757, -0.433175, -2.43807, 1.15605, 2.31116, -0.00999121, 1.17791e-05, 0.000643559, -0.0107313, -0.00239955, -0.00043667, -0.000205747, -0.00537522
740305, 10.7419, -0.0117202, 0.0388655, 0.0884293, 0.570183, 0.134523, -0.693101, -0.000139962, -9.21811e-05, 0.000141278, 0.040346, 0.411309, 0.012632, 0.487498, 0.0736585, 0.18304, 0.648363, -0.638392, -0.414826, -0.745346, -0.421183, -0.516782, 0.155192, 0.644252, -0.748903, 0.000657772, -0.00348606, 0.000148479, -0.00103233, -0.000467555, -0.00735044, 0.419364, 0.0957517, -0.433251, -2.43807, 1.15604, 2.31117, -0.00998565, -0.000828313, -0.000167448, -0.00589677, 4.34186e-05, -9.95315e-05, 0.00079244, 0.000439352
750582, 10.7519, -0.0117112, 0.0388184, 0.0884373, 0.57018, 0.13448, -0.693144, -0.000143809, -8.94935e-05, 0.000141555, 0.040346, 0.411309, 0.012632, 0.487507, 0.0736114, 0.183048, 0.648317, -0.63845, -0.414809, -0.745372, -0.421124, -0.516794, 0.155261, 0.644233, -0.748904, 0.00128984, -0.00534936, 0.00110219, -0.00152315, -0.00255318, -0.00890165, 0.419345, 0.0957358, -0.433328, -2.43807, 1.15603, 2.31117, -0.00998972, -0.000229006, -0.00159402, -0.0105715, 0.000844978, -0.00224672, -6.54929e-05, 6.48518e-05
760970, 10.7619, -0.011689, 0.0387509, 0.088453, 0.570178, 0.134403, -0.693204, -0.000152679, -8.35622e-05, 0.000142374, 0.040346, 0.411309, 0.012632, 0.487529, 0.0735439, 0.183064, 0.648255, -0.638539, -0.41477, -0.745402, -0.421037, -0.51682, 0.155376, 0.644202, -0.748908, 0.00100905, -0.00421844, 0.000677158, -0.00290442, -0.00296076, -0.00372847, 0.419311, 0.0957199, -0.433428, -2.43805, 1.15602, 2.31118, -0.0099934, -0.00462913, -0.000835295, -0.0036252, 0.00118573, -0.00430749, 0.000264724, -0.00145014
771356, 10.7729, -0.0116736, 0.0386812, 0.0884638, 0.570167, 0.13434, -0.693263, -0.000159877, -8.09964e-05, 0.00014459, 0.040346, 0.411309, 0.012632, 0.487544, 0.0734742, 0.183075, 0.648193, -0.638622, -0.414738, -0.745436, -0.420964, -0.516832, 0.15547, 0.644167, -0.748917, 0.00108308, -0.00392568, 4.64418e-05, -0.00158978, -0.000314877, -0.00770146, 0.419289, 0.0957051, -0.433546, -2.43804, 1.15599, 2.31118, -0.00999453, 0.000674036, 0.00119667, -0.00829351, 0.00143433, -0.000515044, 0.000218098, 0.000648338
781747, 10.7829, -0.0116726, 0.0386116, 0.0884652, 0.570136, 0.134304, -0.693303, -0.000167282, -8.48441e-05, 0.000151346, 0.040346, 0.411309, 0.012632, 0.487545, 0.0734046, 0.183076, 0.648158, -0.638679, -0.414705, -0.745458, -0.420946, -0.516815, 0.15551, 0.644123, -0.748947, 0.000606474, -0.0082667, 0.00121347, -0.00804985, -0.00339216, -0.00317396, 0.419256, 0.0956885, -0.433652, -2.43805, 1.1559, 2.31117, -0.00999819, -0.00411383, -0.00386153, -0.0119836, -0.000139429, -0.0151685, -0.000341637, -0.000446545
