timestamp, robot_time[1], robot_ee_pos_error[3], robot_ee_ori_error[3], sensed_forces_moments[6], robot_ee_position[3], robot_ee_orientation[9], robot_ee_linear_velocity[3], robot_ee_angular_velocity[3], joint_angles[7], joint_velocities[7], 
10307, 10.0119, 0.019548, 0.00253849, 0.0747331, -0.147802, 0.454571, -0.71082, 6.80275e-06, -2.76985e-05, -1.43205e-05, 0.040346, 0.411309, 0.012632, 0.518766, 0.0373315, 0.169344, 0.528659, -0.755765, -0.386443, -0.67589, -0.65021, 0.346987, -0.51351, 0.0777551, -0.854554, -0.000745458, -0.000627653, -0.00104161, -5.42099e-05, 0.00257072, -0.00120106, 0.511108, 0.496075, -0.530186, -1.85258, 0.306666, 1.71797, 0.714482, -0.00108729, 0.00125959, 0.000159244, -0.00144055, 0.000409652, -0.000125819, -0.000416367
20631, 10.0219, 0.0195548, 0.00253904, 0.074738, -0.147796, 0.454555, -0.710825, 3.80111e-06, -2.44425e-05, -1.16411e-05, 0.040346, 0.411309, 0.012632, 0.518773, 0.037332, 0.169349, 0.528668, -0.755766, -0.38643, -0.675898, -0.650209, 0.346973, -0.51349, 0.0777537, -0.854565, -2.06542e-05, -0.000592507, 6.65834e-05, -0.00030218, -0.000310515, -0.00100993, 0.511106, 0.49607, -0.530184, -1.85257, 0.306664, 1.71798, 0.714486, -0.000872114, -0.000501932, -7.55892e-05, -0.00054132, -0.000399158, 0.000457307, 0.000234244
30844, 10.0329, 0.0195527, 0.00253639, 0.0747377, -0.147798, 0.454562, -0.710825, 5.07121e-06, -2.5912e-05, -1.28121e-05, 0.040346, 0.411309, 0.012632, 0.518771, 0.0373294, 0.169349, 0.528662, -0.755767, -0.386435, -0.675896, -0.650208, 0.346979, -0.513499, 0.0777556, -0.85456, 0.000244222, 7.77415e-05, 0.000123927, 0.000600281, -0.000569218, 0.00206592, 0.511108, 0.496073, -0.530192, -1.85257, 0.306666, 1.71797, 0.714482, 0.000677149, 0.000381267, -0.000590256, 0.000782708, -4.60802e-05, -0.000144673, -0.00197918
41067, 10.0429, 0.01955, 0.00254329, 0.0747335, -0.147802, 0.454563, -0.710819, 5.0754e-06, -2.64548e-05, -1.30344e-05, 0.040346, 0.411309, 0.012632, 0.518768, 0.0373363, 0.169345, 0.528669, -0.755763, -0.386435, -0.675889, -0.650214, 0.346981, -0.513501, 0.0777492, -0.854559, -0.000612386, -8.73752e-05, -0.000629558, -0.00312089, 0.00205485, -0.00457486, 0.511116, 0.496073, -0.530184, -1.85258, 0.306665, 1.71798, 0.714486, 0.000613996, 0.000550826, -0.000472907, -0.00138431, 6.01234e-05, 5.15124e-05, 0.00515096
51401, 10.0529, 0.0195517, 0.00254016, 0.0747354, -0.147801, 0.454565, -0.71082, 5.65154e-06, -2.66289e-05, -1.33656e-05, 0.040346, 0.411309, 0.012632, 0.51877, 0.0373332, 0.169346, 0.528665, -0.755764, -0.386438, -0.675891, -0.650212, 0.346982, -0.513503, 0.0777526, -0.854558, 0.000582468, -0.000145497, 0.000498431, 0.00010973, -0.00122102, -0.000411094, 0.511108, 0.496076, -0.530184, -1.85257, 0.306665, 1.71797, 0.714484, -0.000842075, -0.000116923, 0.00027451, 0.00153258, -4.71248e-05, -0.000282456, 0.000242139
61615, 10.0629, 0.0195521, 0.00254102, 0.0747366, -0.147801, 0.454563, -0.710823, 5.21348e-06, -2.64876e-05, -1.31101e-05, 0.040346, 0.411309, 0.012632, 0.51877, 0.037334, 0.169348, 0.528663, -0.755766, -0.386436, -0.675893, -0.650209, 0.346982, -0.513501, 0.077753, -0.854559, 0.000739158, -0.000823174, 0.00074205, -0.000191507, -0.00191257, -0.0023678, 0.511111, 0.496074, -0.530186, -1.85257, 0.306666, 1.71797, 0.714488, -0.00136469, -0.000530409, -0.000616777, 0.0014125, 0.000204024, -3.01396e-05, 0.000784071
71823, 10.0729, 0.0195516, 0.0025419, 0.0747354, -0.147801, 0.454566, -0.710818, 5.9216e-06, -2.63232e-05, -1.33636e-05, 0.040346, 0.411309, 0.012632, 0.51877, 0.0373349, 0.169346, 0.528668, -0.755761, -0.386439, -0.675888, -0.650215, 0.346981, -0.513503, 0.077752, -0.854558, 0.000600361, 1.87009e-05, 0.000333637, -8.79359e-05, -0.0010299, -0.000536409, 0.511111, 0.496076, -0.530184, -1.85257, 0.306666, 1.71797, 0.714482, -0.000534666, 0.000379346, 0.000221453, 0.00174449, 0.00023679, -0.000272684, 0.000541405
82046, 10.0839, 0.0195534, 0.00254007, 0.0747336, -0.147801, 0.45456, -0.710821, 4.43369e-06, -2.58672e-05, -1.25056e-05, 0.040346, 0.411309, 0.012632, 0.518771, 0.0373331, 0.169345, 0.528669, -0.755764, -0.386433, -0.675892, -0.650212, 0.346979, -0.513497, 0.0777498, -0.854562, 1.91793e-05, 9.69201e-05, -0.000519068, 0.000886783, 0.000321948, 0.00279503, 0.511108, 0.496079, -0.530183, -1.85257, 0.306665, 1.71798, 0.714483, 6.90505e-05, 0.00130256, 0.000258689, 0.000427671, 3.45361e-06, 0.000244456, -0.00280326
92308, 10.0939, 0.0195498, 0.00254046, 0.0747321, -0.147804, 0.454564, -0.710823, 4.9807e-06, -2.72435e-05, -1.33118e-05, 0.040346, 0.411309, 0.012632, 0.518768, 0.0373335, 0.169343, 0.528663, -0.755767, -0.386435, -0.675892, -0.650208, 0.346985, -0.513503, 0.0777505, -0.854558, -0.00139821, 0.000321981, -0.00132016, -0.00061321, 0.00383069, -3.77345e-05, 0.511111, 0.496076, -0.530184, -1.85258, 0.306665, 1.71798, 0.714488, 0.000495322, 0.000704626, 0.000800495, -0.00299796, -0.00017181, -4.27774e-05, 0.000731204
102517, 10.1039, 0.0195481, 0.00253734, 0.0747332, -0.147804, 0.45457, -0.710822, 6.25227e-06, -2.81174e-05, -1.42417e-05, 0.040346, 0.411309, 0.012632, 0.518766, 0.0373303, 0.169344, 0.528658, -0.755768, -0.386441, -0.675891, -0.650207, 0.346989, -0.513509, 0.0777536, -0.854554, -0.000251687, -0.00165895, -0.00027691, -0.00147243, 0.000922688, -0.00431155, 0.511111, 0.496076, -0.530191, -1.85258, 0.306666, 1.71797, 0.714483, -0.00138553, 0.000363823, -0.00163754, -0.000920225, 0.000153358, -8.22535e-06, 0.00136481
112846, 10.1139, 0.0195477, 0.00253968, 0.0747325, -0.147807, 0.45457, -0.710822, 5.96508e-06, -2.88387e-05, -1.44047e-05, 0.040346, 0.411309, 0.012632, 0.518766, 0.0373327, 0.169343, 0.528658, -0.755768, -0.386439, -0.67589, -0.650207, 0.346992, -0.513511, 0.0777505, -0.854553, -0.00020248, -0.000341388, 9.15916e-05, -0.00375925, -0.00216545, -0.0078197, 0.511111, 0.496071, -0.530185, -1.85257, 0.306666, 1.71798, 0.714491, -0.000195915, -0.00195509, 0.00076558, 0.00130741, 0.000104834, 0.000135847, 0.0100004
123127, 10.1249, 0.0195481, 0.0025397, 0.0747338, -0.147802, 0.45457, -0.710823, 6.41059e-06, -2.78485e-05, -1.42041e-05, 0.040346, 0.411309, 0.012632, 0.518766, 0.0373327, 0.169345, 0.528656, -0.755768, -0.386441, -0.675893, -0.650206, 0.346988, -0.513509, 0.0777557, -0.854554, -0.000221943, -0.000373202, 0.000306041, 2.92661e-05, -7.66483e-05, -0.00331298, 0.511108, 0.496073, -0.530184, -1.85258, 0.306666, 1.71797, 0.714489, -0.00130235, -0.00157362, 0.000435659, -0.00126773, 0.000353973, 0.000160342, 0.00218112
133366, 10.1349, 0.0195506, 0.00254119, 0.0747325, -0.147809, 0.454567, -0.710818, 5.29853e-06, -2.84876e-05, -1.39607e-05, 0.040346, 0.411309, 0.012632, 0.518769, 0.0373342, 0.169344, 0.528665, -0.755765, -0.386436, -0.675886, -0.650212, 0.34699, -0.513509, 0.0777455, -0.854555, 0.000122202, 0.000412083, -0.000168245, 0.000438261, -6.77521e-05, 0.0020071, 0.511111, 0.496082, -0.530183, -1.85257, 0.306662, 1.71797, 0.714487, 0.000528732, 0.000701294, 0.000265381, 0.000631401, -1.83435e-06, 3.00944e-05, -0.00127734
143589, 10.1449, 0.0195517, 0.00254354, 0.0747359, -0.147801, 0.454566, -0.710815, 5.97926e-06, -2.60312e-05, -1.32711e-05, 0.040346, 0.411309, 0.012632, 0.51877, 0.0373365, 0.169347, 0.528671, -0.755759, -0.386439, -0.675886, -0.650218, 0.34698, -0.513503, 0.0777509, -0.854558, 0.000321358, 0.0011479, 0.000591157, 0.00143543, -0.00135739, 0.00253418, 0.511114, 0.496075, -0.530184, -1.85257, 0.306666, 1.71797, 0.714481, 0.000833515, -0.00101905, 0.0010484, 0.000727589, 9.02579e-05, -6.61154e-05, -0.000774402
153813, 10.1549, 0.0195495, 0.00254071, 0.0747315, -0.147805, 0.454564, -0.710821, 5.0647e-06, -2.7467e-05, -1.34405e-05, 0.040346, 0.411309, 0.012632, 0.518768, 0.0373337, 0.169343, 0.528664, -0.755766, -0.386435, -0.67589, -0.65021, 0.346986, -0.513504, 0.077749, -0.854557, -0.000392766, 0.000619066, -1.7285e-06, -0.000345802, 0.000925177, 0.000469682, 0.511111, 0.496077, -0.530183, -1.85258, 0.306664, 1.71798, 0.714487, 0.000630997, -0.000603798, 0.000752493, -0.000731312, -0.000534054, -0.00041282, 0.00115223
164037, 10.1659, 0.0195485, 0.00254105, 0.0747281, -0.147808, 0.454568, -0.710821, 5.53463e-06, -2.86124e-05, -1.41181e-05, 0.040346, 0.411309, 0.012632, 0.518767, 0.0373341, 0.169339, 0.528661, -0.755767, -0.386437, -0.675889, -0.650209, 0.346991, -0.513509, 0.077748, -0.854554, -0.00095806, 0.00278931, -0.00152226, -0.00101098, 0.00335755, 0.00384663, 0.511111, 0.496084, -0.530182, -1.85258, 0.306666, 1.71798, 0.714487, 0.00472658, 0.00245899, 0.000937963, -0.00088915, 0.000620887, -0.000116003, 0.00127908
174353, 10.1759, 0.019549, 0.00253913, 0.0747292, -0.147806, 0.454567, -0.710822, 5.4731e-06, -2.81411e-05, -1.38989e-05, 0.040346, 0.411309, 0.012632, 0.518767, 0.0373321, 0.16934, 0.52866, -0.755768, -0.386437, -0.675891, -0.650207, 0.346989, -0.513507, 0.0777504, -0.854555, -0.000263818, -0.00148412, -0.000663341, 0.00184506, 0.00121558, 0.000441064, 0.511108, 0.496082, -0.530183, -1.85258, 0.306666, 1.71798, 0.714486, -0.00278087, 0.00112367, 3.52759e-05, -0.000447647, 0.000338101, -0.000159772, -0.00411457
184580, 10.1859, 0.0195514, 0.00254229, 0.0747351, -0.147806, 0.454564, -0.71082, 4.95517e-06, -2.75576e-05, -1.34278e-05, 0.040346, 0.411309, 0.012632, 0.518769, 0.0373353, 0.169346, 0.528666, -0.755765, -0.386435, -0.675889, -0.650211, 0.346986, -0.513504, 0.0777472, -0.854558, 0.000306866, 0.000281512, 0.00029284, 9.85782e-05, -0.000784053, -0.000288957, 0.511114, 0.496077, -0.530185, -1.85257, 0.306663, 1.71797, 0.714489, 0.000183302, -0.000162846, 7.9736e-05, 0.000739193, 0.000336329, -5.56239e-05, 0.000590835
194803, 10.1959, 0.0195515, 0.00254131, 0.0747349, -0.147801, 0.454566, -0.710819, 5.88422e-06, -2.66769e-05, -1.34903e-05, 0.040346, 0.411309, 0.012632, 0.518769, 0.0373343, 0.169346, 0.528665, -0.755763, -0.386439, -0.675889, -0.650213, 0.346982, -0.513504, 0.0777525, -0.854557, 0.000234919, 0.000325034, 0.000285468, 0.000283714, -0.000790343, -0.000385444, 0.511109, 0.496077, -0.530183, -1.85257, 0.306666, 1.71797, 0.714484, -6.21074e-05, -0.000453496, 0.000434817, 0.000404117, 0.000324051, 0.000117208, 0.000698598
205047, 10.2069, 0.0195509, 0.00253787, 0.0747328, -0.147808, 0.454567, -0.710819, 5.2808e-06, -2.82591e-05, -1.38599e-05, 0.040346, 0.411309, 0.012632, 0.518769, 0.0373309, 0.169344, 0.528665, -0.755765, -0.386436, -0.675887, -0.650211, 0.346989, -0.513508, 0.0777463, -0.854556, -0.000172942, -0.00183878, -0.000682116, -0.000275811, 0.00100129, -0.00092386, 0.511108, 0.496082, -0.530186, -1.85257, 0.306661, 1.71797, 0.714482, -0.00205507, 0.00139644, -0.00104653, -0.000421303, -0.000345423, 0.000255151, -0.00225848
215272, 10.2169, 0.0195509, 0.00254245, 0.0747332, -0.147804, 0.454569, -0.710815, 6.3429e-06, -2.7023e-05, -1.38383e-05, 0.040346, 0.411309, 0.012632, 0.518769, 0.0373354, 0.169344, 0.528669, -0.755759, -0.386441, -0.675884, -0.650218, 0.346984, -0.513507, 0.0777496, -0.854556, -7.63525e-05, -0.000444415, -0.000361881, 0.0009096, 0.000695118, 0.000887244, 0.51111, 0.49608, -0.530181, -1.85257, 0.306665, 1.71797, 0.71448, -0.00194222, 0.000602509, 0.0012439, 0.000158694, -0.000314887, -0.000130391, -0.0017521
225496, 10.2269, 0.0195499, 0.0025406, 0.0747319, -0.1478, 0.454565, -0.710818, 5.94249e-06, -2.61274e-05, -1.32936e-05, 0.040346, 0.411309, 0.012632, 0.518768, 0.0373336, 0.169343, 0.528667, -0.755762, -0.386439, -0.675889, -0.650214, 0.34698, -0.513503, 0.0777533, -0.854558, -2.18757e-05, 0.00194907, 9.28202e-05, 0.00823274, -0.0013743, -0.00420763, 0.511113, 0.496077, -0.530187, -1.85258, 0.306669, 1.71798, 0.714478, 0.000890755, -0.000978326, -0.000448082, -0.00128871, 0.00934887, 0.000293896, -0.00184548
235724, 10.2369, 0.0195519, 0.00254084, 0.0747363, -0.1478, 0.454564, -0.710821, 5.55226e-06, -2.63683e-05, -1.32149e-05, 0.040346, 0.411309, 0.012632, 0.51877, 0.0373338, 0.169347, 0.528665, -0.755764, -0.386438, -0.675892, -0.650211, 0.346981, -0.513502, 0.0777533, -0.854558, 0.000326412, 0.000524815, 0.000763159, 0.000927724, -0.00157431, 0.000188704, 0.511108, 0.496074, -0.530183, -1.85257, 0.306665, 1.71797, 0.714486, 0.000454216, -0.00143305, 0.000135636, 0.000341896, 0.000383967, -6.22687e-06, 0.000259419
246030, 10.2479, 0.0195533, 0.00253896, 0.0747331, -0.147801, 0.45456, -0.710823, 4.29775e-06, -2.62464e-05, -1.25981e-05, 0.040346, 0.411309, 0.012632, 0.518771, 0.037332, 0.169344, 0.528666, -0.755766, -0.386432, -0.675894, -0.650209, 0.346981, -0.513498, 0.0777504, -0.854561, 0.000214569, -0.000813177, -0.000203252, -0.000488639, -0.000153843, -0.00165284, 0.511106, 0.49608, -0.530183, -1.85257, 0.306665, 1.71798, 0.714485, -0.00132417, 0.000751191, -0.000229454, 0.000452324, 0.000134951, 0.000317234, 0.000178274
256261, 10.2579, 0.0195517, 0.00253974, 0.0747352, -0.147801, 0.454565, -0.71082, 5.7451e-06, -2.65787e-05, -1.33876e-05, 0.040346, 0.411309, 0.012632, 0.51877, 0.0373327, 0.169346, 0.528665, -0.755764, -0.386438, -0.67589, -0.650212, 0.346982, -0.513503, 0.0777528, -0.854558, 0.000989752, 0.00154339, 0.000790968, 0.00196371, -0.00252922, 0.00395075, 0.511109, 0.496077, -0.530186, -1.85257, 0.306666, 1.71797, 0.714482, 0.000172124, -0.000386242, 0.00222084, 0.00277922, 4.029e-05, -0.000100787, -0.00138455
266588, 10.2679, 0.0195475, 0.0025398, 0.0747317, -0.147804, 0.454573, -0.710816, 7.1778e-06, -2.7964e-05, -1.45979e-05, 0.040346, 0.411309, 0.012632, 0.518765, 0.0373328, 0.169343, 0.528663, -0.755762, -0.386445, -0.675885, -0.650214, 0.346988, -0.513512, 0.0777523, -0.854552, -5.24586e-05, -0.000151706, 0.000365068, 0.000783194, -0.000449594, 0.00116974, 0.511111, 0.496078, -0.530186, -1.85258, 0.306666, 1.71797, 0.714478, 0.000548636, -0.000837423, -0.00084847, -0.000412712, -0.000151399, -0.000185363, -0.00160499
276828, 10.2779, 0.019547, 0.00253753, 0.0747301, -0.147809, 0.454573, -0.71082, 6.34617e-06, -2.95579e-05, -1.4869e-05, 0.040346, 0.411309, 0.012632, 0.518765, 0.0373305, 0.169341, 0.528658, -0.755767, -0.386441, -0.675887, -0.650208, 0.346995, -0.513515, 0.077749, -0.854551, 0.000380225, -0.000798067, 0.000134713, -0.000374685, -0.000838446, -0.000177311, 0.511111, 0.496082, -0.530189, -1.85258, 0.306664, 1.71797, 0.714483, 0.000139872, 0.000621126, -0.00171071, 0.000826745, 2.78902e-05, 8.59745e-05, -0.00117648
287151, 10.2889, 0.0195511, 0.00253649, 0.0747332, -0.147807, 0.454566, -0.710821, 5.17688e-06, -2.81168e-05, -1.37551e-05, 0.040346, 0.411309, 0.012632, 0.518769, 0.0373295, 0.169344, 0.528663, -0.755766, -0.386436, -0.675889, -0.65021, 0.346989, -0.513507, 0.0777476, -0.854556, -8.28151e-05, -0.00127924, -0.000144724, 1.78377e-05, 0.000752453, -0.00107291, 0.511108, 0.496082, -0.530189, -1.85257, 0.306662, 1.71797, 0.714481, -0.00121894, 0.000642286, -0.00118935, 4.0349e-05, 6.80862e-06, -0.000626189, -0.00139515
297388, 10.2989, 0.0195465, 0.00254027, 0.0747289, -0.147809, 0.454575, -0.710817, 7.17025e-06, -2.94535e-05, -1.51993e-05, 0.040346, 0.411309, 0.012632, 0.518765, 0.0373333, 0.16934, 0.528659, -0.755764, -0.386445, -0.675884, -0.650212, 0.346995, -0.513517, 0.0777499, -0.85455, 5.95419e-05, 0.00120512, 7.16759e-05, 0.00158512, -0.000231549, 0.00302403, 0.511109, 0.496083, -0.530182, -1.85258, 0.306665, 1.71797, 0.714483, 0.000465266, -0.000208328, 0.00166402, 0.000477822, 0.000142314, -0.000144544, -0.00125511
307645, 10.3089, 0.0195537, 0.00253704, 0.0747338, -0.147802, 0.454557, -0.710828, 3.58498e-06, -2.6529e-05, -1.23906e-05, 0.040346, 0.411309, 0.012632, 0.518772, 0.03733, 0.169345, 0.528661, -0.755771, -0.386429, -0.675899, -0.650204, 0.346982, -0.513496, 0.0777509, -0.854562, 0.000333237, -0.00124801, 0.000770108, -0.000243294, -0.00175454, -0.00267659, 0.511108, 0.49608, -0.530189, -1.85257, 0.306666, 1.71798, 0.714488, -0.000885786, -0.00147436, -0.0016422, -0.000278522, -3.36783e-05, 0.000393934, 0.00035639
317880, 10.3189, 0.0195506, 0.00254187, 0.074732, -0.147808, 0.454574, -0.710819, 6.88947e-06, -2.94238e-05, -1.50603e-05, 0.040346, 0.411309, 0.012632, 0.518765, 0.0373324, 0.16934, 0.528658, -0.755766, -0.386443, -0.675886, -0.65021, 0.346995, -0.513516, 0.0777502, -0.85455, -8.81982e-05, -0.000850537, -7.68671e-05, 0.000385697, 0.000237349, -0.000569895, 0.511111, 0.496083, -0.530186, -1.85258, 0.306666, 1.71797, 0.714483, -0.00103951, 5.9134e-05, -0.000535646, -0.000355584, 1.89603e-05, -6.34624e-05, -0.0012158
328116, 10.3299, 0.0195531, 0.00253837, 0.074732, -0.147803, 0.45456, -0.710825, 4.09913e-06, -2.68928e-05, -1.27707e-05, 0.040346, 0.411309, 0.012632, 0.518771, 0.0373314, 0.169343, 0.528663, -0.755769, -0.386431, -0.675895, -0.650207, 0.346983, -0.513499, 0.0777494, -0.85456, 0.000259054, 0.000446584, -0.000181836, -0.000209967, -0.000208391, -0.000691843, 0.511108, 0.496083, -0.530186, -1.85257, 0.306666, 1.71798, 0.714486, -0.00081104, 0.000561402, 0.00152147, 0.000838755, 0.000273672, 0.000320563, 0.00146127
338495, 10.3399, 0.0195462, 0.00254082, 0.0747281, -0.14781, 0.454576, -0.710818, 7.06984e-06, -2.99316e-05, -1.5348e-05, 0.040346, 0.411309, 0.012632, 0.518764, 0.0373338, 0.169339, 0.528658, -0.755766, -0.386444, -0.675884, -0.65021, 0.346997, -0.513518, 0.0777491, -0.854549, -0.000849604, 0.000288434, -0.00121069, 0.0013592, 0.00287093, 0.00352325, 0.511111, 0.496085, -0.530183, -1.85258, 0.306666, 1.71797, 0.714485, 0.000312824, 0.00172294, 0.000623796, -0.00114809, 0.000129192, -0.000407048, -0.00353913
348725, 10.3499, 0.0195492, 0.00254085, 0.0747301, -0.147805, 0.454566, -0.710821, 5.43185e-06, -2.77315e-05, -1.3714e-05, 0.040346, 0.411309, 0.012632, 0.518767, 0.0373338, 0.169341, 0.528663, -0.755766, -0.386437, -0.67589, -0.65021, 0.346987, -0.513506, 0.0777497, -0.854556, -4.1123e-05, 0.00227066, 3.23124e-05, 3.53592e-05, -0.000781571, 0.00411711, 0.511111, 0.49608, -0.530183, -1.85258, 0.306666, 1.71798, 0.714486, 0.00376017, -0.000438823, 0.000706157, -0.000239776, -0.000170392, 0.00085938, 0.000377886
358937, 10.3599, 0.0195495, 0.00253868, 0.0747314, -0.147806, 0.454564, -0.710819, 4.9541e-06, -2.75746e-05, -1.34342e-05, 0.040346, 0.411309, 0.012632, 0.518768, 0.0373317, 0.169342, 0.528666, -0.755765, -0.386435, -0.675889, -0.650212, 0.346986, -0.513505, 0.077747, -0.854558, -0.000802554, -0.000753695, -0.000388054, -1.87614e-05, 0.00161843, -0.000756536, 0.511111, 0.496078, -0.530186, -1.85258, 0.306662, 1.71798, 0.714482, -8.90918e-05, -0.000430629, -0.000965074, -0.00229523, -0.000171634, -2.68701e-05, -0.000730584
369135, 10.3709, 0.0195473, 0.00253963, 0.0747314, -0.147805, 0.454573, -0.71082, 6.81196e-06, -2.86295e-05, -1.47027e-05, 0.040346, 0.411309, 0.012632, 0.518765, 0.0373326, 0.169342, 0.528658, -0.755766, -0.386443, -0.675888, -0.65021, 0.346991, -0.513513, 0.0777526, -0.854552, -0.000195532, 0.000460999, 0.000508015, -0.000328583, -0.000308628, -0.000284801, 0.511108, 0.496078, -0.530183, -1.85258, 0.306665, 1.71797, 0.714485, 0.00112145, -0.00160336, -0.000200688, -0.000899762, -0.000357216, -0.00010522, 0.00145164
379331, 10.3809, 0.0195529, 0.00253771, 0.0747319, -0.147806, 0.454559, -0.710822, 3.79675e-06, -2.72189e-05, -1.27664e-05, 0.040346, 0.411309, 0.012632, 0.518771, 0.0373307, 0.169343, 0.528667, -0.755766, -0.38643, -0.675891, -0.65021, 0.346985, -0.5135, 0.0777448, -0.85456, 2.9615e-05, -0.00064324, -0.000185972, -0.000578982, 0.000375645, -0.00069857, 0.511111, 0.496084, -0.530189, -1.85257, 0.306663, 1.71798, 0.714482, 0.000274081, 0.000939127, -0.00151237, 0.00029318, 0.000245387, -0.000269665, -0.000521957
389528, 10.3909, 0.0195459, 0.00254028, 0.0747271, -0.147812, 0.454577, -0.710815, 7.11899e-06, -3.03421e-05, -1.5537e-05, 0.040346, 0.411309, 0.012632, 0.518764, 0.0373333, 0.169338, 0.52866, -0.755764, -0.386444, -0.675881, -0.650212, 0.346999, -0.51352, 0.0777463, -0.854548, -0.000227506, 6.51793e-05, -0.000847204, -0.000520079, 0.00133743, 0.0013418, 0.511111, 0.496087, -0.530183, -1.85258, 0.306664, 1.71797, 0.714482, 0.000522216, 0.00184424, -8.19189e-05, 5.48162e-05, -7.93899e-05, 0.00013601, -0.000967166
399722, 10.4009, 0.0195506, 0.00254232, 0.0747328, -0.147807, 0.454569, -0.710813, 6.02306e-06, -2.76216e-05, -1.39367e-05, 0.040346, 0.411309, 0.012632, 0.518769, 0.0373353, 0.169344, 0.528671, -0.755759, -0.38644, -0.675882, -0.650219, 0.346987, -0.513508, 0.0777457, -0.854555, -0.000116528, -0.00101523, 0.000205418, -0.00145564, -9.81022e-05, 0.0162192, 0.511111, 0.496081, -0.530181, -1.85257, 0.306662, 1.71797, 0.71448, 0.000441994, -0.00024822, 0.000934916, 0.000566377, -0.00953479, 1.40372e-05, -0.0102111
409919, 10.4119, 0.0195527, 0.00254131, 0.0747317, -0.147804, 0.454561, -0.710819, 4.43792e-06, -2.67735e-05, -1.28755e-05, 0.040346, 0.411309, 0.012632, 0.518771, 0.0373343, 0.169343, 0.528669, -0.755764, -0.386433, -0.675889, -0.650213, 0.346983, -0.5135, 0.0777466, -0.85456, 0.000149865, -0.000136532, 0.000222096, 0.000135621, -0.000936564, 0.00050181, 0.511111, 0.496083, -0.530183, -1.85257, 0.306665, 1.71798, 0.714484, -0.000308945, -0.000639796, 0.000188575, -0.00013535, -0.00048826, 0.000593447, -0.000421511
420115, 10.4219, 0.0195506, 0.00254187, 0.074732, -0.147805, 0.454569, -0.710816, 6.16457e-06, -2.77312e-05, -1.40452e-05, 0.040346, 0.411309, 0.012632, 0.518769, 0.0373349, 0.169343, 0.528666, -0.755762, -0.38644, -0.675885, -0.650215, 0.346987, -0.513509, 0.077749, -0.854555, 0.000316877, 0.000478552, 0.00052316, 0.000836758, -0.00133086, 0.000873369, 0.511111, 0.496083, -0.530183, -1.85257, 0.306666, 1.71797, 0.714482, 0.000106696, -0.000949374, 0.000575896, 0.000470432, 4.91287e-05, 0.000160184, -0.000207043
430313, 10.4319, 0.0195501, 0.00254163, 0.0747306, -0.147809, 0.454569, -0.71082, 5.67841e-06, -2.89558e-05, -1.43226e-05, 0.040346, 0.411309, 0.012632, 0.518768, 0.0373346, 0.169342, 0.52866, -0.755767, -0.386438, -0.675888, -0.650209, 0.346993, -0.513511, 0.0777477, -0.854554, -4.60175e-05, 0.0015402, 9.59009e-05, -0.000281017, -1.09387e-05, 0.00133585, 0.511111, 0.496086, -0.530183, -1.85257, 0.306666, 1.71797, 0.714489, 0.00194318, -0.000308, 0.000923768, 0.000152559, 3.81638e-05, -6.63035e-05, 0.00167512
440513, 10.4419, 0.0195452, 0.00254448, 0.0747257, -0.147814, 0.454579, -0.710812, 7.53169e-06, -3.0755e-05, -1.58912e-05, 0.040346, 0.411309, 0.012632, 0.518763, 0.0373375, 0.169337, 0.528662, -0.755762, -0.386446, -0.675878, -0.650215, 0.347, -0.513523, 0.0777444, -0.854547, -0.000254637, 0.000146558, -0.000799205, 2.72235e-05, 0.00154771, -0.00128887, 0.511114, 0.496089, -0.530178, -1.85258, 0.306665, 1.71797, 0.714485, -0.00194592, 0.00111745, 0.00226132, -0.000103268, 0.000386137, 0.000100558, 0.00124156
450896, 10.4529, 0.0195522, 0.0025386, 0.0747292, -0.147807, 0.454562, -0.710824, 4.2581e-06, -2.80773e-05, -1.33236e-05, 0.040346, 0.411309, 0.012632, 0.51877, 0.0373316, 0.16934, 0.528661, -0.75577, -0.386432, -0.675893, -0.650206, 0.346989, -0.513504, 0.0777473, -0.854558, -0.00032664, -0.00175922, -0.000810833, -0.000769625, 0.00209257, -0.00472556, 0.511109, 0.496089, -0.530186, -1.85257, 0.306667, 1.71798, 0.714487, -0.0036746, 0.00137256, 0.000392506, -0.000442469, 0.000412553, -0.000340835, 0.0011971
461112, 10.4629, 0.0195499, 0.00254033, 0.0747295, -0.14781, 0.45457, -0.710819, 5.75776e-06, -2.92976e-05, -1.44973e-05, 0.040346, 0.411309, 0.012632, 0.518768, 0.0373333, 0.169341, 0.528661, -0.755766, -0.386438, -0.675886, -0.65021, 0.346994, -0.513512, 0.0777462, -0.854553, -7.84426e-05, -0.000461303, -0.000528324, -0.00119533, 0.000616515, -0.000594502, 0.511112, 0.496089, -0.530186, -1.85257, 0.306666, 1.71797, 0.714485, 0.000432216, 0.00129136, -0.0010686, -7.22285e-05, -1.50897e-05, 0.000345246, 9.62773e-05
471463, 10.4729, 0.0195523, 0.00254126, 0.0747303, -0.147806, 0.454562, -0.71082, 4.53501e-06, -2.73437e-05, -1.31509e-05, 0.040346, 0.411309, 0.012632, 0.51877, 0.0373343, 0.169341, 0.528667, -0.755765, -0.386433, -0.675889, -0.650211, 0.346985, -0.513503, 0.0777463, -0.854559, 0.00025824, -0.000473172, 5.40744e-05, 0.000316215, -0.00031254, -0.00108956, 0.511111, 0.496086, -0.530183, -1.85257, 0.306666, 1.71798, 0.714485, -0.00118706, 0.000331593, 4.30395e-05, 0.00069824, 0.000419172, -0.000137299, -0.000187994
481783, 10.4829, 0.0195532, 0.0025399, 0.074733, -0.147803, 0.454559, -0.710821, 4.17926e-06, -2.6353e-05, -1.25878e-05, 0.040346, 0.411309, 0.012632, 0.518771, 0.0373329, 0.169344, 0.528669, -0.755765, -0.386431, -0.675891, -0.650212, 0.346981, -0.513498, 0.0777477, -0.854561, 0.000422652, 0.00186524, 0.000831337, 0.000675034, -0.00179433, 0.00409873, 0.511111, 0.496081, -0.530186, -1.85257, 0.306665, 1.71798, 0.714483, 0.00362352, -0.000943001, -0.000370787, 0.0011258, -2.82449e-05, -0.000253039, -0.000602097
492230, 10.4939, 0.0195528, 0.00253586, 0.0747308, -0.147806, 0.45456, -0.710827, 3.85039e-06, -2.76892e-05, -1.29816e-05, 0.040346, 0.411309, 0.012632, 0.518771, 0.0373289, 0.169342, 0.52866, -0.755771, -0.38643, -0.675896, -0.650204, 0.346987, -0.513501, 0.0777484, -0.85456, 2.77915e-05, -0.00405412, -0.000487874, -0.000788876, 0.000774254, -0.00803937, 0.511106, 0.496086, -0.530188, -1.85257, 0.306665, 1.71798, 0.714486, -0.00704519, 0.000730552, -0.000548153, -0.000627859, 8.44953e-05, 0.000366403, 0.000363054
502573, 10.5039, 0.0195526, 0.00254268, 0.0747317, -0.147806, 0.454562, -0.710816, 4.5593e-06, -2.66432e-05, -1.28775e-05, 0.040346, 0.411309, 0.012632, 0.518771, 0.0373357, 0.169343, 0.528674, -0.75576, -0.386433, -0.675885, -0.650217, 0.346982, -0.513501, 0.077744, -0.85456, -0.00018799, 0.0036959, -0.000393661, 0.00372664, 0.00059568, 0.00777106, 0.511114, 0.496083, -0.530183, -1.85257, 0.306664, 1.71798, 0.714481, 0.000268528, -0.000229155, 0.00665884, 0.000659094, -5.93969e-05, -8.69575e-06, -0.00169663
512883, 10.5139, 0.019551, 0.00254097, 0.0747333, -0.147804, 0.454567, -0.710817, 5.90591e-06, -2.73106e-05, -1.37575e-05, 0.040346, 0.411309, 0.012632, 0.518769, 0.037334, 0.169344, 0.528671, -0.755761, -0.386434, -0.675887, -0.650215, 0.346981, -0.5135, 0.0777465, -0.85456, -0.000159859, 0.000657718, -0.000137141, 0.000815321, 8.59813e-05, 0.00190881, 0.511113, 0.496083, -0.530183, -1.85257, 0.306666, 1.71798, 0.714482, 0.000492041, -0.000195047, 0.000842954, -0.000432288, -2.89853e-05, 0.000298377, -0.000887351
523233, 10.5249, 0.01955, 0.00254248, 0.0747306, -0.147808, 0.454571, -0.710814, 6.26955e-06, -2.83024e-05, -1.43246e-05, 0.040346, 0.411309, 0.012632, 0.518768, 0.0373355, 0.169342, 0.528668, -0.75576, -0.386441, -0.675882, -0.650217, 0.34699, -0.513511, 0.0777457, -0.854554, 0.000161325, 0.00127131, -9.42566e-06, 0.000176856, -0.000327277, 0.00295387, 0.511113, 0.496086, -0.530183, -1.85257, 0.306665, 1.71797, 0.71448, 0.00206708, 0.000484923, 0.000309647, 0.000829885, 3.82312e-06, -2.14315e-05, -0.000488378
533534, 10.5349, 0.0195529, 0.00253974, 0.074732, -0.147805, 0.45456, -0.710823, 3.98564e-06, -2.70241e-05, -1.27727e-05, 0.040346, 0.411309, 0.012632, 0.518771, 0.0373327, 0.169343, 0.528666, -0.755767, -0.386431, -0.675892, -0.650209, 0.346984, -0.5135, 0.0777468, -0.85456, 0.000484859, 0.000131255, 0.000612338, -0.00191824, -0.00121552, -0.00281546, 0.511111, 0.496083, -0.530186, -1.85257, 0.306665, 1.71798, 0.714486, 0.000428977, -0.000572627, -0.000374972, 0.00100029, -0.000161817, -2.40195e-05, 0.00381322
543847, 10.5449, 0.0195502, 0.00254007, 0.0747306, -0.147807, 0.45457, -0.71082, 5.99158e-06, -2.86071e-05, -1.43226e-05, 0.040346, 0.411309, 0.012632, 0.518768, 0.0373331, 0.169342, 0.528661, -0.755766, -0.386439, -0.675888, -0.65021, 0.346991, -0.513511, 0.0777493, -0.854554, 0.000133304, -0.000322202, 2.90654e-05, 0.000407184, -8.6365e-06, -0.000419607, 0.511108, 0.496086, -0.530183, -1.85257, 0.306666, 1.71797, 0.714485, 0.000296743, 0.000161001, -0.000808314, -0.00226199, -0.000100609, 0.000278496, -0.000517483
554199, 10.5559, 0.0195522, 0.00254263, 0.0747303, -0.147807, 0.454563, -0.710817, 4.5781e-06, -2.73006e-05, -1.31529e-05, 0.040346, 0.411309, 0.012632, 0.51877, 0.0373356, 0.169341, 0.528671, -0.755762, -0.386433, -0.675886, -0.650215, 0.346985, -0.513503, 0.0777438, -0.854559, 0.000143269, 0.00116859, 0.000407899, 0.00056693, -0.000551351, 0.00144149, 0.511114, 0.496086, -0.530183, -1.85257, 0.306665, 1.71798, 0.714483, 0.00105704, -0.000696087, 0.000926305, 0.000551782, 8.99216e-05, -0.000346198, 0.000587969
564503, 10.5659, 0.0195489, 0.00253894, 0.0747289, -0.147808, 0.454566, -0.710821, 5.15783e-06, -2.84415e-05, -1.38783e-05, 0.040346, 0.411309, 0.012632, 0.518767, 0.0373319, 0.16934, 0.528662, -0.755767, -0.386436, -0.675889, -0.650209, 0.34699, -0.513508, 0.0777471, -0.854556, -0.000358123, -0.000486563, -0.000203857, 0.000246027, 0.000299606, 5.32385e-06, 0.511114, 0.496084, -0.530189, -1.85258, 0.306666, 1.71798, 0.714483, 0.000275507, -0.000290567, -0.000994405, -0.00141995, 7.13298e-05, 0.000500368, -0.00115528
574810, 10.5759, 0.0195524, 0.00254145, 0.0747303, -0.147804, 0.454563, -0.710817, 5.03995e-06, -2.67765e-05, -1.3149e-05, 0.040346, 0.411309, 0.012632, 0.51877, 0.0373344, 0.169341, 0.52867, -0.755762, -0.386435, -0.675887, -0.650215, 0.346983, -0.513502, 0.0777473, -0.854559, -0.000512873, 0.00301924, -0.000845587, 0.00337397, 0.0014879, 0.00605119, 0.511111, 0.496086, -0.530183, -1.85257, 0.306667, 1.71798, 0.71448, 0.000320229, 0.000387254, 0.00533994, -0.000311988, 0.000630861, 0.000177463, -0.00176859
585151, 10.5869, 0.0195498, 0.00254579, 0.0747304, -0.147809, 0.454571, -0.710812, 6.34529e-06, -2.83819e-05, -1.43911e-05, 0.040346, 0.411309, 0.012632, 0.518768, 0.0373388, 0.169341, 0.52867, -0.755759, -0.386441, -0.67588, -0.650219, 0.34699, -0.513512, 0.0777444, -0.854553, 1.69605e-05, 0.00182048, -9.2712e-05, 0.0013313, -8.94157e-05, 0.00435452, 0.511117, 0.496086, -0.530181, -1.85257, 0.306666, 1.71797, 0.714483, 0.00191191, 0.000240266, 0.00145379, 0.000570391, 0.000176447, -4.33904e-05, -0.00133393
595504, 10.5969, 0.0195455, 0.00254087, 0.0747265, -0.147815, 0.454577, -0.710814, 7.03148e-06, -3.08459e-05, -1.57019e-05, 0.040346, 0.411309, 0.012632, 0.518764, 0.0373339, 0.169337, 0.528661, -0.755763, -0.386444, -0.675879, -0.650213, 0.347001, -0.513522, 0.0777437, -0.854547, -5.19225e-05, 0.000360569, -0.000491974, 0.000504977, 0.000527801, 0.00183607, 0.511111, 0.496088, -0.530181, -1.85258, 0.306662, 1.71797, 0.714483, -0.000208046, 0.000967043, 0.00103362, 0.000261607, -5.87791e-05, 0.00021935, -0.00120837
605810, 10.6069, 0.019552, 0.00254626, 0.0747307, -0.147807, 0.454563, -0.710812, 4.91618e-06, -2.68954e-05, -1.31413e-05, 0.040346, 0.411309, 0.012632, 0.51877, 0.0373393, 0.169342, 0.528676, -0.755757, -0.386435, -0.675881, -0.650221, 0.346983, -0.513503, 0.0777421, -0.854559, -6.56548e-05, 0.00188, -0.000173591, 0.00235272, -0.000153125, 0.00696413, 0.511116, 0.496084, -0.530178, -1.85257, 0.306664, 1.71798, 0.714483, 0.00185114, 0.00015871, 0.00185001, 0.000331996, -0.000323695, 0.000154127, -0.00374213
616166, 10.6179, 0.0195489, 0.00254039, 0.0747296, -0.147807, 0.454566, -0.71082, 5.30379e-06, -2.81117e-05, -1.38104e-05, 0.040346, 0.411309, 0.012632, 0.518767, 0.0373334, 0.169341, 0.528664, -0.755765, -0.386436, -0.675888, -0.650211, 0.346989, -0.513507, 0.0777474, -0.854556, 0.000106247, 0.000307281, 0.000496555, 0.000138074, -0.00079519, 0.000259527, 0.511111, 0.496081, -0.530183, -1.85258, 0.306664, 1.71798, 0.714485, 0.00023575, -0.00114313, 0.000311249, -3.20322e-05, -0.000354848, -8.9599e-06, 0.000548715
626523, 10.6279, 0.0195459, 0.00253851, 0.0747265, -0.147811, 0.454577, -0.710821, 7.17226e-06, -3.06695e-05, -1.5694e-05, 0.040346, 0.411309, 0.012632, 0.518764, 0.0373315, 0.169337, 0.528652, -0.755769, -0.386445, -0.675887, -0.650206, 0.347, -0.513521, 0.0777507, -0.854547, -0.000297692, -0.00184586, -0.000756879, -0.000136096, 0.00178076, -0.0040571, 0.511105, 0.496088, -0.530181, -1.85258, 0.306666, 1.71797, 0.714487, -0.00485846, 0.00089326, 0.00154334, -0.000579197, -6.57186e-05, -3.05615e-05, 0.000536231
636882, 10.6379, 0.0195503, 0.00254006, 0.0747309, -0.147812, 0.454574, -0.710823, 6.18589e-06, -3.06375e-05, -1.52349e-05, 0.040346, 0.411309, 0.012632, 0.518764, 0.0373316, 0.169339, 0.528653, -0.755771, -0.38644, -0.675889, -0.650204, 0.347, -0.513518, 0.0777482, -0.85455, 1.10062e-05, -0.00215034, -0.00013625, -0.00143165, 0.000634423, -0.0054597, 0.511113, 0.496086, -0.530189, -1.85258, 0.306666, 1.71797, 0.714489, -0.00304473, 0.000423755, -0.00102762, -0.000171651, 4.79658e-05, -0.000216081, 0.00168197
647230, 10.6489, 0.0195526, 0.00254244, 0.0747316, -0.147806, 0.454561, -0.710819, 4.19805e-06, -2.70104e-05, -1.28632e-05, 0.040346, 0.411309, 0.012632, 0.518771, 0.0373354, 0.169343, 0.52867, -0.755764, -0.386432, -0.675889, -0.650213, 0.346984, -0.513501, 0.0777448, -0.85456, -0.000376829, 0.00315074, 9.43544e-05, -0.00134009, 0.000625763, 0.00353523, 0.511116, 0.496084, -0.530186, -1.85257, 0.306666, 1.71798, 0.714485, 0.0065276, -0.000191136, -0.000536786, -0.000226389, 0.000167914, -0.000512833, 0.00275455
657607, 10.6589, 0.0195497, 0.00254139, 0.0747292, -0.14781, 0.454571, -0.710817, 6.21004e-06, -2.9047e-05, -1.46e-05, 0.040346, 0.411309, 0.012632, 0.518768, 0.0373344, 0.16934, 0.528663, -0.755764, -0.38644, -0.675884, -0.650213, 0.346993, -0.513513, 0.0777465, -0.854552, -0.000509397, 0.00229478, -0.000748764, 0.00192241, 0.00180893, 0.00483087, 0.511111, 0.496089, -0.530183, -1.85257, 0.306666, 1.71797, 0.714483, 0.000303556, 0.000572206, 0.00420442, -0.000149048, -8.8446e-05, -0.000251941, -0.000949429
667960, 10.6699, 0.0195476, 0.00254094, 0.0747257, -0.147814, 0.454571, -0.710815, 5.67384e-06, -2.97001e-05, -1.46227e-05, 0.040346, 0.411309, 0.012632, 0.518766, 0.0373339, 0.169337, 0.528666, -0.755763, -0.386438, -0.675881, -0.650214, 0.346996, -0.513514, 0.0777414, -0.854552, -0.00085294, 0.00347546, -0.000963781, 0.000424648, 0.00189295, 0.00777278, 0.511112, 0.496089, -0.530181, -1.85258, 0.306662, 1.71798, 0.714482, 0.00609221, 0.00105677, 0.000992403, -0.0011655, -2.94366e-05, 0.000301291, -0.00124842
678313, 10.6799, 0.0195493, 0.00254011, 0.0747278, -0.14781, 0.454573, -0.710815, 6.66339e-06, -2.92254e-05, -1.48775e-05, 0.040346, 0.411309, 0.012632, 0.518767, 0.0373331, 0.169339, 0.528664, -0.755762, -0.386442, -0.675882, -0.650215, 0.346994, -0.513515, 0.0777462, -0.854551, 0.000570445, 0.000825639, 8.51603e-05, 0.000893595, -0.001029, 0.00265684, 0.511109, 0.496092, -0.530183, -1.85257, 0.306666, 1.71797, 0.714478, 0.000397417, 0.000830611, 0.000906422, 0.00189241, 0.000221778, -4.95302e-06, -0.001344
688615, 10.6899, 0.0195503, 0.00254245, 0.0747316, -0.147809, 0.454568, -0.710818, 5.56676e-06, -2.86345e-05, -1.41416e-05, 0.040346, 0.411309, 0.012632, 0.518768, 0.0373354, 0.169343, 0.528665, -0.755764, -0.386438, -0.675885, -0.650212, 0.346991, -0.51351, 0.0777456, -0.854554, 8.20609e-05, 0.00342993, 0.000870844, 0.000288286, -0.00143127, 0.00628093, 0.511113, 0.496084, -0.530183, -1.85257, 0.306664, 1.71797, 0.714487, 0.00644758, -0.00156227, -4.29388e-05, 0.00040428, -0.000331857, -0.000253495, 0.00051019
698971, 10.7009, 0.0195524, 0.00254003, 0.0747303, -0.147807, 0.454562, -0.710822, 4.26494e-06, -2.76494e-05, -1.31529e-05, 0.040346, 0.411309, 0.012632, 0.51877, 0.037333, 0.169341, 0.528665, -0.755767, -0.386432, -0.675891, -0.650209, 0.346987, -0.513503, 0.0777463, -0.854559, 0.000332007, 0.000203729, 0.000114431, -0.000252891, -0.000426347, 0.000417642, 0.511109, 0.496086, -0.530183, -1.85257, 0.306665, 1.71798, 0.714487, -5.56873e-05, 0.000430559, 0.000360254, 0.00115342, -0.000167382, -0.00019301, 0.000264886
709279, 10.7109, 0.019547, 0.00253999, 0.0747304, -0.147807, 0.454574, -0.710818, 7.0098e-06, -2.88646e-05, -1.48876e-05, 0.040346, 0.411309, 0.012632, 0.518765, 0.037333, 0.169341, 0.52866, -0.755764, -0.386444, -0.675886, -0.650211, 0.346992, -0.513515, 0.0777512, -0.854551, -0.000518481, 6.54594e-05, -0.000205311, 7.12446e-05, 0.00113216, -0.000463721, 0.511109, 0.49608, -0.530183, -1.85258, 0.306665, 1.71797, 0.714483, -0.000500094, -0.000601256, 0.000846627, -0.0013315, -0.000271415, -8.2229e-05, 0.000655788
719639, 10.7209, 0.0195471, 0.00253885, 0.0747304, -0.147808, 0.454572, -0.710821, 6.40129e-06, -2.94326e-05, -1.48431e-05, 0.040346, 0.411309, 0.012632, 0.518765, 0.0373319, 0.169341, 0.528657, -0.755768, -0.386441, -0.675888, -0.650207, 0.346995, -0.513514, 0.0777502, -0.854551, -0.000406257, -0.000255762, -0.000275241, -0.000555109, 0.000907669, -0.00109465, 0.511111, 0.496081, -0.530187, -1.85258, 0.306665, 1.71797, 0.714486, -0.000177226, -0.000157529, -6.73617e-05, -0.00116417, -0.000167194, 0.000155096, 0.000802974
729943, 10.7319, 0.0195512, 0.00253613, 0.0747327, -0.147804, 0.454567, -0.710824, 5.49488e-06, -2.79708e-05, -1.38396e-05, 0.040346, 0.411309, 0.012632, 0.518769, 0.0373291, 0.169344, 0.528658, -0.755769, -0.386437, -0.675893, -0.650206, 0.346988, -0.513507, 0.0777521, -0.854556, -0.000153993, -0.00339396, -0.000193974, 0.000429249, 0.000631288, -0.00614981, 0.511106, 0.496083, -0.530189, -1.85257, 0.306666, 1.71797, 0.714483, -0.00569298, -0.000165009, -0.000794038, -0.00116756, 0.000362273, 5.68732e-05, -0.000881751
740335, 10.7419, 0.0195503, 0.00253916, 0.074731, -0.147809, 0.454569, -0.710819, 5.62548e-06, -2.87715e-05, -1.42238e-05, 0.040346, 0.411309, 0.012632, 0.518768, 0.0373322, 0.169342, 0.528663, -0.755765, -0.386438, -0.675887, -0.650211, 0.346992, -0.51351, 0.0777466, -0.854554, -0.000147688, -0.000495414, 0.000318356, -0.000317823, -2.36685e-05, -0.00144172, 0.51111, 0.496086, -0.530186, -1.85257, 0.306664, 1.71797, 0.714483, 0.000183303, -0.000857924, -0.00115035, -0.000711955, -1.28123e-05, -0.000262999, 0.000524033
750685, 10.7519, 0.0195517, 0.00253337, 0.0747269, -0.147811, 0.454564, -0.710824, 4.09659e-06, -2.92165e-05, -1.37131e-05, 0.040346, 0.411309, 0.012632, 0.51877, 0.0373264, 0.169338, 0.52866, -0.755771, -0.386431, -0.675892, -0.650205, 0.346994, -0.513507, 0.0777439, -0.854556, -4.85683e-05, -0.00212343, -0.000357878, 0.00140109, 0.000291977, 0.0014233, 0.511106, 0.496095, -0.530191, -1.85257, 0.306664, 1.71798, 0.71448, -0.00115748, 0.00123998, -0.00272133, -0.00021259, 9.24949e-05, -0.000114257, -0.00595086
760989, 10.7629, 0.0195444, 0.00254737, 0.0747239, -0.147816, 0.454582, -0.710807, 8.12415e-06, -3.10315e-05, -1.62714e-05, 0.040346, 0.411309, 0.012632, 0.518762, 0.0373404, 0.169335, 0.528667, -0.755757, -0.386449, -0.675871, -0.650221, 0.347002, -0.513526, 0.0777413, -0.854545, -0.000329731, 0.00103383, -0.00016244, 0.00158159, 0.000630989, 0.00271018, 0.511117, 0.496092, -0.530175, -1.85258, 0.306665, 1.71797, 0.714482, 0.000204264, -0.000408242, 0.00179565, -0.000561052, -2.87686e-06, -0.000122567, -0.00124164
771333, 10.7729, 0.0195441, 0.00255984, 0.0747257, -0.147816, 0.454583, -0.710794, 8.90774e-06, -2.9636e-05, -1.60592e-05, 0.040346, 0.411309, 0.012632, 0.518762, 0.0373528, 0.169337, 0.528684, -0.755743, -0.386452, -0.675859, -0.650238, 0.346996, -0.513525, 0.0777362, -0.854546, -0.000165504, 0.00118054, 0.00027953, 0.00165113, -0.000229818, 0.00299448, 0.51113, 0.496086, -0.530165, -1.85258, 0.306665, 1.71797, 0.714483, 0.000774732, -0.00117718, 0.00142205, -0.000427317, -0.000144966, -0.000123051, -0.00114732
781637, 10.7829, 0.019546, 0.00256047, 0.0747252, -0.147816, 0.454577, -0.710791, 7.62101e-06, -2.8367e-05, -1.4962e-05, 0.040346, 0.411309, 0.012632, 0.518764, 0.0373535, 0.169336, 0.528694, -0.755739, -0.386447, -0.675856, -0.650243, 0.34699, -0.513518, 0.0777311, -0.854551, -0.000263551, -0.00100795, -0.000505947, -0.000233162, 0.000621772, -0.00131494, 0.511131, 0.496086, -0.530163, -1.85258, 0.306662, 1.71798, 0.714479, -0.000621684, 0.000636838, -0.0011111, -0.00100842, 0.000307954, 0.000554715, -0.00084075
