timestamp, robot_time[1], robot_ee_pos_error[3], robot_ee_ori_error[3], sensed_forces_moments[6], robot_ee_position[3], robot_ee_orientation[9], robot_ee_linear_velocity[3], robot_ee_angular_velocity[3], joint_angles[7], joint_velocities[7], 
10330, 10.0119, -0.000171144, 0.0336384, 0.0768107, -0.392145, 0.165792, 0.00515881, -0.000132196, -3.31891e-05, 1.07198e-05, 0.040346, 0.411309, 0.012632, 0.499047, 0.0684314, 0.171422, 0.98529, -0.0307653, -0.168096, 0.0353346, -0.925726, 0.37654, -0.167196, -0.376941, -0.911022, -0.000966447, 0.00494567, -0.00100524, 0.000839137, 0.00202534, 0.00985263, 0.769106, 0.274949, -0.545447, -2.18531, -0.234663, 2.14916, 0.37529, 0.003177, 0.00111138, 0.00672048, -1.83306e-05, 0.000233507, 0.000233221, -0.000347612
20710, 10.0219, -0.000175994, 0.0336698, 0.0768092, -0.392136, 0.165786, 0.00521787, -0.000130757, -2.99311e-05, 1.18009e-05, 0.040346, 0.411309, 0.012632, 0.499042, 0.0684628, 0.17142, 0.985291, -0.0307041, -0.168103, 0.0353919, -0.92573, 0.376526, -0.167179, -0.376937, -0.911027, -0.000413573, 0.00170388, 0.000169974, 0.00147092, 0.000231027, 0.00355587, 0.769118, 0.274943, -0.545399, -2.18531, -0.234661, 2.14916, 0.375287, 0.000523082, -0.0015546, 0.00271037, -0.000718229, -9.78878e-05, 3.65437e-05, -0.000485106
31054, 10.0329, -0.000179754, 0.033698, 0.0768094, -0.392129, 0.165778, 0.00527443, -0.00013, -2.72941e-05, 1.27511e-05, 0.040346, 0.411309, 0.012632, 0.499038, 0.068491, 0.17142, 0.985292, -0.0306452, -0.168106, 0.0354464, -0.925733, 0.376514, -0.16716, -0.376935, -0.911031, -0.000614912, 0.00289293, -0.00042046, 0.00136035, 0.00131025, 0.00688521, 0.769133, 0.274935, -0.54536, -2.18531, -0.234663, 2.14916, 0.375283, 0.000433622, -0.000388536, 0.00527926, -0.000490814, -0.000271355, 0.000379764, -0.00123821
41309, 10.0429, -0.000180228, 0.0337168, 0.0768159, -0.392117, 0.165761, 0.00530455, -0.000132294, -2.40093e-05, 1.45319e-05, 0.040346, 0.411309, 0.012632, 0.499038, 0.0685098, 0.171427, 0.985295, -0.0306105, -0.168096, 0.0354724, -0.925737, 0.3765, -0.167138, -0.376926, -0.911039, -0.000548492, 0.00159055, 0.00039349, 0.00170528, 0.0003646, 0.00398951, 0.769151, 0.274916, -0.545345, -2.18531, -0.234663, 2.14916, 0.375283, 0.00212179, -0.0022644, 0.000932312, -0.00130212, 7.95184e-05, -5.78443e-05, -0.00134975
51559, 10.0529, -0.000175294, 0.0337377, 0.076823, -0.392106, 0.165732, 0.00533822, -0.000137427, -2.07602e-05, 1.68216e-05, 0.040346, 0.411309, 0.012632, 0.499043, 0.0685307, 0.171434, 0.9853, -0.0305696, -0.168073, 0.0354993, -0.925742, 0.376485, -0.167101, -0.376917, -0.911049, 0.000235488, 0.00343726, 0.000644087, 0.00172487, -0.00126938, 0.00754843, 0.769173, 0.274905, -0.545333, -2.1853, -0.234663, 2.14917, 0.375282, 0.00336586, -0.00103662, 0.00281204, 0.00127196, -0.000226217, 0.0002895, -0.00114705
61810, 10.0629, -0.000174915, 0.0337443, 0.076827, -0.392101, 0.165722, 0.0053412, -0.000139528, -1.95882e-05, 1.76935e-05, 0.040346, 0.411309, 0.012632, 0.499043, 0.0685373, 0.171438, 0.985302, -0.030564, -0.168064, 0.0355, -0.925744, 0.37648, -0.167091, -0.376913, -0.911053, 0.00112818, -0.000426955, 0.00257741, 0.00379473, -0.00454324, -0.00207889, 0.769183, 0.274895, -0.545332, -2.1853, -0.234663, 2.14917, 0.375289, -0.00166088, -0.00547058, -0.000627088, 0.000907748, 9.89159e-06, -0.000353848, -0.000183559
72052, 10.0739, -0.000180757, 0.033749, 0.0768216, -0.392104, 0.165733, 0.0053578, -0.000136199, -1.9967e-05, 1.69228e-05, 0.040346, 0.411309, 0.012632, 0.499037, 0.068542, 0.171433, 0.9853, -0.0305501, -0.168079, 0.0355191, -0.925743, 0.376482, -0.167099, -0.376917, -0.911049, -0.000944858, 0.00111597, -0.000705613, 0.000175863, 0.00229685, 0.00327389, 0.769193, 0.274899, -0.545329, -2.18531, -0.234661, 2.14917, 0.375284, 0.000136933, -0.000139383, 0.00257314, -0.00163543, -0.000227281, -5.29727e-05, -0.000808707
82364, 10.0839, -0.00018227, 0.0337538, 0.0768188, -0.392112, 0.165735, 0.005373, -0.000135039, -2.14974e-05, 1.60765e-05, 0.040346, 0.411309, 0.012632, 0.499036, 0.0685468, 0.17143, 0.9853, -0.0305361, -0.168084, 0.0355355, -0.92574, 0.376488, -0.167098, -0.376927, -0.911046, -0.000525164, 0.000813016, -0.000511614, -0.00100067, 0.00240736, 0.00468552, 0.76921, 0.274907, -0.545334, -2.18531, -0.234663, 2.14917, 0.375282, 0.00338751, 0.0010995, -0.00119115, -0.000471373, -0.000250743, -0.000444736, -0.00269196
92615, 10.0939, -0.000180909, 0.0337564, 0.0768176, -0.392111, 0.165728, 0.00537912, -0.000136374, -2.11752e-05, 1.64558e-05, 0.040346, 0.411309, 0.012632, 0.499037, 0.0685494, 0.171429, 0.985301, -0.0305284, -0.168078, 0.0355402, -0.92574, 0.376487, -0.16709, -0.376926, -0.911047, -0.000218582, 0.000104813, -0.000306535, 0.000268594, 0.00193844, 0.0028288, 0.769211, 0.27491, -0.545331, -2.18531, -0.234664, 2.14918, 0.375282, 7.05074e-05, 0.000528517, 0.00027949, -0.000159619, 0.000287606, -0.000210774, -0.00305884
102893, 10.1039, -0.000179679, 0.0337553, 0.0768147, -0.392111, 0.165725, 0.00537727, -0.000137042, -2.12085e-05, 1.65653e-05, 0.040346, 0.411309, 0.012632, 0.499038, 0.0685483, 0.171426, 0.985301, -0.0305297, -0.168075, 0.0355378, -0.92574, 0.376487, -0.167088, -0.376926, -0.911048, -0.00020102, 0.000569453, -9.79074e-05, 7.91825e-05, 0.000473305, 0.00169016, 0.769211, 0.274918, -0.545334, -2.18531, -0.234661, 2.14919, 0.375281, 0.00142664, 3.35568e-05, -0.000219823, -0.000286261, 0.000128648, 4.47397e-05, -0.000656674
113156, 10.1149, -0.000180222, 0.0337564, 0.0768132, -0.392116, 0.165726, 0.00538082, -0.00013674, -2.22224e-05, 1.60907e-05, 0.040346, 0.411309, 0.012632, 0.499038, 0.0685494, 0.171424, 0.985301, -0.0305267, -0.168076, 0.0355419, -0.925738, 0.376492, -0.167088, -0.376931, -0.911046, 0.000211071, 0.000442568, 3.32644e-05, 0.00114434, -0.00186328, 0.000410444, 0.769209, 0.274921, -0.545328, -2.18531, -0.234666, 2.14919, 0.375285, -0.000547562, -0.000629797, 0.00104675, -0.000532284, -0.000118757, 0.00210474, 0.000735973
123419, 10.1249, -0.000180206, 0.0337569, 0.0768134, -0.392116, 0.165726, 0.00538745, -0.00013636, -2.21216e-05, 1.60623e-05, 0.040346, 0.411309, 0.012632, 0.499038, 0.0685499, 0.171424, 0.985301, -0.0305202, -0.168078, 0.0355487, -0.925738, 0.376491, -0.167087, -0.376932, -0.911046, 0.0004771, 0.00128755, 0.000508469, 0.000470394, -0.00165069, 0.00233387, 0.769213, 0.274921, -0.545331, -2.18531, -0.234666, 2.14919, 0.375279, 0.00200091, -0.00020484, 0.000110843, 0.00123384, -0.000127729, 0.000316129, 0.000146893
133678, 10.1349, -0.000173849, 0.0337631, 0.0768188, -0.392107, 0.165705, 0.00539415, -0.000140937, -1.99506e-05, 1.78038e-05, 0.040346, 0.411309, 0.012632, 0.499044, 0.0685561, 0.17143, 0.985305, -0.0305081, -0.168058, 0.0355504, -0.925742, 0.376482, -0.167064, -0.376924, -0.911053, 0.000704875, 0.000953706, 0.000817403, 0.00118652, -0.00182381, 0.00131601, 0.769216, 0.274916, -0.545328, -2.1853, -0.234665, 2.1492, 0.375278, 0.000261936, -0.000692496, 0.000893604, 0.00180627, 0.000223452, -0.000187196, -0.00017573
143958, 10.1449, -0.000165448, 0.0337786, 0.0768277, -0.392091, 0.165662, 0.00542225, -0.000149121, -1.56054e-05, 2.11088e-05, 0.040346, 0.411309, 0.012632, 0.499053, 0.0685739, 0.17144, 0.985312, -0.0304696, -0.168021, 0.0355689, -0.925749, 0.376462, -0.167016, -0.376909, -0.911068, 0.00128622, 0.00231285, 0.00154254, -0.00184399, -0.00383686, 0.00890263, 0.769235, 0.274899, -0.545322, -2.18529, -0.234667, 2.14922, 0.375276, 0.00376773, -0.00115676, 0.000844286, 0.00275142, -0.00531333, 0.000224259, 9.4072e-05
154199, 10.1559, -0.000147966, 0.0337984, 0.076841, -0.392059, 0.165586, 0.0054461, -0.000165236, -7.90409e-06, 2.7262e-05, 0.040346, 0.411309, 0.012632, 0.49907, 0.0685914, 0.171452, 0.985326, -0.0304268, -0.16795, 0.0355752, -0.925763, 0.376428, -0.166935, -0.376879, -0.911095, 0.00302655, 0.00352888, 0.00186346, 0.00713031, -0.0140586, 0.00884347, 0.769251, 0.274881, -0.545322, -2.18528, -0.234666, 2.14928, 0.375273, 0.00500148, -0.00322551, -0.00124024, 0.000545218, -0.000425682, 0.0129851, -0.000980717
164452, 10.1659, -0.000106133, 0.0338271, 0.0768443, -0.391988, 0.165387, 0.00549305, -0.000208045, 9.30251e-06, 4.22567e-05, 0.040346, 0.411309, 0.012632, 0.499112, 0.0686201, 0.171455, 0.985361, -0.0303313, -0.16776, 0.0355772, -0.925793, 0.376352, -0.166727, -0.376811, -0.911162, 0.00366044, 0.00172861, 2.67724e-05, 0.00831702, -0.0181088, 0.00507917, 0.769269, 0.274876, -0.545325, -2.18529, -0.234668, 2.14951, 0.375273, 0.000721922, -0.000587723, -0.00103057, -0.00209424, 5.68537e-05, 0.0220396, 0.000741817
174845, 10.1759, -6.13927e-05, 0.0338604, 0.0768505, -0.391922, 0.165191, 0.00554143, -0.000250038, 2.52646e-05, 5.6576e-05, 0.040346, 0.411309, 0.012632, 0.499157, 0.0686534, 0.171462, 0.985396, -0.0302357, -0.167574, 0.0355818, -0.925822, 0.376281, -0.166521, -0.376748, -0.911225, 0.00342266, 0.00441645, 0.000392023, 0.00703657, -0.0163781, 0.00958768, 0.769286, 0.274878, -0.545319, -2.18528, -0.234669, 2.14972, 0.375276, 0.00431485, 2.58032e-05, 0.000918916, 0.000344094, -0.00022543, 0.0181, 0.00115543
185180, 10.1869, -1.54098e-05, 0.0338813, 0.076853, -0.391855, 0.164993, 0.00557972, -0.000292807, 4.13232e-05, 7.10669e-05, 0.040346, 0.411309, 0.012632, 0.499203, 0.0686743, 0.171464, 0.985431, -0.0301497, -0.167385, 0.0355759, -0.925851, 0.37621, -0.166316, -0.376684, -0.911289, 0.00437031, 0.0015397, 0.000659944, 0.00813089, -0.017502, 0.00675303, 0.769295, 0.274885, -0.545329, -2.18528, -0.23467, 2.14995, 0.375269, 0.000522507, 4.51866e-05, -0.00149842, 0.000495216, 9.6959e-05, 0.0201182, -0.00204924
195437, 10.1969, 1.02788e-05, 0.0338933, 0.0768424, -0.391812, 0.164866, 0.00560398, -0.000320364, 5.1562e-05, 8.03531e-05, 0.040346, 0.411309, 0.012632, 0.499228, 0.0686863, 0.171453, 0.985453, -0.0300948, -0.167262, 0.0355718, -0.92587, 0.376165, -0.166184, -0.376642, -0.911331, 0.000721451, 0.00114208, -0.00206163, 0.00531423, -0.00868779, 0.00583857, 0.769296, 0.274903, -0.545331, -2.1853, -0.234669, 2.15013, 0.37527, 0.00073151, 0.000520075, 0.000177972, -0.00634905, 1.21975e-05, 0.0177593, -0.000781319
205826, 10.2069, 3.63411e-05, 0.0338965, 0.0768403, -0.391782, 0.164761, 0.00560687, -0.000343872, 5.85068e-05, 8.75328e-05, 0.040346, 0.411309, 0.012632, 0.499254, 0.0686895, 0.171451, 0.985472, -0.0300671, -0.167158, 0.0355517, -0.925883, 0.376134, -0.166078, -0.376612, -0.911362, 0.00190185, -0.00011848, -0.000996384, 0.0025085, -0.00836881, 0.00166035, 0.769293, 0.274917, -0.545343, -2.1853, -0.234671, 2.15026, 0.375273, 0.000426976, 0.00251639, -0.00213874, -0.00112074, 8.95762e-05, 0.0124104, 7.29088e-05
216072, 10.2179, 5.06406e-05, 0.0339006, 0.0768408, -0.391764, 0.164702, 0.00561831, -0.000356698, 6.28349e-05, 9.1671e-05, 0.040346, 0.411309, 0.012632, 0.499269, 0.0686936, 0.171452, 0.985482, -0.0300416, -0.167101, 0.0355501, -0.925891, 0.376115, -0.166017, -0.376595, -0.911381, 0.000705259, 0.000790352, -0.000181878, 0.000367512, -0.00168577, 0.0028923, 0.769291, 0.27492, -0.545345, -2.1853, -0.234675, 2.15033, 0.37527, 0.000873506, 0.00144302, 0.000232868, 0.00109072, -6.04544e-05, 0.00239367, -0.000993039
226315, 10.2279, 5.55784e-05, 0.0338969, 0.0768456, -0.391744, 0.164675, 0.00560785, -0.000363323, 6.69808e-05, 9.45965e-05, 0.040346, 0.411309, 0.012632, 0.499274, 0.0686899, 0.171457, 0.985487, -0.0300446, -0.167072, 0.0355326, -0.925899, 0.376096, -0.165991, -0.376574, -0.911394, 0.000622668, 8.07893e-05, 0.000753052, 0.00188206, -0.00210645, 0.000697781, 0.769282, 0.274902, -0.54535, -2.18531, -0.234675, 2.15036, 0.37527, -0.000957069, -0.00153174, 0.000398542, 0.000406391, 1.1941e-05, 0.00120644, -0.000959691
236556, 10.2379, 6.83472e-05, 0.0338984, 0.0768583, -0.391731, 0.164639, 0.0055972, -0.000371884, 6.99252e-05, 9.73806e-05, 0.040346, 0.411309, 0.012632, 0.499286, 0.0686914, 0.171469, 0.985493, -0.0300464, -0.167034, 0.0355138, -0.925905, 0.376083, -0.165958, -0.376559, -0.911406, 0.00092434, -0.000364542, 0.000875781, 0.000820431, -0.00214901, -0.000653198, 0.769283, 0.27489, -0.545359, -2.18529, -0.234674, 2.15037, 0.375272, 4.8268e-05, -0.000522675, -0.00145898, 0.00159859, 0.000240347, 0.000247388, -0.000642055
246890, 10.2479, 7.52317e-05, 0.0339014, 0.0768704, -0.391716, 0.164615, 0.00558776, -0.000377137, 7.36945e-05, 9.98987e-05, 0.040346, 0.411309, 0.012632, 0.499291, 0.0686962, 0.171478, 0.985497, -0.0300368, -0.167011, 0.0355107, -0.925912, 0.376066, -0.165933, -0.376543, -0.911417, 0.000111328, 0.000722221, 0.000515579, 0.00168877, -0.000966016, 0.00222468, 0.769284, 0.274868, -0.545357, -2.18529, -0.234675, 2.15038, 0.375272, -0.000218703, -0.00174348, 0.00124932, -0.000332028, -0.000215561, 0.000728599, -0.001006
257209, 10.2589, 7.88075e-05, 0.0339167, 0.0768749, -0.391703, 0.164586, 0.0056103, -0.000383324, 7.64489e-05, 0.000102169, 0.040346, 0.411309, 0.012632, 0.499297, 0.0687097, 0.171486, 0.985503, -0.0300196, -0.166983, 0.0355141, -0.925917, 0.376054, -0.165902, -0.376533, -0.911427, 0.000568125, 0.00294294, 0.00172846, 0.00301497, -0.00401455, 0.00523171, 0.769298, 0.274857, -0.545352, -2.18528, -0.234674, 2.15039, 0.37528, 0.00500836, -0.00360754, -0.000305875, 0.000639112, 1.81716e-05, 0.000941729, -0.000185907
267451, 10.2689, 8.32773e-05, 0.0339338, 0.0768791, -0.391695, 0.164562, 0.00563791, -0.000387373, 7.87685e-05, 0.000103868, 0.040346, 0.411309, 0.012632, 0.499301, 0.0687268, 0.17149, 0.985507, -0.0299863, -0.166965, 0.0355365, -0.92592, 0.376044, -0.165873, -0.376527, -0.911435, 0.000341945, 0.00254728, 0.000163908, 0.00116186, -0.00254707, 0.00369458, 0.769312, 0.274853, -0.545338, -2.18527, -0.234674, 2.1504, 0.37528, 0.00173061, -0.000204996, 0.00271308, 0.000747255, -0.000213892, 0.00182035, 0.00157686
277763, 10.2789, 7.89332e-05, 0.0339447, 0.0768744, -0.391695, 0.164561, 0.00566118, -0.000386535, 7.92622e-05, 0.000103918, 0.040346, 0.411309, 0.012632, 0.499297, 0.0687377, 0.171485, 0.985507, -0.0299628, -0.166969, 0.0355596, -0.92592, 0.376042, -0.165867, -0.376529, -0.911435, -0.000191319, 0.000677747, -0.000176754, -0.0010241, 9.36939e-05, 0.000518816, 0.769328, 0.274855, -0.545331, -2.18528, -0.234673, 2.15041, 0.37528, 0.00201695, 0.000608268, -0.000411096, 0.000103508, -0.000259479, -0.000392505, 0.00131322
288012, 10.2899, 8.61574e-05, 0.0339544, 0.0768772, -0.391692, 0.164533, 0.0056826, -0.00039183, 8.03223e-05, 0.000105325, 0.040346, 0.411309, 0.012632, 0.499304, 0.0687474, 0.171488, 0.985512, -0.0299353, -0.166946, 0.0355755, -0.925921, 0.376037, -0.165835, -0.376528, -0.911441, 0.000576089, -2.9113e-05, 0.000236598, -0.000386641, -0.00124116, -0.000722017, 0.769342, 0.274858, -0.545331, -2.18527, -0.234677, 2.15043, 0.375277, -0.000823406, 0.00057204, 0.000519207, 0.00144872, -0.000388698, -3.2554e-05, 0.000967987
298331, 10.2999, 7.46031e-05, 0.0339538, 0.0768687, -0.391703, 0.16456, 0.00568504, -0.000385607, 7.78629e-05, 0.00010317, 0.040346, 0.411309, 0.012632, 0.499293, 0.0687468, 0.17148, 0.985507, -0.0299395, -0.166973, 0.0355842, -0.925917, 0.376048, -0.165862, -0.376539, -0.911432, -0.00037709, -0.00237478, -0.000357654, -0.00131658, 0.000847828, -0.0048816, 0.769353, 0.274862, -0.545334, -2.18529, -0.234677, 2.15042, 0.375282, -0.000495447, 0.000159218, -0.00360433, -0.00169334, 4.66294e-05, -4.98489e-05, 0.000690805
308577, 10.3099, 7.07032e-05, 0.03395, 0.0768655, -0.391707, 0.164571, 0.00568695, -0.000383225, 7.70604e-05, 0.000102403, 0.040346, 0.411309, 0.012632, 0.499289, 0.068743, 0.171476, 0.985505, -0.0299401, -0.166984, 0.0355884, -0.925915, 0.376052, -0.165872, -0.376543, -0.911428, -0.000797413, -0.000685554, -0.000526516, -0.000989731, 0.00160815, -0.00122756, 0.769356, 0.274863, -0.545341, -2.1853, -0.234678, 2.15042, 0.375277, 0.000730222, -9.07521e-05, -0.00137662, -0.00197073, -0.000205874, -0.000261991, 0.000475109
318912, 10.3199, 7.06706e-05, 0.0339445, 0.076863, -0.391712, 0.164575, 0.00567571, -0.000382572, 7.54722e-05, 0.000101628, 0.040346, 0.411309, 0.012632, 0.499289, 0.0687373, 0.171474, 0.985504, -0.0299516, -0.166987, 0.03558, -0.925913, 0.376059, -0.165879, -0.376549, -0.911425, -0.000734457, -0.000309144, -0.000340388, -0.000988216, 0.00264005, -0.00138566, 0.769348, 0.27487, -0.545342, -2.1853, -0.234681, 2.15042, 0.375281, -0.000179111, 0.000257169, 0.000140173, -0.000476982, 0.000397961, -0.0023723, 0.000321678
329235, 10.3309, 7.08264e-05, 0.033929, 0.076863, -0.391721, 0.164588, 0.00565374, -0.000380853, 7.31962e-05, 0.000100374, 0.040346, 0.411309, 0.012632, 0.499289, 0.068722, 0.171474, 0.985502, -0.0299783, -0.166994, 0.0355597, -0.925909, 0.376069, -0.165895, -0.376555, -0.911419, 0.000783593, -0.00581786, -0.000109161, -0.00564523, 0.000233007, -0.00647506, 0.769339, 0.274873, -0.54536, -2.1853, -0.234684, 2.15041, 0.375279, -0.00522735, 0.00161094, -0.00474429, -3.82069e-05, -0.00506801, -0.00039933, 0.000366512
339533, 10.3409, 7.21294e-05, 0.0339176, 0.0768621, -0.391726, 0.164593, 0.00563455, -0.000380701, 7.17674e-05, 9.97566e-05, 0.040346, 0.411309, 0.012632, 0.49929, 0.0687106, 0.171473, 0.985501, -0.0299989, -0.166995, 0.0355418, -0.925907, 0.376075, -0.165904, -0.376558, -0.911417, 8.48946e-05, -0.00137077, -0.000178977, -0.000678778, 0.00018224, -0.00285739, 0.769332, 0.274878, -0.545374, -2.1853, -0.234685, 2.15041, 0.375279, -0.00227147, 0.000414643, -0.000261792, -0.000119519, -0.000292339, -5.61879e-05, 0.000568957
349781, 10.3509, 7.6521e-05, 0.033899, 0.0768677, -0.39172, 0.164591, 0.00560072, -0.000382708, 7.24139e-05, 0.000100391, 0.040346, 0.411309, 0.012632, 0.499295, 0.068692, 0.171479, 0.985502, -0.0300317, -0.166986, 0.0355069, -0.92591, 0.376072, -0.165908, -0.376549, -0.911419, 0.000643632, -0.00167273, 0.00111451, -0.00124216, -0.00206472, -0.00162445, 0.769311, 0.274868, -0.545392, -2.1853, -0.234686, 2.15041, 0.375275, -0.00197991, -0.002071, -0.00107497, 0.000224308, -0.00326415, -0.00046564, 0.00102834
360018, 10.3619, 7.35229e-05, 0.03388, 0.076867, -0.391727, 0.16461, 0.00557854, -0.00037945, 7.04267e-05, 9.8974e-05, 0.040346, 0.411309, 0.012632, 0.499292, 0.068673, 0.171478, 0.985499, -0.0300585, -0.167001, 0.035489, -0.925907, 0.376081, -0.165931, -0.376554, -0.911413, -1.41973e-05, -0.00340063, -0.000300128, -0.00118811, 0.000875874, -0.00611282, 0.769298, 0.274865, -0.545411, -2.18531, -0.234691, 2.1504, 0.375268, -0.00287491, 0.000465629, -0.00340118, -0.00111838, 4.05975e-05, -1.38688e-05, -0.000249388
370338, 10.3719, 8.47215e-05, 0.0338662, 0.0768785, -0.391719, 0.164583, 0.0055472, -0.000386951, 7.15481e-05, 0.000100811, 0.040346, 0.411309, 0.012632, 0.499303, 0.0686592, 0.171489, 0.985503, -0.0300835, -0.166967, 0.0354517, -0.92591, 0.376076, -0.16591, -0.376543, -0.911421, 0.00111971, -0.00181715, 0.00130771, -0.0012154, -0.00356365, -0.0032112, 0.769294, 0.274852, -0.545441, -2.1853, -0.234695, 2.15041, 0.375269, 0.000484214, -0.00128066, -0.00422643, 0.00107242, -0.0020394, 0.000169413, 0.00147664
380627, 10.3819, 8.96682e-05, 0.0338402, 0.076883, -0.391721, 0.164584, 0.00549916, -0.000388852, 7.03299e-05, 0.000100657, 0.040346, 0.411309, 0.012632, 0.499308, 0.0686332, 0.171494, 0.985503, -0.030132, -0.166959, 0.0354039, -0.92591, 0.376081, -0.165921, -0.37654, -0.911421, 0.000284049, -0.000441508, 0.000183747, -0.000143992, 3.3446e-05, 7.05835e-05, 0.769296, 0.274851, -0.545495, -2.1853, -0.23469, 2.15041, 0.375263, 0.000762521, 0.00039332, -0.00173247, 0.000635086, 0.000288845, -0.000219836, -0.00127777
390955, 10.3919, 8.83818e-05, 0.0338109, 0.0768835, -0.391731, 0.164594, 0.00543679, -0.00038967, 6.66326e-05, 9.92808e-05, 0.040346, 0.411309, 0.012632, 0.499312, 0.0685997, 0.171499, 0.985502, -0.0301973, -0.166955, 0.0353441, -0.925906, 0.376098, -0.165942, -0.376546, -0.911415, 0.000858857, -0.00434354, 0.000358855, -0.00143738, -0.000958312, -0.00871698, 0.769291, 0.274851, -0.545553, -2.1853, -0.234693, 2.1504, 0.375265, -0.00234922, 0.000816073, -0.00624868, 0.000599598, 0.000456142, -0.000229506, 3.53376e-05
401198, 10.4029, 9.89482e-05, 0.0337886, 0.0768894, -0.391735, 0.164588, 0.00541216, -0.000392003, 6.5419e-05, 9.92074e-05, 0.040346, 0.411309, 0.012632, 0.499317, 0.0685816, 0.1715, 0.985503, -0.0302211, -0.166945, 0.0353187, -0.925904, 0.376103, -0.165941, -0.376547, -0.911414, -0.000326052, -0.00222148, -0.00248957, -0.00511059, 0.00442196, -0.00139437, 0.769288, 0.274854, -0.545586, -2.1853, -0.234696, 2.15041, 0.375258, -0.000364621, 0.00695586, -0.00255742, 0.000340496, -0.000239223, 0.000252139, -0.00124293
411519, 10.4129, 0.000103972, 0.0337616, 0.0768939, -0.391732, 0.16459, 0.00535492, -0.000394231, 6.48583e-05, 9.93841e-05, 0.040346, 0.411309, 0.012632, 0.499322, 0.0685546, 0.171505, 0.985503, -0.0302785, -0.166935, 0.0352613, -0.925906, 0.376106, -0.165954, -0.37654, -0.911415, -0.000155444, -0.000344596, -0.000348877, -4.15519e-05, 0.000768902, 0.000324982, 0.769276, 0.274851, -0.545629, -2.1853, -0.23469, 2.15041, 0.375258, -0.000601776, 0.000404173, 7.32043e-05, -0.000542614, 3.36551e-05, 0.000458275, -0.000905685
421775, 10.4229, 0.000108722, 0.0337353, 0.0768975, -0.391736, 0.164591, 0.00529756, -0.0003967, 6.29684e-05, 9.90564e-05, 0.040346, 0.411309, 0.012632, 0.499327, 0.0685283, 0.171509, 0.985503, -0.0303364, -0.166924, 0.0352043, -0.925904, 0.376114, -0.165966, -0.376538, -0.911414, 0.000912293, -0.00273371, 0.000477946, -0.000770474, -0.00178398, -0.00623414, 0.76927, 0.274851, -0.545675, -2.1853, -0.234688, 2.15041, 0.375264, -0.001087, 0.000603069, -0.00460572, 0.00106407, 0.00050217, 0.00015036, 0.000585622
432013, 10.4329, 0.00011891, 0.0336935, 0.0769051, -0.391731, 0.164584, 0.00521255, -0.000402263, 6.23222e-05, 9.98086e-05, 0.040346, 0.411309, 0.012632, 0.499337, 0.0684865, 0.171516, 0.985505, -0.0304194, -0.166899, 0.0351172, -0.925907, 0.376117, -0.165975, -0.376526, -0.911417, 0.000927293, -0.00240375, 0.00107684, 0.000443733, -0.00272308, -0.00600916, 0.769246, 0.274845, -0.545737, -2.1853, -0.234685, 2.15042, 0.375265, -0.00142302, -0.00131912, -0.0038935, 0.000684207, 0.000319547, 0.000112549, 0.000800697
442226, 10.4439, 0.000129268, 0.0336426, 0.0769158, -0.391728, 0.164583, 0.00511024, -0.000407297, 6.09828e-05, 0.000100178, 0.040346, 0.411309, 0.012632, 0.499347, 0.0684356, 0.171527, 0.985505, -0.0305212, -0.166877, 0.035014, -0.925908, 0.376123, -0.165993, -0.376514, -0.911418, 0.00080564, -0.0043987, 0.000565913, -0.000521868, -0.00159896, -0.00838054, 0.769221, 0.274834, -0.545815, -2.1853, -0.234682, 2.15042, 0.375265, -0.00221853, -0.000351411, -0.00661897, -0.000322265, 0.000408323, 0.000664773, -0.000401509
452438, 10.4539, 0.000145085, 0.0335932, 0.0769313, -0.391706, 0.164559, 0.00500812, -0.00041725, 6.40883e-05, 0.000103281, 0.040346, 0.411309, 0.012632, 0.499363, 0.0683862, 0.171542, 0.98551, -0.0306163, -0.166833, 0.034905, -0.925918, 0.376109, -0.165989, -0.376482, -0.911432, 0.00146063, -0.00445465, 0.00243178, 0.00310331, -0.00478466, -0.00902559, 0.769183, 0.27481, -0.545885, -2.1853, -0.234675, 2.15044, 0.375259, -0.00204307, -0.00472158, -0.00808911, -0.000339243, 0.001226, 0.000994207, -0.00161986
462660, 10.4639, 0.000164719, 0.0335534, 0.0769583, -0.39168, 0.164516, 0.00490868, -0.000431629, 6.8193e-05, 0.000107607, 0.040346, 0.411309, 0.012632, 0.499383, 0.0683464, 0.171569, 0.985518, -0.0307042, -0.166769, 0.0347944, -0.925929, 0.376091, -0.165964, -0.376447, -0.911451, 0.00118444, -0.00282556, 0.0025533, 0.00216748, -0.00461522, -0.0058037, 0.769164, 0.274767, -0.545959, -2.18529, -0.234673, 2.15045, 0.375265, 0.00075104, -0.00492004, -0.00732959, -0.000104809, 0.000109875, 5.04621e-05, -0.000638415
472876, 10.4739, 0.000188181, 0.0334996, 0.0769891, -0.391635, 0.16446, 0.00477659, -0.000450444, 7.57954e-05, 0.000114185, 0.040346, 0.411309, 0.012632, 0.499406, 0.0682926, 0.1716, 0.985528, -0.0308202, -0.166686, 0.0346469, -0.925948, 0.376057, -0.165933, -0.37639, -0.911481, 0.00275905, -0.00371606, 0.0036332, 0.00549267, -0.0114898, -0.00907717, 0.769117, 0.274708, -0.546038, -2.18529, -0.234668, 2.15048, 0.375272, -0.00332591, -0.0073715, -0.00654888, -5.63656e-06, -0.000260364, 0.00513813, 0.00123403
483130, 10.4849, 0.000221134, 0.0334357, 0.0770235, -0.391565, 0.164366, 0.00462468, -0.000478719, 8.87117e-05, 0.000124682, 0.040346, 0.411309, 0.012632, 0.499439, 0.0682287, 0.171634, 0.985545, -0.0309458, -0.166561, 0.0344698, -0.925978, 0.376, -0.165867, -0.376306, -0.911527, 0.00251516, -0.00302143, 0.00421117, 0.00720845, -0.0104823, -0.00799608, 0.769051, 0.274636, -0.546128, -2.1853, -0.23466, 2.15056, 0.375274, -0.00493287, -0.00929992, -0.00386525, 0.000190024, 0.000273851, 0.00327291, 0.000121684
493664, 10.4949, 0.000266014, 0.0333894, 0.0770549, -0.391496, 0.16423, 0.00450841, -0.000514692, 0.000102192, 0.000136812, 0.040346, 0.411309, 0.012632, 0.499484, 0.0681824, 0.171666, 0.98557, -0.0310272, -0.166401, 0.0343207, -0.926008, 0.37594, -0.165753, -0.376226, -0.911581, 0.00395613, -0.00572865, 0.00250474, 0.00356003, -0.014333, -0.0114446, 0.768993, 0.274587, -0.546199, -2.18529, -0.234658, 2.15068, 0.375277, -0.00172573, -0.00274568, -0.0122521, 0.000561677, -5.13927e-06, 0.0104131, 0.00111434
504152, 10.5059, 0.000320016, 0.0333334, 0.0771018, -0.391394, 0.164053, 0.00436293, -0.000561471, 0.00012264, 0.000153777, 0.040346, 0.411309, 0.012632, 0.499538, 0.0681264, 0.171713, 0.985602, -0.0311259, -0.166194, 0.0341311, -0.926052, 0.37585, -0.165603, -0.37611, -0.911656, 0.00517793, -0.00535301, 0.00497711, 0.00991619, -0.019993, -0.0131924, 0.768926, 0.274497, -0.546292, -2.18529, -0.234654, 2.15083, 0.375279, -0.00593082, -0.00894245, -0.00947041, 0.00111576, 0.00114256, 0.011914, 0.000979544
514511, 10.5159, 0.000376273, 0.0332891, 0.0771412, -0.391297, 0.163859, 0.00424703, -0.000610684, 0.000142629, 0.000170982, 0.040346, 0.411309, 0.012632, 0.499594, 0.0680821, 0.171752, 0.985636, -0.031192, -0.165976, 0.0339684, -0.926094, 0.375761, -0.16543, -0.376002, -0.911732, 0.00493533, -0.00333872, 0.00284031, 0.00844797, -0.019959, -0.00628971, 0.768882, 0.274427, -0.546386, -2.18529, -0.23465, 2.15101, 0.375278, -0.00258995, -0.00456749, -0.00831413, -4.59138e-05, 0.000335241, 0.0171867, 0.000442991
524962, 10.5259, 0.000437381, 0.0332432, 0.0771824, -0.391186, 0.163647, 0.00411828, -0.00066453, 0.000165399, 0.000190159, 0.040346, 0.411309, 0.012632, 0.499655, 0.0680362, 0.171793, 0.985674, -0.031266, -0.165737, 0.0337881, -0.926141, 0.37566, -0.165241, -0.375878, -0.911817, 0.00725716, -0.00475816, 0.00441948, 0.0138771, -0.0273969, -0.0084751, 0.768821, 0.274352, -0.546472, -2.18529, -0.234643, 2.15121, 0.375282, -0.0109363, -0.00774879, -0.00505635, 0.00119774, 0.000126174, 0.022899, -0.000703237
535321, 10.5369, 0.000517415, 0.0331925, 0.0772353, -0.391036, 0.163362, 0.00396702, -0.000735824, 0.000196773, 0.000216027, 0.040346, 0.411309, 0.012632, 0.499735, 0.0679855, 0.171846, 0.985725, -0.0313436, -0.165421, 0.0335677, -0.926206, 0.375521, -0.164984, -0.375713, -0.911932, 0.0055545, 0.00088707, 0.00236336, 0.0154684, -0.0262269, -0.000274329, 0.768746, 0.274254, -0.546573, -2.18529, -0.234631, 2.15148, 0.375285, -0.00201606, -0.00560644, -0.00277585, -0.00159618, 0.00327913, 0.0265078, 0.000631468
545694, 10.5469, 0.000588987, 0.0331511, 0.0772782, -0.39091, 0.163105, 0.00385392, -0.000799005, 0.000223257, 0.000238381, 0.040346, 0.411309, 0.012632, 0.499807, 0.0679441, 0.171889, 0.98577, -0.0313913, -0.165141, 0.0333933, -0.92626, 0.375404, -0.164748, -0.375576, -0.912031, 0.00782226, -0.00325456, 0.00347603, 0.0151742, -0.0325548, -0.00539634, 0.768682, 0.274177, -0.546656, -2.18529, -0.234629, 2.15173, 0.375283, -0.00603612, -0.00611796, -0.00764738, -0.000665292, 0.000626649, 0.0311594, 0.000477831
556174, 10.5569, 0.000700227, 0.0330958, 0.0773374, -0.390726, 0.16271, 0.00369457, -0.000895544, 0.000262114, 0.000271827, 0.040346, 0.411309, 0.012632, 0.499918, 0.0678888, 0.171948, 0.98584, -0.031451, -0.164713, 0.0331406, -0.926339, 0.375231, -0.164382, -0.375377, -0.912179, 0.00976079, -0.00611654, 0.00498375, 0.0178159, -0.0393425, -0.0114561, 0.768591, 0.274082, -0.546774, -2.18528, -0.234624, 2.15212, 0.375283, -0.0100074, -0.00854819, -0.0108032, -0.000179844, 0.000423376, 0.0354598, 0.00103846
566624, 10.5679, 0.000824416, 0.0330523, 0.0773941, -0.390519, 0.162244, 0.00355793, -0.00100689, 0.000306886, 0.000310311, 0.040346, 0.411309, 0.012632, 0.500042, 0.0678453, 0.172005, 0.985922, -0.0314712, -0.16422, 0.0328952, -0.926428, 0.375033, -0.16394, -0.375155, -0.91235, 0.0126189, -0.00311739, 0.00497864, 0.0301913, -0.0525453, -0.0128898, 0.768507, 0.273989, -0.546889, -2.18528, -0.234621, 2.1526, 0.375284, -0.0114768, -0.00835122, -0.00849647, 0.000584677, 0.00926117, 0.0508495, 0.00121541
577060, 10.5789, 0.000975597, 0.0330089, 0.0774502, -0.39028, 0.161673, 0.00342903, -0.00114155, 0.000359036, 0.000355932, 0.040346, 0.411309, 0.012632, 0.500194, 0.0678019, 0.172061, 0.986021, -0.031459, -0.163623, 0.0326346, -0.92653, 0.374802, -0.163392, -0.374902, -0.912552, 0.0134695, -0.00467123, 0.00409901, 0.0228092, -0.0537917, -0.00413535, 0.768408, 0.273906, -0.54701, -2.18528, -0.234625, 2.15321, 0.37528, -0.0102856, -0.00508453, -0.0105659, 0.000122263, -0.000407845, 0.0550132, -0.000128167
587424, 10.5889, 0.00110128, 0.0329753, 0.0774962, -0.390083, 0.161197, 0.00332684, -0.00125381, 0.00040214, 0.000393725, 0.040346, 0.411309, 0.012632, 0.500319, 0.0677683, 0.172107, 0.986104, -0.0314437, -0.163125, 0.0324229, -0.926615, 0.374611, -0.162934, -0.374694, -0.912719, 0.0145449, -0.00183006, 0.00694207, 0.0275755, -0.0610252, -0.000806357, 0.768337, 0.27384, -0.547117, -2.18528, -0.234627, 2.15372, 0.375276, -0.0052953, -0.0113151, -0.0117543, 0.000611195, -0.000358593, 0.0568604, 0.00105823
597864, 10.5989, 0.00126068, 0.0329369, 0.0775635, -0.389834, 0.160593, 0.00319151, -0.00139618, 0.000456391, 0.000441375, 0.040346, 0.411309, 0.012632, 0.500479, 0.0677299, 0.172175, 0.986209, -0.0314305, -0.162494, 0.0321491, -0.926722, 0.37437, -0.162354, -0.374431, -0.912931, 0.0159016, -0.00350992, 0.00806554, 0.0280376, -0.064026, -0.00426953, 0.768275, 0.273745, -0.547273, -2.18527, -0.234625, 2.15434, 0.375276, -0.00521734, -0.0114964, -0.0159706, 0.00267723, 0.000275174, 0.0572695, 0.000421967
608301, 10.6099, 0.00139791, 0.0329061, 0.0776276, -0.389612, 0.16006, 0.00308056, -0.00152146, 0.000505159, 0.000483623, 0.040346, 0.411309, 0.012632, 0.500616, 0.0676991, 0.172239, 0.986301, -0.0314103, -0.161939, 0.0319158, -0.926817, 0.374154, -0.16184, -0.374197, -0.913118, 0.0120512, -0.00246923, 0.00723637, 0.0203282, -0.0500994, -8.32495e-05, 0.768235, 0.273644, -0.547418, -2.18527, -0.234626, 2.15488, 0.375274, -0.000605927, -0.0116325, -0.0145868, 0.000909834, -0.00302199, 0.0432956, 0.000340054
618751, 10.6199, 0.00152472, 0.0328718, 0.077684, -0.389411, 0.159573, 0.00296643, -0.00163657, 0.000548837, 0.000521894, 0.040346, 0.411309, 0.012632, 0.500743, 0.0676648, 0.172295, 0.986385, -0.0314049, -0.161429, 0.0316902, -0.926903, 0.373961, -0.161373, -0.373985, -0.913288, 0.0137654, -0.00125159, 0.00632305, 0.0253568, -0.0563959, 0.00196195, 0.768201, 0.27356, -0.547565, -2.18527, -0.234624, 2.15538, 0.375273, -0.00278643, -0.0091775, -0.012233, 0.00140592, 4.25042e-05, 0.053266, -0.00107179
629202, 10.6309, 0.00169826, 0.0328416, 0.0777555, -0.389131, 0.158906, 0.00282417, -0.00179375, 0.0006103, 0.000574769, 0.040346, 0.411309, 0.012632, 0.500916, 0.0676346, 0.172366, 0.986499, -0.031383, -0.160732, 0.0313949, -0.927023, 0.373688, -0.16073, -0.373689, -0.913522, 0.014032, -0.00204864, 0.00396746, 0.0244968, -0.0587154, -0.00037794, 0.768165, 0.273463, -0.547748, -2.18526, -0.234602, 2.15607, 0.375275, -0.0016113, -0.00409289, -0.015015, -0.000407429, 0.00152793, 0.0608113, 0.000740774
639645, 10.6409, 0.00186217, 0.0328249, 0.0778183, -0.388837, 0.158271, 0.00268215, -0.00194344, 0.000674795, 0.000627417, 0.040346, 0.411309, 0.012632, 0.50108, 0.0676179, 0.172429, 0.986607, -0.0313667, -0.160069, 0.0311051, -0.927148, 0.373402, -0.16012, -0.37338, -0.913755, 0.0155674, -0.0013992, 0.00688491, 0.0376788, -0.0642501, -0.00733337, 0.768127, 0.273378, -0.547904, -2.18525, -0.234544, 2.15674, 0.375276, -0.0026204, -0.0100911, -0.0173517, 0.00149375, 0.0131145, 0.0622771, -0.00388672
650087, 10.6509, 0.00204111, 0.0328277, 0.0778757, -0.388409, 0.157576, 0.00243916, -0.0021112, 0.000767928, 0.000694762, 0.040346, 0.411309, 0.012632, 0.501259, 0.0676207, 0.172487, 0.986726, -0.031427, -0.159325, 0.0306909, -0.927328, 0.37299, -0.159469, -0.372928, -0.914054, 0.0171986, 0.00190423, 0.00545471, 0.0508429, -0.0760222, -0.0129835, 0.768082, 0.2733, -0.548067, -2.18524, -0.234331, 2.15752, 0.37528, -0.00480778, -0.00901284, -0.0135361, -0.000348319, 0.024696, 0.078743, -0.00058727
660528, 10.6619, 0.0022375, 0.0328449, 0.0779425, -0.387863, 0.156831, 0.00210087, -0.00229488, 0.000886171, 0.0007749, 0.040346, 0.411309, 0.012632, 0.501455, 0.0676379, 0.172553, 0.986853, -0.0315618, -0.158511, 0.0301612, -0.927556, 0.372466, -0.158784, -0.372349, -0.914409, 0.0208772, 0.00062254, 0.00814803, 0.0587651, -0.0891499, -0.0335638, 0.768014, 0.273208, -0.548226, -2.18521, -0.233992, 2.15836, 0.375286, -0.00350022, -0.0092146, -0.0223749, 0.0060548, 0.0364131, 0.0822592, 0.00659721
670969, 10.6719, 0.00245577, 0.0328624, 0.0780083, -0.387231, 0.156038, 0.00165636, -0.00249387, 0.00102209, 0.000864597, 0.040346, 0.411309, 0.012632, 0.5017, 0.0676584, 0.172629, 0.987002, -0.0318101, -0.157526, 0.0294349, -0.927848, 0.371794, -0.157987, -0.371599, -0.914852, 0.0250219, 0.00281607, 0.00978525, 0.0743424, -0.10357, -0.0327966, 0.767917, 0.273131, -0.548425, -2.18514, -0.233491, 2.15937, 0.3753, -0.00841443, -0.0112492, -0.0193962, 0.0089961, 0.0457384, 0.097316, 0.00111874
681423, 10.6829, 0.00272596, 0.0328547, 0.0780896, -0.386421, 0.155083, 0.001021, -0.00273806, 0.00119534, 0.000976851, 0.040346, 0.411309, 0.012632, 0.501944, 0.0676477, 0.172701, 0.987147, -0.0321521, -0.156547, 0.0286197, -0.928154, 0.371095, -0.157231, -0.370806, -0.915304, 0.0251453, -0.00342362, 0.00889471, 0.0778372, -0.103482, -0.049753, 0.76778, 0.27306, -0.548654, -2.18508, -0.232936, 2.16039, 0.375304, -0.0150516, -0.0103001, -0.0260843, 0.00642779, 0.0529385, 0.10023, 6.60515e-06
691860, 10.6929, 0.00300459, 0.0328149, 0.078187, -0.385558, 0.154144, 0.000259923, -0.0029843, 0.0013782, 0.00109284, 0.040346, 0.411309, 0.012632, 0.502223, 0.0676079, 0.172798, 0.987303, -0.0326436, -0.155456, 0.0276036, -0.928508, 0.370285, -0.156429, -0.369875, -0.915818, 0.0259398, -0.00458439, 0.00966956, 0.0843516, -0.105418, -0.0598196, 0.7676, 0.272958, -0.548951, -2.18499, -0.232261, 2.16148, 0.375304, -0.0206308, -0.0115349, -0.025207, 0.00807436, 0.0606471, 0.100265, -0.000191397
702146, 10.7039, 0.00329126, 0.0327366, 0.0782971, -0.384713, 0.153199, -0.000541573, -0.00323375, 0.00155655, 0.00120704, 0.040346, 0.411309, 0.012632, 0.502509, 0.0675296, 0.172908, 0.987459, -0.0331767, -0.15435, 0.0265482, -0.928854, 0.369494, -0.155627, -0.368958, -0.916324, 0.0288612, -0.00543439, 0.0128079, 0.0804026, -0.112815, -0.0532834, 0.767376, 0.272834, -0.549273, -2.1849, -0.231629, 2.16256, 0.375302, -0.0173921, -0.0136218, -0.0300244, 0.0124932, 0.0520214, 0.100872, -0.0010186
712480, 10.7139, 0.00356319, 0.0326182, 0.0784003, -0.383977, 0.152302, -0.00130778, -0.00347031, 0.00171097, 0.00130894, 0.040346, 0.411309, 0.012632, 0.502781, 0.0674112, 0.173011, 0.987605, -0.0336952, -0.153302, 0.0255479, -0.929154, 0.36881, -0.154868, -0.368155, -0.916776, 0.0276406, -0.0134351, 0.0104481, 0.0794629, -0.109726, -0.072195, 0.767125, 0.272712, -0.5496, -2.18484, -0.231126, 2.16359, 0.375312, -0.0286404, -0.0120785, -0.0334212, 0.00671033, 0.0545549, 0.103236, 0.00155186
722712, 10.7239, 0.00381359, 0.0324708, 0.0785008, -0.383364, 0.151483, -0.00199318, -0.00368567, 0.00183886, 0.00139623, 0.040346, 0.411309, 0.012632, 0.503032, 0.0672638, 0.173112, 0.987736, -0.0341602, -0.152347, 0.0246546, -0.929403, 0.368243, -0.154171, -0.367483, -0.917163, 0.0281694, -0.0174783, 0.0116861, 0.0687076, -0.108676, -0.0659516, 0.76685, 0.272583, -0.549906, -2.1848, -0.230767, 2.16452, 0.375318, -0.0305507, -0.013405, -0.0358976, 0.00678133, 0.0397754, 0.0996962, 0.000915583
732954, 10.7339, 0.00410163, 0.0322707, 0.0786206, -0.382687, 0.150553, -0.00282156, -0.00393258, 0.0019792, 0.00149337, 0.040346, 0.411309, 0.012632, 0.50332, 0.0670637, 0.173232, 0.987884, -0.0347406, -0.151253, 0.0235922, -0.929676, 0.367621, -0.153388, -0.366736, -0.917593, 0.0309615, -0.0199994, 0.0137545, 0.0766907, -0.125404, -0.0655729, 0.766488, 0.272423, -0.55026, -2.18476, -0.230397, 2.16557, 0.375344, -0.0387362, -0.0221137, -0.0350578, 0.000810629, 0.0343932, 0.117714, 0.00151394
743224, 10.7449, 0.00443095, 0.0320098, 0.0787406, -0.381909, 0.149485, -0.00388406, -0.00422055, 0.00213859, 0.0016044, 0.040346, 0.411309, 0.012632, 0.503649, 0.0668028, 0.173352, 0.988051, -0.0355196, -0.149977, 0.0222619, -0.929988, 0.366915, -0.152509, -0.365869, -0.918085, 0.0307213, -0.0246421, 0.0111361, 0.0738968, -0.124504, -0.0905758, 0.766002, 0.272261, -0.550654, -2.18474, -0.229968, 2.16682, 0.375438, -0.0483967, -0.0152316, -0.0344281, 0.00210312, 0.040527, 0.11625, 0.013644
753496, 10.7549, 0.00476972, 0.0317191, 0.0788643, -0.381031, 0.148389, -0.00519354, -0.00452593, 0.00231676, 0.00172516, 0.040346, 0.411309, 0.012632, 0.503988, 0.0665121, 0.173475, 0.988219, -0.0365321, -0.148623, 0.0206711, -0.930336, 0.366125, -0.151645, -0.364884, -0.91862, 0.0307496, -0.0246499, 0.0109632, 0.0851589, -0.129997, -0.107284, 0.765415, 0.272075, -0.551039, -2.18473, -0.229434, 2.16812, 0.375631, -0.0534957, -0.0176348, -0.0328999, -9.97555e-05, 0.0534152, 0.121747, 0.0188074
763746, 10.7649, 0.00504563, 0.031458, 0.0789552, -0.380243, 0.147494, -0.00648655, -0.00478502, 0.00247466, 0.00182976, 0.040346, 0.411309, 0.012632, 0.504264, 0.066251, 0.173566, 0.988352, -0.0375776, -0.147475, 0.0191427, -0.930644, 0.365425, -0.150978, -0.363992, -0.919084, 0.0303427, -0.0300116, 0.0095625, 0.0859898, -0.128962, -0.130822, 0.764872, 0.271928, -0.551358, -2.18474, -0.228896, 2.16922, 0.37589, -0.0607584, -0.01464, -0.036692, -0.000712851, 0.0614832, 0.120477, 0.0254953
773975, 10.7749, 0.00538294, 0.0311817, 0.0790612, -0.379287, 0.146368, -0.00801473, -0.00510596, 0.00266739, 0.00195751, 0.040346, 0.411309, 0.012632, 0.504601, 0.0659747, 0.173672, 0.988516, -0.0387988, -0.146052, 0.0173232, -0.931014, 0.364571, -0.150122, -0.362914, -0.91965, 0.0329999, -0.0259461, 0.0111478, 0.0967095, -0.146778, -0.134034, 0.764098, 0.271732, -0.551752, -2.18474, -0.228113, 2.17087, 0.376313, -0.0647805, -0.0197807, -0.0288898, -0.00136204, 0.0642546, 0.135012, 0.0348909
784304, 10.7859, 0.00575918, 0.0308568, 0.0791638, -0.378193, 0.145115, -0.00977365, -0.00546543, 0.00288834, 0.00210171, 0.040346, 0.411309, 0.012632, 0.504977, 0.0656498, 0.173775, 0.988693, -0.0402151, -0.144459, 0.0152388, -0.931434, 0.363592, -0.149176, -0.361682, -0.920289, 0.0340234, -0.0284592, 0.00914072, 0.10427, -0.151799, -0.151385, 0.763494, 0.271603, -0.552071, -2.18476, -0.227482, 2.17215, 0.376637, -0.0682409, -0.0150268, -0.0334302, -0.00208938, 0.0775846, 0.144135, 0.037136
794538, 10.7959, 0.00611303, 0.030561, 0.0792469, -0.377143, 0.143943, -0.0113767, -0.00579941, 0.00310209, 0.00223816, 0.040346, 0.411309, 0.012632, 0.505331, 0.065354, 0.173858, 0.988855, -0.041497, -0.142979, 0.013331, -0.931832, 0.362645, -0.148281, -0.360509, -0.920894, 0.0347478, -0.0300945, 0.00845857, 0.108085, -0.152572, -0.154799, 0.762795, 0.271482, -0.552412, -2.18478, -0.226728, 2.17366, 0.37695, -0.0725442, -0.0131693, -0.033576, -0.0019083, 0.0824047, 0.148005, 0.0332758
