timestamp, robot_time[1], robot_ee_pos_error[3], robot_ee_ori_error[3], sensed_forces_moments[6], robot_ee_position[3], robot_ee_orientation[9], robot_ee_linear_velocity[3], robot_ee_angular_velocity[3], joint_angles[7], joint_velocities[7], 
10261, 10.9328, 0.0138369, -0.0664005, 0.112401, -0.23738, -0.374592, 0.725835, 0.0433825, 0.417025, 0.157839, 0.035234, 0.420139, 0.016686, 0.513055, -0.0316075, 0.207012, 0.564438, 0.783289, 0.260517, 0.675039, -0.619629, 0.400477, 0.475113, -0.0501851, -0.878492, 0.0014126, -0.00463734, 3.22998e-06, -0.000534685, 0.000754285, -0.00911318, -0.0856947, 0.0118753, -0.0229994, -2.63833, -0.274788, 3.14856, -0.722181, -0.0183444, 0.00392915, 0.00960083, 0.00590553, -0.00214255, -0.00276642, 0.0021681
20481, 10.9428, 0.0138484, -0.0664387, 0.112407, -0.237392, -0.37462, 0.725751, 0.0518339, 0.422017, 0.157706, 0.035286, 0.420034, 0.016552, 0.513066, -0.0316457, 0.207018, 0.564529, 0.783208, 0.26056, 0.674951, -0.619728, 0.400471, 0.475129, -0.0502125, -0.878482, 0.00161963, -0.00273658, 0.000867463, 0.00682592, -0.00277494, -0.015488, -0.0857503, 0.0118938, -0.0230008, -2.6383, -0.274695, 3.14857, -0.722195, -0.00196397, 0.0019838, -0.000197218, 0.00395274, 0.0166319, 4.32899e-05, -0.00151449
30642, 10.9528, 0.0138676, -0.0664666, 0.112418, -0.237398, -0.374657, 0.725664, 0.0560857, 0.414738, 0.157693, 0.035635, 0.419986, 0.016557, 0.513086, -0.0316736, 0.207029, 0.56462, 0.783125, 0.260614, 0.674861, -0.619832, 0.400464, 0.47515, -0.0502316, -0.87847, 0.00357103, -0.00194064, 0.00332458, 0.00638389, -0.00829814, -0.0139069, -0.0857608, 0.0119179, -0.0230221, -2.63825, -0.274588, 3.14857, -0.722195, -0.0012316, 0.000444393, 0.000771269, 0.00784024, 0.0152746, 0.00016267, 2.8186e-06
40823, 10.9628, 0.013898, -0.0664839, 0.112429, -0.237401, -0.374701, 0.725587, 0.0603032, 0.417189, 0.15012, 0.03544, 0.420062, 0.016692, 0.513116, -0.0316909, 0.20704, 0.564693, 0.783053, 0.260673, 0.674779, -0.619923, 0.40046, 0.475179, -0.0502397, -0.878454, 0.00368475, -0.000449753, 0.0010677, 0.00469904, -0.00414994, -0.00771652, -0.0857522, 0.0119649, -0.0230372, -2.63817, -0.274467, 3.14857, -0.722203, 0.00265046, 0.00631087, -0.000660875, 0.00964197, 0.0123903, 0.000287817, -0.00134115
51000, 10.9728, 0.0139325, -0.0664919, 0.112441, -0.237398, -0.374749, 0.725512, 0.0603161, 0.417221, 0.157776, 0.035662, 0.419932, 0.016692, 0.513151, -0.0316989, 0.207052, 0.564761, 0.782981, 0.260741, 0.6747, -0.620014, 0.400453, 0.47521, -0.0502386, -0.878437, 0.00268984, -0.000470941, 0.001184, 0.00607079, -0.00376933, -0.0102911, -0.0857346, 0.0120195, -0.0230412, -2.63808, -0.274339, 3.14857, -0.722201, 0.00214673, 0.00350763, -0.000212559, 0.0066584, 0.013426, -6.88938e-05, 0.000434398
61170, 10.9838, 0.0139838, -0.066488, 0.112464, -0.237402, -0.374816, 0.725452, 0.0560118, 0.414717, 0.150019, 0.035413, 0.420116, 0.016556, 0.513202, -0.031695, 0.207075, 0.564795, 0.782931, 0.260817, 0.674631, -0.620078, 0.40047, 0.475268, -0.0502283, -0.878406, 0.00473591, 0.00055282, 0.000971315, 0.00406608, -0.00446279, -0.00484519, -0.0856991, 0.0120858, -0.0230377, -2.63795, -0.274218, 3.14857, -0.722202, 0.00482766, 0.00902778, -0.000972885, 0.0127318, 0.0105322, 0.00029596, -0.000618931
71323, 10.9938, 0.0140354, -0.0664796, 0.112488, -0.23741, -0.374879, 0.72541, 0.0518337, 0.417041, 0.150142, 0.035225, 0.419785, 0.016689, 0.513253, -0.0316866, 0.207099, 0.564806, 0.782901, 0.260884, 0.674579, -0.620116, 0.400498, 0.475329, -0.0502165, -0.878374, 0.00472943, 0.000996613, 0.00312634, 0.00216822, -0.00852988, -0.00181153, -0.0856672, 0.0121481, -0.0230275, -2.63782, -0.27413, 3.14857, -0.7222, 0.00310692, 0.00355505, 0.000601681, 0.0112136, 0.00496135, 0.000608842, 0.0013974
81476, 11.0038, 0.0140864, -0.066467, 0.112512, -0.237421, -0.374934, 0.725394, 0.0475623, 0.414562, 0.150045, 0.035198, 0.419839, 0.016554, 0.513304, -0.031674, 0.207123, 0.564788, 0.782897, 0.260935, 0.674552, -0.620123, 0.400534, 0.475389, -0.0502031, -0.878342, 0.00555716, 0.00145473, 0.003253, 0.000380013, -0.00862414, 0.00214231, -0.0856258, 0.012212, -0.0230241, -2.63769, -0.274075, 3.14857, -0.722204, 0.00398469, 0.00514649, 0.000833538, 0.0136745, 0.00481248, -1.21254e-06, -0.00177929
91625, 11.0138, 0.0141435, -0.0664528, 0.112544, -0.237447, -0.375001, 0.725393, 0.0476089, 0.424448, 0.142575, 0.035541, 0.419957, 0.016689, 0.513361, -0.0316598, 0.207155, 0.56474, 0.782915, 0.260985, 0.674533, -0.620101, 0.400599, 0.475472, -0.050191, -0.878298, 0.0058987, 0.00180876, 0.00249917, -0.00263333, -0.00709144, 0.00788332, -0.0855842, 0.0122688, -0.0230249, -2.63755, -0.274062, 3.14858, -0.722204, 0.00416891, 0.00789691, 0.000747577, 0.0154065, 0.00067257, -0.000190346, -0.00407582
101768, 11.0238, 0.0142032, -0.0664437, 0.11258, -0.23748, -0.375063, 0.725398, 0.0433317, 0.416951, 0.150164, 0.035233, 0.419887, 0.016687, 0.513421, -0.0316507, 0.207191, 0.564686, 0.78294, 0.261026, 0.674519, -0.620069, 0.400672, 0.475556, -0.0501866, -0.878253, 0.00401025, 0.00300904, -0.000485312, -0.00128229, -0.000730486, 0.00838468, -0.0855541, 0.0123242, -0.0230245, -2.6374, -0.274062, 3.14858, -0.722212, 0.00613488, 0.0106552, 0.000655133, 0.0117961, 0.000211402, -0.000292783, -0.00206685
111922, 11.0338, 0.014262, -0.0664366, 0.112615, -0.237511, -0.375124, 0.725391, 0.0432659, 0.421967, 0.150095, 0.035515, 0.420262, 0.016552, 0.51348, -0.0316436, 0.207226, 0.56465, 0.782952, 0.261069, 0.674494, -0.620055, 0.400736, 0.475634, -0.0501856, -0.87821, 0.00573131, 0.00157104, 0.00324291, -0.000647959, -0.00871949, 0.00353968, -0.0855292, 0.0123761, -0.0230217, -2.63725, -0.274061, 3.14857, -0.722202, 0.00364436, 0.00565421, 0.000660494, 0.0143766, 0.000195069, 1.63525e-05, 0.000682504
122080, 11.0438, 0.0143287, -0.0664287, 0.112662, -0.237554, -0.375208, 0.725384, 0.0433253, 0.416986, 0.142532, 0.035454, 0.420014, 0.016689, 0.513547, -0.0316357, 0.207273, 0.564594, 0.782972, 0.26113, 0.674464, -0.620029, 0.400827, 0.475744, -0.0501817, -0.878151, 0.00698035, 0.000124321, 0.00402324, -0.00105009, -0.0106124, 0.00118775, -0.0855, 0.0124215, -0.0230217, -2.63709, -0.274057, 3.14858, -0.722206, 0.0007029, 0.006944, 0.00109898, 0.0178701, 0.000173626, -0.000273352, 0.000490924
132222, 11.0548, 0.0144017, -0.0664241, 0.112716, -0.237604, -0.375294, 0.725375, 0.0475081, 0.419465, 0.150228, 0.035482, 0.420212, 0.016822, 0.51362, -0.0316311, 0.207327, 0.564541, 0.78299, 0.261188, 0.674428, -0.620006, 0.400923, 0.475857, -0.0501854, -0.878089, 0.00453293, 0.00110306, 0.00274607, -0.000980432, -0.00721575, 0.00328687, -0.0854721, 0.0124635, -0.0230242, -2.63691, -0.274057, 3.14857, -0.722206, 0.00315765, 0.00404384, -8.85975e-05, 0.0112715, -0.000201391, 5.26911e-05, -3.45494e-05
142363, 11.0648, 0.0144635, -0.0664214, 0.112761, -0.237646, -0.37537, 0.725362, 0.0432738, 0.421816, 0.150035, 0.035293, 0.419883, 0.016552, 0.513681, -0.0316284, 0.207372, 0.564499, 0.783003, 0.261243, 0.674393, -0.61999, 0.401007, 0.475957, -0.0501879, -0.878035, 0.00630502, -0.00043103, 0.00606826, -0.00101183, -0.0141336, -0.000529118, -0.0854557, 0.0125001, -0.0230217, -2.63676, -0.274054, 3.14857, -0.722206, 0.000933429, 0.000172917, -0.000423962, 0.0144429, 2.49809e-05, -0.000112392, 0.00114614
152512, 11.0748, 0.0145325, -0.0664201, 0.112819, -0.237701, -0.375469, 0.725346, 0.0432841, 0.416921, 0.14249, 0.035454, 0.420014, 0.016689, 0.51375, -0.0316271, 0.20743, 0.564445, 0.783018, 0.261312, 0.674347, -0.61997, 0.401115, 0.476086, -0.050192, -0.877965, 0.00868133, -0.000255943, 0.0084895, -0.00211258, -0.0197098, 0.0013199, -0.0854399, 0.0125237, -0.0230217, -2.6366, -0.274056, 3.14858, -0.722208, 0.000916522, -0.000133452, 0.000439831, 0.0196789, 0.000187731, 1.06269e-05, -0.000138918
162659, 11.0848, 0.0145943, -0.0664283, 0.112871, -0.237753, -0.375549, 0.72532, 0.0432453, 0.421771, 0.150007, 0.035293, 0.419883, 0.016552, 0.513812, -0.0316353, 0.207482, 0.564418, 0.783019, 0.261369, 0.674296, -0.619968, 0.401204, 0.476191, -0.050207, -0.877908, 0.00601665, -0.000986957, 0.0055723, -0.00188183, -0.0130023, 0.000179897, -0.0854408, 0.0125435, -0.0230217, -2.63645, -0.274051, 3.14857, -0.722209, -0.000817561, 0.000814083, 0.000234448, 0.0140396, 0.000279541, -0.000101803, -0.00115996
172920, 11.0948, 0.014663, -0.0664299, 0.112933, -0.237811, -0.375646, 0.725301, 0.0432391, 0.416807, 0.150071, 0.035233, 0.419887, 0.016687, 0.513881, -0.0316369, 0.207544, 0.564369, 0.783032, 0.261437, 0.674247, -0.619951, 0.401313, 0.476319, -0.0502158, -0.877838, 0.00652407, -0.000471893, 0.00529921, -0.00211675, -0.0128211, 0.0017266, -0.0854302, 0.0125574, -0.0230211, -2.63629, -0.274052, 3.14857, -0.722212, 0.000528348, 0.00270929, -4.15927e-05, 0.0156145, 0.000130197, 6.90438e-05, -0.00152782
183141, 11.1048, 0.0147339, -0.0664385, 0.113001, -0.237877, -0.37576, 0.725263, 0.04748, 0.41925, 0.150143, 0.035259, 0.419833, 0.016822, 0.513952, -0.0316455, 0.207612, 0.564333, 0.78303, 0.261521, 0.674175, -0.619953, 0.401431, 0.476463, -0.0502301, -0.877758, 0.00923388, 1.72296e-05, 0.00928767, -0.000123927, -0.0215632, -0.00157965, -0.0854298, 0.0125614, -0.0230239, -2.63613, -0.27405, 3.14858, -0.722205, 0.00262736, -0.00086155, -0.000155405, 0.0205863, 0.00301856, 4.30512e-06, 0.0015937
193323, 11.1158, 0.0148008, -0.0664462, 0.11306, -0.237935, -0.37585, 0.725237, 0.051676, 0.416807, 0.149988, 0.035225, 0.419785, 0.016689, 0.514019, -0.0316532, 0.207671, 0.564297, 0.783035, 0.261583, 0.674121, -0.619945, 0.401534, 0.476582, -0.0502456, -0.877693, 0.00720119, -0.000282057, 0.00640333, -0.00049588, -0.015114, -0.00126762, -0.0854259, 0.0125755, -0.023027, -2.63597, -0.274047, 3.14857, -0.722209, 0.00182912, 0.00150799, -0.000744209, 0.0168917, 0.000442768, -0.000313681, 0.00219573
203488, 11.1258, 0.014864, -0.0664553, 0.113125, -0.237998, -0.375955, 0.725203, 0.0473847, 0.419231, 0.157731, 0.03526, 0.420085, 0.016821, 0.514082, -0.0316623, 0.207736, 0.564261, 0.783035, 0.26166, 0.674055, -0.619944, 0.401646, 0.476717, -0.0502601, -0.877619, 0.00464625, -0.000845276, 0.00484629, -0.000779236, -0.0114259, -0.00126951, -0.0854312, 0.0125702, -0.023027, -2.63583, -0.274047, 3.14858, -0.722207, -0.000667493, -0.00066791, -4.61924e-05, 0.0103334, -1.08222e-05, 0.000460336, 0.000714957
213664, 11.1358, 0.0149288, -0.0664622, 0.113186, -0.238057, -0.376052, 0.725175, 0.0431901, 0.416778, 0.142396, 0.035454, 0.420014, 0.016689, 0.514147, -0.0316692, 0.207797, 0.564225, 0.783038, 0.261729, 0.673997, -0.619939, 0.401752, 0.476843, -0.0502737, -0.87755, 0.00580198, -0.00115577, 0.00459013, -0.000591954, -0.0114089, -0.00220285, -0.0854283, 0.0125764, -0.0230295, -2.63568, -0.274046, 3.14858, -0.722206, 0.000226763, 0.00286057, -0.00120933, 0.0140798, 0.00020792, 0.000194776, 0.00121514
223892, 11.1458, 0.0149904, -0.0664665, 0.113246, -0.238113, -0.376146, 0.725149, 0.0473958, 0.414284, 0.157501, 0.03542, 0.419709, 0.016554, 0.514208, -0.0316735, 0.207857, 0.564185, 0.783044, 0.261797, 0.673943, -0.619931, 0.401855, 0.476966, -0.0502845, -0.877482, 0.00786344, -0.000660683, 0.00713384, -0.00122217, -0.0186146, 0.000208676, -0.0854284, 0.0125756, -0.0230242, -2.63554, -0.274042, 3.14858, -0.722208, -0.000764224, 0.00170485, 0.000836684, 0.0175325, 5.44309e-05, 0.00291902, 0.000223217
234088, 11.1558, 0.0150547, -0.0664727, 0.113308, -0.238172, -0.376239, 0.725122, 0.047403, 0.419131, 0.150066, 0.035259, 0.419833, 0.016822, 0.514273, -0.0316797, 0.207919, 0.56415, 0.783047, 0.261862, 0.673886, -0.619925, 0.401958, 0.477087, -0.0502991, -0.877415, 0.00835896, 0.000521434, 0.00775216, -0.00117589, -0.0184592, 0.00144855, -0.0854256, 0.0125764, -0.0230242, -2.63539, -0.274041, 3.14857, -0.722206, 0.00159532, 0.00091096, 0.00117721, 0.0190463, 0.000295293, 0.000358202, 0.00127123
244243, 11.1668, 0.0151201, -0.0664809, 0.113372, -0.238234, -0.376339, 0.725092, 0.047337, 0.414216, 0.149819, 0.035198, 0.419839, 0.016554, 0.514338, -0.0316879, 0.207983, 0.564112, 0.783051, 0.261933, 0.673826, -0.619919, 0.402069, 0.477218, -0.0503144, -0.877343, 0.00673839, 0.000326913, 0.00645343, -0.00117807, -0.0149885, 0.00112836, -0.0854251, 0.0125767, -0.023027, -2.63524, -0.274042, 3.14857, -0.722206, 0.00285342, 0.000192375, -0.000798682, 0.0153588, -5.22324e-05, -0.000142275, 0.00109261
254391, 11.1768, 0.0151822, -0.066486, 0.113431, -0.238292, -0.376436, 0.72507, 0.0515816, 0.416662, 0.149894, 0.035225, 0.419785, 0.016689, 0.5144, -0.031693, 0.208042, 0.564067, 0.783061, 0.262001, 0.673774, -0.619906, 0.402176, 0.477344, -0.0503246, -0.877274, 0.00813734, -0.000737833, 0.00720618, -0.00242349, -0.0170192, 0.00119007, -0.0854259, 0.0125817, -0.0230242, -2.6351, -0.274043, 3.14858, -0.722212, -0.000259221, 0.00191633, 0.000511955, 0.0191641, -0.000272152, -7.04437e-05, -0.00079936
264535, 11.1868, 0.0152395, -0.0664933, 0.113489, -0.238348, -0.376526, 0.725043, 0.0516122, 0.41673, 0.149929, 0.035669, 0.419782, 0.016691, 0.514458, -0.0317003, 0.2081, 0.564033, 0.783063, 0.262065, 0.673719, -0.619901, 0.402275, 0.477461, -0.0503381, -0.87721, 0.00664799, -0.000746458, 0.00700524, -0.002444, -0.0159566, 0.00134245, -0.085428, 0.0125774, -0.023024, -2.63497, -0.274042, 3.14858, -0.722213, -0.00112187, -0.00124195, 0.00107284, 0.0148357, 8.2285e-05, 4.95098e-05, -0.00165678
274687, 11.1968, 0.015292, -0.0664989, 0.11354, -0.238395, -0.376608, 0.725014, 0.0515895, 0.4117, 0.157596, 0.035387, 0.419658, 0.016825, 0.51451, -0.0317059, 0.208151, 0.564008, 0.783061, 0.262126, 0.673666, -0.619904, 0.40236, 0.477565, -0.0503491, -0.877152, 0.00398769, -0.000241694, 0.00385385, -0.000669652, -0.00903561, -0.000218217, -0.0854271, 0.0125781, -0.0230242, -2.63485, -0.274039, 3.14858, -0.722206, -0.000396628, 0.000118294, 0.000701017, 0.00912524, -0.000346617, 5.18211e-05, 0.000954233
284830, 11.2068, 0.015349, -0.0665044, 0.113597, -0.23845, -0.376695, 0.724992, 0.0515758, 0.411678, 0.157582, 0.035387, 0.419658, 0.016825, 0.514567, -0.0317114, 0.208208, 0.56397, 0.783068, 0.262187, 0.673617, -0.619894, 0.402458, 0.47768, -0.0503608, -0.877089, 0.00331953, 0.00120021, 0.00348637, -0.000736303, -0.00772259, 0.0027495, -0.0854226, 0.0125768, -0.023027, -2.63472, -0.274037, 3.14858, -0.722212, 0.000996808, -0.000866371, 0.00205882, 0.00723463, 8.99036e-05, -0.000356243, 0.00020874
294972, 11.2168, 0.0153965, -0.0665112, 0.113642, -0.238494, -0.376766, 0.724971, 0.0473055, 0.409191, 0.15748, 0.03536, 0.419712, 0.01669, 0.514615, -0.0317182, 0.208253, 0.563944, 0.78307, 0.262237, 0.673573, -0.61989, 0.402537, 0.477772, -0.0503725, -0.877038, 0.00392206, 0.000457851, 0.00382961, -0.00128704, -0.0089895, 0.00234454, -0.0854231, 0.0125806, -0.0230298, -2.63461, -0.274038, 3.14858, -0.722212, 0.00208563, -6.44479e-05, -0.000445745, 0.00875972, -0.000231541, 0.000260641, -0.00052988
305119, 11.2278, 0.0154491, -0.0665151, 0.113693, -0.238543, -0.376846, 0.72495, 0.0515247, 0.411621, 0.149907, 0.035165, 0.419788, 0.016825, 0.514667, -0.0317221, 0.208304, 0.563909, 0.783076, 0.262294, 0.673528, -0.619882, 0.402625, 0.477877, -0.0503822, -0.876981, 0.00290875, -0.000178899, 0.00302445, 0.000342699, -0.00708043, -0.00121477, -0.0854223, 0.0125806, -0.023027, -2.63449, -0.274037, 3.14858, -0.722214, 0.000452638, -0.000473285, 0.000249136, 0.0063302, 0.00276925, 0.000204467, -0.000561933
315258, 11.2378, 0.0154931, -0.06652, 0.113738, -0.238585, -0.376915, 0.724928, 0.0515583, 0.411694, 0.149936, 0.035609, 0.419785, 0.016826, 0.514711, -0.031727, 0.208349, 0.563886, 0.783076, 0.262344, 0.673484, -0.619881, 0.4027, 0.477967, -0.050392, -0.876931, 0.00240029, -0.00012534, 0.00275289, -0.000828618, -0.00614057, 0.00056853, -0.0854226, 0.0125778, -0.023027, -2.63439, -0.274037, 3.14858, -0.72221, 0.000347986, -0.00103556, -9.37163e-05, 0.00519144, -3.0919e-05, -3.43921e-05, -0.000330658
325411, 11.2478, 0.0155325, -0.0665246, 0.113776, -0.238621, -0.376977, 0.724905, 0.0472618, 0.414079, 0.157367, 0.03542, 0.419709, 0.016554, 0.514751, -0.0317316, 0.208387, 0.563868, 0.783074, 0.262391, 0.673443, -0.619884, 0.402764, 0.478045, -0.0504004, -0.876888, 0.00469113, -0.000553456, 0.00526204, -0.000660567, -0.011796, -0.00116626, -0.0854223, 0.0125778, -0.023027, -2.6343, -0.274032, 3.14858, -0.722206, 0.000455865, -0.00169771, -0.0004309, 0.0103011, 0.000571936, -0.000206931, 0.000757497
335552, 11.2578, 0.0155671, -0.0665283, 0.113809, -0.238653, -0.377028, 0.724894, 0.047263, 0.409126, 0.157438, 0.03536, 0.419712, 0.01669, 0.514785, -0.0317353, 0.20842, 0.563844, 0.783079, 0.262425, 0.673416, -0.619875, 0.402822, 0.478113, -0.0504078, -0.876851, 0.00531426, -5.6668e-05, 0.0052404, -0.00192683, -0.0122036, 0.0021886, -0.0854223, 0.0125806, -0.023027, -2.63422, -0.274033, 3.14858, -0.722211, 0.000886641, -0.000118174, 6.87198e-05, 0.0119864, -0.0001294, 0.00024298, -0.00123693
345717, 11.2678, 0.0155922, -0.0665287, 0.113833, -0.238674, -0.377061, 0.724886, 0.0472579, 0.409118, 0.157433, 0.03536, 0.419712, 0.01669, 0.51481, -0.0317357, 0.208444, 0.563829, 0.783083, 0.262448, 0.673397, -0.619871, 0.40286, 0.478157, -0.0504125, -0.876827, 0.00485704, 0.00114604, 0.0046843, -0.000754348, -0.010669, 0.00234391, -0.0854195, 0.0125806, -0.0230242, -2.63416, -0.274032, 3.14857, -0.72221, 0.00190163, -8.73547e-05, 0.0013615, 0.0109776, -2.12033e-05, -0.000389429, 0.00101593
355881, 11.2778, 0.0156155, -0.066535, 0.113858, -0.2387, -0.377104, 0.724868, 0.0472676, 0.409168, 0.149816, 0.035582, 0.419839, 0.016691, 0.514833, -0.031742, 0.208469, 0.563819, 0.783079, 0.26248, 0.673367, -0.619875, 0.402904, 0.478211, -0.0504196, -0.876797, 0.00158253, -0.00108477, 0.00190078, -0.000253814, -0.00425123, -0.00209399, -0.0854276, 0.0125779, -0.0230242, -2.63411, -0.274031, 3.14858, -0.722209, -0.00243898, -0.000748976, 0.000700236, 0.00354437, 0.000146709, -4.03499e-05, 0.000253095
366100, 11.2878, 0.015628, -0.0665407, 0.11387, -0.238714, -0.377121, 0.724861, 0.0472481, 0.409103, 0.157423, 0.03536, 0.419712, 0.01669, 0.514846, -0.0317477, 0.208481, 0.563814, 0.783078, 0.262491, 0.673353, -0.619875, 0.402927, 0.478235, -0.0504265, -0.876783, 0.000354923, -0.00196602, 0.000705498, -0.000370145, -0.00131741, -0.003338, -0.0854301, 0.0125799, -0.0230305, -2.63408, -0.274033, 3.14858, -0.722213, -0.00273532, -0.000648444, -0.000861373, 0.000959779, 0.000561952, -0.000270277, -0.000898375
376328, 11.2988, 0.015642, -0.0665376, 0.113885, -0.238725, -0.377146, 0.724856, 0.0472328, 0.409137, 0.142159, 0.03536, 0.419969, 0.016691, 0.51486, -0.0317446, 0.208496, 0.563802, 0.783081, 0.26251, 0.673342, -0.619872, 0.40295, 0.478265, -0.0504252, -0.876766, 0.00175472, 0.00258167, 0.00179702, -0.000491174, -0.00372847, 0.00540482, -0.0854248, 0.0125753, -0.0230263, -2.63405, -0.27403, 3.14858, -0.72221, 0.000431847, -0.00066663, 0.00496971, 0.00359455, 8.9728e-05, -0.000519543, -0.000169377
386553, 11.3088, 0.0156408, -0.0665365, 0.113879, -0.238721, -0.377138, 0.724861, 0.0472623, 0.409159, 0.14981, 0.035582, 0.419839, 0.016691, 0.514859, -0.0317435, 0.20849, 0.563801, 0.783084, 0.262504, 0.673349, -0.619869, 0.402943, 0.478256, -0.0504236, -0.876772, -0.000141895, 0.00105608, -0.00086745, 0.000576448, 0.00152757, 0.00129836, -0.0854223, 0.0125859, -0.0230271, -2.63405, -0.274031, 3.14858, -0.722212, 0.00134613, 0.00170724, 0.000654001, -4.13401e-05, 2.2994e-05, 0.000175177, 0.000802995
396766, 11.3188, 0.0156434, -0.0665371, 0.113881, -0.238722, -0.377135, 0.724862, 0.0514781, 0.411549, 0.149861, 0.035165, 0.419788, 0.016825, 0.514861, -0.0317441, 0.208492, 0.563802, 0.783084, 0.2625, 0.67335, -0.619868, 0.402943, 0.478254, -0.0504259, -0.876773, 0.000191449, -0.000876605, -0.000157273, 0.000435364, 0.000224563, -0.00248664, -0.0854248, 0.0125887, -0.0230242, -2.63404, -0.274031, 3.14857, -0.722213, -0.00222218, 0.000986698, 0.000609053, 0.000889085, 9.04857e-05, -0.000178074, 0.000879545
406981, 11.3288, 0.0156404, -0.066535, 0.113878, -0.238719, -0.377136, 0.724864, 0.0514957, 0.416519, 0.157431, 0.035447, 0.419655, 0.01669, 0.514858, -0.031742, 0.208489, 0.5638, 0.783085, 0.262502, 0.673352, -0.619867, 0.402941, 0.478254, -0.0504221, -0.876773, 0.000269261, 0.00303624, 0.000262349, -0.000129744, -0.000477903, 0.00615073, -0.0854248, 0.0125891, -0.0230221, -2.63405, -0.274033, 3.14858, -0.722211, -0.000886789, -0.000463472, 0.00675011, 7.91352e-05, -0.000205632, -5.35502e-05, -0.000129865
417198, 11.3398, 0.0156399, -0.0665382, 0.113876, -0.238719, -0.377134, 0.72486, 0.0515139, 0.41658, 0.149831, 0.035669, 0.419782, 0.016691, 0.514858, -0.0317452, 0.208487, 0.563806, 0.783081, 0.262501, 0.673349, -0.619872, 0.402939, 0.47825, -0.0504246, -0.876775, 0.000720469, -0.000817946, 0.000831016, -0.00050087, -0.00205547, -0.000821504, -0.0854227, 0.0125923, -0.0230298, -2.63405, -0.274029, 3.14858, -0.722213, -0.000597976, -0.000163819, -0.00090224, 0.00161384, -0.000232753, 0.000331361, -0.000491194
427376, 11.3498, 0.0156401, -0.0665351, 0.113876, -0.238718, -0.377134, 0.724864, 0.051496, 0.41652, 0.157431, 0.035447, 0.419655, 0.01669, 0.514858, -0.0317421, 0.208487, 0.563801, 0.783085, 0.2625, 0.673353, -0.619867, 0.402939, 0.478251, -0.0504217, -0.876775, -0.000245015, 0.000209823, -0.00019346, -0.000717324, 0.000687496, 0.00167832, -0.0854166, 0.0125923, -0.0230298, -2.63405, -0.274029, 3.14858, -0.722214, 0.00141279, -0.000170877, -0.00102997, -0.000568333, 2.05574e-05, -0.000219319, -0.00153052
437560, 11.3598, 0.01564, -0.0665351, 0.113876, -0.238717, -0.377134, 0.724863, 0.0514959, 0.41652, 0.157431, 0.035447, 0.419655, 0.01669, 0.514858, -0.0317421, 0.208487, 0.563803, 0.783084, 0.262501, 0.673352, -0.619869, 0.402938, 0.47825, -0.0504219, -0.876775, 0.000429792, 0.00024887, 0.000625825, -0.000100883, -0.00113582, 0.000469823, -0.0854171, 0.0125927, -0.0230298, -2.63405, -0.274031, 3.14858, -0.72221, 0.00115185, -0.000604217, -0.000463235, 0.000852332, 0.000506537, -0.000329388, -0.000306924
447782, 11.3698, 0.015638, -0.0665367, 0.113872, -0.238714, -0.377123, 0.724863, 0.0514708, 0.416492, 0.149783, 0.035225, 0.419785, 0.016689, 0.514856, -0.0317437, 0.208483, 0.56381, 0.783081, 0.262493, 0.673355, -0.619872, 0.402928, 0.478237, -0.0504241, -0.876782, 0.000331883, -0.000458272, 0.000394142, -0.000399707, -0.000987418, -0.000174962, -0.0854216, 0.0125978, -0.023027, -2.63405, -0.274027, 3.14857, -0.722212, -3.67545e-05, -8.76928e-05, -0.000778116, 0.000720072, 0.000132982, 0.000223884, -0.000830105
458049, 11.3798, 0.0156382, -0.0665373, 0.113873, -0.238714, -0.377125, 0.724861, 0.0557294, 0.418962, 0.149872, 0.035251, 0.419731, 0.016824, 0.514856, -0.0317443, 0.208484, 0.563812, 0.783079, 0.262494, 0.673353, -0.619875, 0.402929, 0.478239, -0.0504248, -0.876781, -0.000134519, 0.00143142, -1.84588e-05, 0.000202122, 0.00011616, 0.0024093, -0.0854199, 0.0125959, -0.0230298, -2.63405, -0.274027, 3.14857, -0.72221, 0.00378519, -0.000503905, -0.00103859, -0.000658339, 8.79084e-05, 1.80519e-05, 0.000298996
468272, 11.3908, 0.015638, -0.066535, 0.113871, -0.238712, -0.377124, 0.724863, 0.0514705, 0.416493, 0.149783, 0.035225, 0.419785, 0.016689, 0.514856, -0.031742, 0.208482, 0.563811, 0.78308, 0.262494, 0.673355, -0.619873, 0.402926, 0.478237, -0.0504225, -0.876782, -0.000760654, 0.000780199, -0.000892611, 0.000764403, 0.00196627, 0.000369389, -0.0854213, 0.0125986, -0.0230242, -2.63405, -0.274028, 3.14857, -0.722207, 0.000657972, 0.000261996, 0.000709428, -0.00176784, 0.000128441, -6.09303e-06, 0.00100781
478501, 11.4008, 0.0156395, -0.0665376, 0.113874, -0.238717, -0.377132, 0.72486, 0.0515141, 0.416581, 0.149831, 0.035669, 0.419782, 0.016691, 0.514857, -0.0317446, 0.208485, 0.563808, 0.78308, 0.2625, 0.673349, -0.619874, 0.402935, 0.478247, -0.0504238, -0.876776, -0.00080986, 0.00278208, -0.000824826, 9.40464e-05, 0.00201116, 0.00536962, -0.0854244, 0.0125959, -0.0230271, -2.63405, -0.274029, 3.14858, -0.72221, 0.00500724, -0.000335584, 0.000141112, -0.00230002, -0.000313603, -4.65262e-05, 5.47843e-05
488728, 11.4108, 0.0156391, -0.0665348, 0.113872, -0.238713, -0.377129, 0.724863, 0.0514864, 0.416552, 0.142172, 0.035446, 0.419912, 0.016691, 0.514857, -0.0317418, 0.208483, 0.563807, 0.783081, 0.262499, 0.673354, -0.619872, 0.402931, 0.478243, -0.0504207, -0.876779, 0.000833657, -0.00230355, 0.000594565, 0.000598307, -0.00204992, -0.0054642, -0.0854191, 0.0126008, -0.0230267, -2.63405, -0.274027, 3.14858, -0.72221, -0.0035058, 0.000976657, -0.000805387, 0.00227247, 0.000163101, 0.00070517, 0.00125578
498935, 11.4208, 0.0156376, -0.0665355, 0.11387, -0.238711, -0.377121, 0.724865, 0.0514711, 0.416493, 0.149783, 0.035225, 0.419785, 0.016689, 0.514857, -0.0317463, 0.208484, 0.563813, 0.783076, 0.2625, 0.673347, -0.619878, 0.402932, 0.478245, -0.050425, -0.876778, -0.000313681, -0.00158926, -9.15832e-06, 0.000116328, 1.58871e-06, -0.00325446, -0.0854246, 0.012599, -0.0230298, -2.63405, -0.274027, 3.14858, -0.722209, -0.00147457, -0.000491797, -0.00165983, -0.000693278, 9.82945e-05, 0.0001943, 6.67443e-05
509247, 11.4318, 0.0156392, -0.0665366, 0.113873, -0.238714, -0.377131, 0.724858, 0.0514689, 0.416491, 0.149782, 0.035225, 0.419785, 0.016689, 0.514857, -0.0317436, 0.208484, 0.563812, 0.783077, 0.262501, 0.673349, -0.619877, 0.402931, 0.478245, -0.0504225, -0.876778, -0.000593855, -0.00221668, 0.000191241, 0.000752504, -5.20769e-05, -0.00589223, -0.0854244, 0.0125991, -0.0230249, -2.63405, -0.274027, 3.14858, -0.722206, -0.000389364, -0.00164502, -0.00396504, -0.00143328, 0.000102453, -0.000248807, 0.00161445
519474, 11.4418, 0.0156386, -0.0665349, 0.11387, -0.238712, -0.377127, 0.724862, 0.0515237, 0.421402, 0.142072, 0.035284, 0.41953, 0.016555, 0.514857, -0.0317419, 0.208481, 0.563809, 0.78308, 0.262497, 0.673354, -0.619874, 0.402928, 0.47824, -0.0504206, -0.876781, -0.000262448, 0.00015243, -0.000475874, 0.00103589, 0.000997725, -0.00121065, -0.0854191, 0.012605, -0.023027, -2.63405, -0.274027, 3.14858, -0.722208, 0.00115191, 0.000500316, -0.000575731, -0.00052797, 0.00193886, -7.93205e-05, 8.0194e-05
529700, 11.4518, 0.0156427, -0.0665393, 0.113874, -0.238718, -0.377132, 0.724859, 0.0514862, 0.41655, 0.142171, 0.035446, 0.419912, 0.016691, 0.514861, -0.0317463, 0.208485, 0.563809, 0.78308, 0.2625, 0.673349, -0.619874, 0.402936, 0.478248, -0.0504253, -0.876776, 0.000439812, -0.00112701, 0.000145432, -0.000122465, -0.000506602, -0.00200127, -0.0854269, 0.012605, -0.023027, -2.63404, -0.274028, 3.14858, -0.722213, -0.00180065, 0.000890316, -0.000275993, 0.00141256, -4.5471e-06, -6.03724e-06, -8.18014e-05
539919, 11.4618, 0.0156375, -0.0665348, 0.113869, -0.238711, -0.377121, 0.724865, 0.0557211, 0.423903, 0.149793, 0.035312, 0.419728, 0.016689, 0.514856, -0.0317418, 0.20848, 0.56381, 0.783081, 0.262491, 0.673358, -0.619872, 0.402924, 0.478233, -0.0504221, -0.876784, 0.000250728, -0.000183702, 0.000357455, 0.000183869, -0.000786973, -0.000837394, -0.0854182, 0.0126023, -0.023027, -2.63405, -0.274028, 3.14857, -0.722209, -6.18535e-05, -0.000260251, -0.000271707, 0.000542996, -0.000212302, -4.10074e-05, 0.000781897
550187, 11.4718, 0.0156391, -0.0665364, 0.113872, -0.238712, -0.377121, 0.72486, 0.0514979, 0.416523, 0.157433, 0.035447, 0.419655, 0.01669, 0.514855, -0.0317454, 0.20848, 0.563816, 0.783077, 0.262492, 0.673353, -0.619878, 0.402924, 0.478233, -0.0504252, -0.876784, -0.000108085, -0.000846787, -0.000244492, 0.000116291, 0.000453629, -0.00185322, -0.085419, 0.0126023, -0.0230324, -2.63405, -0.274024, 3.14857, -0.722211, 6.52069e-06, 0.000484622, -0.00168518, 1.56868e-05, -0.000175297, 5.63585e-06, 0.000376019
560400, 11.4819, 0.0156385, -0.0665357, 0.11387, -0.238712, -0.377127, 0.724861, 0.0514697, 0.416492, 0.149782, 0.035225, 0.419785, 0.016689, 0.514857, -0.0317427, 0.208481, 0.56381, 0.783079, 0.262498, 0.673353, -0.619875, 0.402928, 0.47824, -0.0504214, -0.876781, -0.000270687, -6.95444e-05, -8.04084e-05, 0.000488467, 7.00826e-05, -0.000916404, -0.0854208, 0.0126047, -0.023027, -2.63405, -0.274028, 3.14858, -0.722207, -0.000371854, -0.000426426, 0.000151583, -0.000811712, 1.89456e-05, 0.000274484, 0.000814994
570572, 11.4928, 0.015639, -0.0665321, 0.113871, -0.238711, -0.377129, 0.724865, 0.0472594, 0.418912, 0.149922, 0.035259, 0.419833, 0.016822, 0.514857, -0.0317391, 0.208482, 0.563805, 0.783083, 0.262499, 0.673357, -0.61987, 0.402929, 0.478242, -0.0504177, -0.87678, 0.000340914, -0.00230965, 0.000535435, -0.000300665, -0.00121947, -0.00401275, -0.0854156, 0.0126033, -0.0230242, -2.63405, -0.274023, 3.14858, -0.722211, -0.0052773, -0.000158484, 0.000902835, 0.00103205, 0.000118995, 5.58193e-05, -0.000523524
580730, 11.5028, 0.0156377, -0.0665374, 0.113867, -0.238711, -0.377122, 0.724862, 0.0472606, 0.418913, 0.149923, 0.035259, 0.419833, 0.016822, 0.514856, -0.0317444, 0.208478, 0.563812, 0.783079, 0.262493, 0.673355, -0.619875, 0.402924, 0.478235, -0.0504224, -0.876783, -0.000178072, -0.000722912, -0.000511018, -0.000138677, 0.00120981, -0.00117159, -0.0854216, 0.0126105, -0.0230291, -2.63405, -0.274025, 3.14858, -0.722213, -0.00109926, 0.000933324, -0.00032598, 7.49467e-05, -0.000217827, -0.000342599, -0.000120947
590871, 11.5128, 0.0156385, -0.0665354, 0.113869, -0.238712, -0.377127, 0.724862, 0.0515148, 0.416582, 0.149832, 0.035669, 0.419782, 0.016691, 0.514857, -0.0317424, 0.20848, 0.56381, 0.78308, 0.262497, 0.673354, -0.619874, 0.402927, 0.478239, -0.0504207, -0.876781, 0.000109158, -0.00057508, 0.000431606, -0.00030963, -0.000756741, -0.000716705, -0.0854194, 0.0126054, -0.023027, -2.63405, -0.274024, 3.14858, -0.722211, -0.000476853, -0.000750622, -0.000599486, 0.000154466, -4.93512e-06, -0.000124601, -0.000423423
601012, 11.5228, 0.0156379, -0.0665336, 0.113867, -0.238709, -0.377123, 0.724867, 0.0557206, 0.423903, 0.149793, 0.035312, 0.419728, 0.016689, 0.514856, -0.0317406, 0.208478, 0.563807, 0.783083, 0.262493, 0.67336, -0.61987, 0.402924, 0.478235, -0.050419, -0.876784, 0.000301289, 0.000492851, -0.000259668, 0.000310125, 0.00011073, 0.000542441, -0.0854195, 0.0126108, -0.0230242, -2.63405, -0.274027, 3.14858, -0.722211, 0.000287397, 0.00136654, 0.000653197, 0.000915338, -0.000264639, 0.000320685, 0.000767073
611167, 11.5338, 0.0156385, -0.0665333, 0.113869, -0.23871, -0.377126, 0.724864, 0.0557929, 0.418943, 0.142243, 0.03525, 0.41948, 0.016826, 0.514856, -0.0317403, 0.20848, 0.563807, 0.783082, 0.262497, 0.673357, -0.619872, 0.402927, 0.478239, -0.050419, -0.876781, -0.000336977, 0.001124, -0.000225805, 0.00053218, 0.000665591, 0.00127578, -0.085416, 0.0126063, -0.023027, -2.63405, -0.274027, 3.14858, -0.722208, 0.00145372, -0.000453487, 0.000715546, -0.0010168, 0.000349681, -0.000160674, 0.000644084
621329, 11.5438, 0.0156382, -0.0665364, 0.113868, -0.238711, -0.377125, 0.724862, 0.0514701, 0.416493, 0.149783, 0.035225, 0.419785, 0.016689, 0.514856, -0.0317434, 0.208479, 0.563811, 0.783079, 0.262495, 0.673354, -0.619875, 0.402926, 0.478237, -0.0504216, -0.876782, -0.000324793, -0.000767318, -0.000193031, -0.000607307, 0.000658614, -0.000443828, -0.0854187, 0.0126079, -0.0230298, -2.63405, -0.274024, 3.14858, -0.722212, -0.000265117, -0.000214091, -0.00128792, -0.000628915, -0.000161857, -0.000183154, -0.00112964
631481, 11.5538, 0.0156367, -0.0665363, 0.113866, -0.238709, -0.377116, 0.724866, 0.047307, 0.419004, 0.149964, 0.035703, 0.41983, 0.016824, 0.514855, -0.0317433, 0.208477, 0.563812, 0.783082, 0.262487, 0.673361, -0.619871, 0.40292, 0.478228, -0.0504229, -0.876787, -0.000328549, 4.03581e-05, -0.000236353, -0.000613014, 0.000627505, 0.00131546, -0.0854234, 0.0126086, -0.0230244, -2.63405, -0.274026, 3.14857, -0.722214, -0.000926281, -0.000213169, 0.000940009, -0.000837614, 9.54006e-05, 6.72248e-05, -0.0015709
641632, 11.5638, 0.0156379, -0.0665337, 0.113866, -0.238708, -0.377123, 0.724863, 0.0514701, 0.416494, 0.149783, 0.035225, 0.419785, 0.016689, 0.514856, -0.0317407, 0.208477, 0.563811, 0.783079, 0.262496, 0.673357, -0.619875, 0.402922, 0.478234, -0.0504187, -0.876784, -0.000421667, 0.000374211, -0.000575694, 0.000192806, 0.00127797, 0.000504709, -0.0854106, 0.0126114, -0.0230323, -2.63405, -0.274022, 3.14858, -0.722209, 0.00203071, 0.000354838, -0.00136254, -0.000906717, 0.000150271, -3.14248e-05, 3.08174e-05
651788, 11.5738, 0.0156382, -0.0665336, 0.113868, -0.238709, -0.377125, 0.724863, 0.0557738, 0.419053, 0.149913, 0.035695, 0.419728, 0.016826, 0.514856, -0.0317406, 0.208479, 0.56381, 0.783079, 0.262497, 0.673355, -0.619875, 0.402924, 0.478237, -0.0504188, -0.876783, 3.90269e-05, 0.000167637, 0.000532929, 0.000233471, -0.00112845, -0.000125867, -0.0854159, 0.0126087, -0.023027, -2.63405, -0.274023, 3.14858, -0.722208, 0.00051718, -0.00126337, -0.00016166, -0.000370892, 0.000319701, 0.000212651, 0.000259298
661941, 11.5838, 0.0156361, -0.0665354, 0.113863, -0.238706, -0.377113, 0.724867, 0.0472624, 0.418915, 0.149924, 0.035259, 0.419833, 0.016822, 0.514854, -0.0317424, 0.208474, 0.563814, 0.783081, 0.262486, 0.673362, -0.619873, 0.402916, 0.478223, -0.0504216, -0.87679, -0.000592447, 4.25989e-06, -0.00102197, -0.000561551, 0.00225749, 0.00122696, -0.085416, 0.0126139, -0.0230298, -2.63405, -0.274024, 3.14857, -0.722213, 0.000627394, 0.00112287, -0.000765144, -0.00100027, -0.000223711, -6.54109e-05, -0.00134183
672122, 11.5948, 0.0156422, -0.0665341, 0.113871, -0.238713, -0.377129, 0.724864, 0.0472595, 0.418912, 0.149922, 0.035259, 0.419833, 0.016822, 0.51486, -0.0317411, 0.208482, 0.563805, 0.783083, 0.262498, 0.673355, -0.61987, 0.402931, 0.478243, -0.0504199, -0.876779, -0.000206257, 0.000356635, -0.000370127, 0.00069294, 0.000529041, -0.000385623, -0.0854166, 0.0126115, -0.023027, -2.63404, -0.274026, 3.14858, -0.722211, 0.000861808, 0.000408744, -0.000254677, -0.000500681, -3.46635e-05, 0.000322348, 0.00121428
682274, 11.6048, 0.015642, -0.0665384, 0.113871, -0.238714, -0.37713, 0.724857, 0.0472761, 0.418982, 0.142312, 0.035481, 0.41996, 0.016824, 0.51486, -0.0317454, 0.208482, 0.563814, 0.783075, 0.2625, 0.673348, -0.619879, 0.402929, 0.478242, -0.0504235, -0.876779, -2.62547e-05, -0.0021421, 0.000240043, -0.000241505, -0.000380442, -0.00387696, -0.0854213, 0.0126116, -0.0230298, -2.63404, -0.274022, 3.14858, -0.72221, -0.00298128, -0.000362083, -0.0011616, 0.000191009, -0.000136221, -0.000155052, -0.000189181
692439, 11.6148, 0.0156382, -0.0665338, 0.113867, -0.238709, -0.377125, 0.724864, 0.05147, 0.416493, 0.149783, 0.035225, 0.419785, 0.016689, 0.514856, -0.0317408, 0.208478, 0.563809, 0.78308, 0.262496, 0.673357, -0.619873, 0.402924, 0.478236, -0.0504189, -0.876783, 0.000438048, 0.000712336, 0.00101734, -0.000184286, -0.00199436, 0.00142556, -0.0854159, 0.0126093, -0.0230272, -2.63405, -0.274022, 3.14858, -0.722211, 0.00173287, -0.00161449, -0.000266777, 0.00046174, -1.21839e-06, -7.60684e-05, 3.64523e-05
702605, 11.6248, 0.0156422, -0.0665342, 0.11387, -0.238711, -0.37713, 0.724859, 0.0514958, 0.416522, 0.157432, 0.035447, 0.419655, 0.01669, 0.51486, -0.0317412, 0.208481, 0.563811, 0.783078, 0.262502, 0.673351, -0.619877, 0.402928, 0.478243, -0.0504196, -0.876779, 0.000518785, -5.63967e-05, 0.000817842, 0.00180203, -0.00151844, -0.00320814, -0.0854159, 0.0126118, -0.0230271, -2.63404, -0.274022, 3.14858, -0.722206, 0.000429398, -0.000892047, 0.000250474, 0.000958432, 0.00374191, -0.000556438, 0.000597335
712757, 11.6348, 0.0156418, -0.0665352, 0.113869, -0.238712, -0.377127, 0.724864, 0.0515149, 0.416582, 0.149832, 0.035669, 0.419782, 0.016691, 0.51486, -0.0317422, 0.20848, 0.563807, 0.783082, 0.262496, 0.673356, -0.619871, 0.402929, 0.47824, -0.0504204, -0.876781, 0.00024968, -0.000342636, -7.96766e-05, -0.000599698, -0.000140355, 0.000472377, -0.0854152, 0.0126146, -0.0230298, -2.63404, -0.274022, 3.14858, -0.722215, -0.000120784, 0.000914814, -0.000611168, 0.000793879, -0.00055987, 0.000336412, -0.000761915
722928, 11.6448, 0.0156417, -0.0665361, 0.113869, -0.238713, -0.377126, 0.724865, 0.0515153, 0.416582, 0.149832, 0.035669, 0.419782, 0.016691, 0.51486, -0.0317431, 0.20848, 0.563806, 0.783083, 0.262495, 0.673357, -0.61987, 0.40293, 0.47824, -0.0504215, -0.876781, 2.7183e-05, -0.000589499, -0.000134453, -0.000366546, 0.000173954, -0.00039903, -0.0854177, 0.0126146, -0.0230298, -2.63404, -0.274026, 3.14858, -0.722215, -0.000736177, 0.000512251, -0.000406078, 0.000248726, -7.50122e-07, 0.00013365, -0.000827167
733177, 11.6548, 0.0156375, -0.0665323, 0.113864, -0.238706, -0.37712, 0.724867, 0.0514699, 0.416493, 0.149783, 0.035225, 0.419785, 0.016689, 0.51486, -0.0317396, 0.208479, 0.563806, 0.783083, 0.262496, 0.673358, -0.61987, 0.402926, 0.478238, -0.0504178, -0.876782, -4.3136e-06, -4.12084e-05, -0.000108817, -0.000339137, 1.68941e-05, 0.000711106, -0.0854131, 0.0126171, -0.023027, -2.63404, -0.274022, 3.14858, -0.722212, 0.000141175, 0.000309947, -0.000241489, -3.70135e-05, 0.000112431, 0.000379244, -0.00098257
743403, 11.6658, 0.0156359, -0.0665355, 0.113862, -0.238705, -0.377113, 0.724865, 0.0472892, 0.418945, 0.157575, 0.035481, 0.419703, 0.016823, 0.514854, -0.0317425, 0.208473, 0.563817, 0.783078, 0.262486, 0.673361, -0.619876, 0.402914, 0.478222, -0.0504214, -0.87679, 0.000249946, -0.000310824, 0.000169288, -0.000511203, -0.0002671, 0.000194749, -0.0854159, 0.0126156, -0.0230298, -2.63405, -0.274022, 3.14857, -0.722211, 0.000394689, 0.00021394, -0.000923155, 0.000740883, -5.05026e-05, -0.00021577, -0.000805526
753570, 11.6758, 0.0156376, -0.0665305, 0.113865, -0.238705, -0.377121, 0.724867, 0.0515245, 0.421404, 0.142073, 0.035284, 0.41953, 0.016555, 0.514856, -0.0317375, 0.208476, 0.563808, 0.783082, 0.262494, 0.673362, -0.619871, 0.402919, 0.478231, -0.0504155, -0.876786, -0.000265469, 0.000664821, -0.000491274, 0.000399705, 0.000815035, 0.000773738, -0.0854129, 0.012615, -0.0230242, -2.63405, -0.274023, 3.14858, -0.722208, 0.00111504, 0.000524708, 5.68524e-05, -0.000643414, -0.00013383, 0.000327812, 0.000636369
763732, 11.6858, 0.0156355, -0.0665376, 0.113861, -0.238705, -0.37711, 0.724864, 0.0472627, 0.418916, 0.149925, 0.035259, 0.419833, 0.016822, 0.514853, -0.0317446, 0.208472, 0.563819, 0.783077, 0.262484, 0.67336, -0.619877, 0.402912, 0.478219, -0.0504232, -0.876792, -0.000527123, -0.00332671, -0.00094784, 4.85868e-05, 0.00186245, -0.00638427, -0.0854228, 0.0126181, -0.023027, -2.63405, -0.274022, 3.14857, -0.722213, -0.00251547, 0.00161256, -0.0040114, -0.000282864, -8.70963e-05, 3.84028e-05, -6.93158e-05
773892, 11.6958, 0.0156374, -0.0665337, 0.113865, -0.238707, -0.377121, 0.724865, 0.0473237, 0.418894, 0.142293, 0.035258, 0.419581, 0.016824, 0.514855, -0.0317407, 0.208476, 0.563811, 0.78308, 0.262493, 0.673359, -0.619874, 0.40292, 0.478231, -0.0504185, -0.876786, -0.000356981, -0.000316543, -0.000604516, 0.000741969, 0.00138335, -0.00200179, -0.0854135, 0.012615, -0.0230298, -2.63405, -0.274024, 3.14858, -0.722209, 0.000111637, 0.000668101, -0.000810325, -0.000461518, -0.00033308, -0.000335886, 0.0017711
784043, 11.7058, 0.0156376, -0.0665363, 0.113866, -0.238708, -0.377123, 0.724859, 0.04726, 0.418914, 0.149923, 0.035259, 0.419833, 0.016822, 0.514856, -0.0317433, 0.208477, 0.563817, 0.783075, 0.262496, 0.673353, -0.61988, 0.402921, 0.478233, -0.050421, -0.876784, 0.000170291, -0.00047669, 0.000471684, 0.000472799, -0.000743525, -0.00204548, -0.0854182, 0.0126125, -0.0230298, -2.63405, -0.274022, 3.14858, -0.722207, -0.000343538, -0.000753042, -0.000462337, 0.000371757, 0.000191192, -0.00045178, 0.00115571
794195, 11.7168, 0.0156416, -0.0665327, 0.113867, -0.238709, -0.377126, 0.724864, 0.0514697, 0.416493, 0.149783, 0.035225, 0.419785, 0.016689, 0.51486, -0.0317397, 0.208478, 0.563808, 0.783081, 0.262497, 0.673357, -0.619873, 0.402925, 0.478238, -0.0504178, -0.876782, -0.00132141, 0.000149148, -0.00165093, 0.00082872, 0.00359593, -0.000730698, -0.085416, 0.0126178, -0.0230243, -2.63404, -0.274022, 3.14858, -0.722209, -0.000775445, 0.000895576, 0.000846202, -0.00279398, 0.000360968, 2.68874e-05, 0.000554743
