timestamp, robot_time[1], robot_ee_pos_error[3], robot_ee_ori_error[3], sensed_forces_moments[6], robot_ee_position[3], robot_ee_orientation[9], robot_ee_linear_velocity[3], robot_ee_angular_velocity[3], joint_angles[7], joint_velocities[7], 
10238, 10.871, 0.0136694, -0.0668368, 0.112476, -0.237934, -0.376356, 0.725268, -0.134115, 0.423195, 0.126442, 0.034574, 0.419965, 0.01765, 0.512887, -0.0320438, 0.207087, 0.563902, 0.783161, 0.262056, 0.674067, -0.61981, 0.401833, 0.477125, -0.0499508, -0.877415, -0.00221089, -0.000910865, -0.00373819, 0.000618528, 0.00800403, -0.00209987, -0.0911372, 0.0117366, -0.0188417, -2.63985, -0.274676, 3.15233, -0.723114, 0.0010207, 0.00419979, -0.00325915, -0.00359368, -0.000338778, -0.000240095, 0.000147094
20493, 10.881, 0.0136904, -0.0668314, 0.112487, -0.237929, -0.37639, 0.725233, -0.125607, 0.438085, 0.118859, 0.034969, 0.419978, 0.017652, 0.512908, -0.0320384, 0.207098, 0.563927, 0.783128, 0.2621, 0.674029, -0.619852, 0.401832, 0.477149, -0.0499407, -0.877402, 0.00258336, 0.003215, 0.000811381, -0.00125806, -0.00269481, 0.00836296, -0.0910947, 0.0117599, -0.0188546, -2.6398, -0.27459, 3.15233, -0.723119, 0.00747617, 0.00384879, -0.000839828, 0.00647081, -0.000818723, 0.000198253, -0.00111398
30687, 10.891, 0.0137262, -0.0668364, 0.112506, -0.23794, -0.376438, 0.725187, -0.125608, 0.433141, 0.118934, 0.034909, 0.419981, 0.017787, 0.512944, -0.0320434, 0.207117, 0.563954, 0.783092, 0.262152, 0.673975, -0.619898, 0.401852, 0.477194, -0.0499419, -0.877378, 0.00288883, -0.00246555, 0.000912713, 0.00592377, -0.00354578, -0.0135996, -0.0910652, 0.0117991, -0.0188729, -2.63971, -0.274513, 3.15233, -0.723124, 0.0021468, 0.0050085, -0.00380945, 0.00768666, 0.0146762, 0.000195958, -0.00112234
40888, 10.901, 0.0137817, -0.0668327, 0.112534, -0.237954, -0.376506, 0.725144, -0.121432, 0.430642, 0.126385, 0.034653, 0.419806, 0.017652, 0.513, -0.0320397, 0.207145, 0.563962, 0.783063, 0.26222, 0.673919, -0.619935, 0.401888, 0.477263, -0.0499351, -0.877341, 0.00472895, -0.000107917, -0.000307631, 0.00126092, -0.00164602, -0.00161691, -0.0910307, 0.0118626, -0.0188737, -2.63957, -0.274428, 3.15233, -0.723128, 0.00278505, 0.0123889, -0.00105702, 0.0141693, 0.00494464, -0.000300535, -0.00119983
51084, 10.911, 0.0138577, -0.0668324, 0.112578, -0.237985, -0.376601, 0.725088, -0.121444, 0.435638, 0.118693, 0.034935, 0.41993, 0.017518, 0.513076, -0.0320394, 0.207189, 0.563968, 0.783029, 0.262309, 0.673842, -0.619978, 0.401952, 0.477365, -0.049933, -0.877285, 0.00814498, -0.00120228, 0.00461777, 0.000879678, -0.0124966, -0.00435607, -0.0909995, 0.0119367, -0.0188727, -2.63938, -0.274339, 3.15233, -0.723127, 0.000448675, 0.0084546, -0.000234339, 0.0209153, 0.00444119, -0.000141709, 0.000728386
61307, 10.922, 0.0139445, -0.0668278, 0.112623, -0.238016, -0.376701, 0.725038, -0.125664, 0.433103, 0.1189, 0.034909, 0.419981, 0.017787, 0.513163, -0.0320348, 0.207234, 0.563961, 0.783003, 0.262401, 0.67377, -0.620011, 0.402021, 0.477475, -0.0499263, -0.877226, 0.00845114, 0.00168197, 0.00412907, 0.00437175, -0.011832, -0.00353912, -0.0909583, 0.0120339, -0.0188697, -2.63916, -0.274242, 3.15233, -0.723136, 0.00614484, 0.00990055, 0.00125825, 0.0212264, 0.0136036, -5.37698e-05, -0.00120866
71652, 10.932, 0.0140344, -0.0668318, 0.112672, -0.238059, -0.3768, 0.72499, -0.125684, 0.433084, 0.118885, 0.034909, 0.419981, 0.017787, 0.513252, -0.0320388, 0.207283, 0.56395, 0.782982, 0.262486, 0.673697, -0.620037, 0.402103, 0.47759, -0.0499301, -0.877163, 0.00920349, -8.53177e-05, 0.00444628, -0.00189418, -0.0125474, 0.00276787, -0.0909295, 0.012133, -0.0188752, -2.63893, -0.274174, 3.15233, -0.723142, 0.00315714, 0.0113868, -0.000878048, 0.0240158, 0.00257088, 4.07506e-05, -0.00313024
81958, 10.942, 0.0141327, -0.0668318, 0.112727, -0.23811, -0.376908, 0.724954, -0.129963, 0.430591, 0.118779, 0.034882, 0.420035, 0.017652, 0.513351, -0.0320388, 0.207338, 0.563917, 0.782977, 0.262571, 0.673632, -0.620043, 0.402203, 0.477722, -0.0499332, -0.877091, 0.0109625, 6.91576e-05, 0.00690159, -0.00153003, -0.017947, 0.00168893, -0.0909015, 0.0122334, -0.0188753, -2.63868, -0.274135, 3.15233, -0.72314, 0.00350447, 0.00945268, -0.000617384, 0.0274615, 0.0022169, -7.13345e-06, -0.000857042
92325, 10.953, 0.0142314, -0.0668384, 0.112787, -0.238171, -0.377018, 0.724917, -0.134186, 0.423056, 0.118732, 0.034573, 0.419713, 0.017652, 0.513449, -0.0320454, 0.207398, 0.563882, 0.782975, 0.262654, 0.673563, -0.620045, 0.402316, 0.47786, -0.0499444, -0.877015, 0.00732749, -0.000824397, 0.00374779, -0.00075728, -0.0104537, -0.000939289, -0.0908864, 0.0123247, -0.0188783, -2.63843, -0.274115, 3.15233, -0.723137, 0.00109886, 0.0086662, -0.000956831, 0.0191956, 0.000764517, -5.85656e-05, 0.000460784
102669, 10.963, 0.0143218, -0.0668429, 0.112841, -0.238227, -0.377116, 0.724891, -0.134202, 0.423033, 0.118716, 0.034573, 0.419713, 0.017652, 0.51354, -0.0320499, 0.207452, 0.563842, 0.78298, 0.262725, 0.673507, -0.620038, 0.402419, 0.477986, -0.0499535, -0.876946, 0.0109519, -0.00027304, 0.0075822, -0.00114282, -0.0191615, 0.000138716, -0.0908755, 0.0124118, -0.0188763, -2.6382, -0.274103, 3.15233, -0.723138, 0.00207087, 0.00773948, 0.000203193, 0.0270261, 0.00251574, -0.000121942, -0.00010546
113069, 10.973, 0.0144052, -0.0668483, 0.112894, -0.238282, -0.377209, 0.724866, -0.134191, 0.41814, 0.111171, 0.034735, 0.419843, 0.017789, 0.513623, -0.0320553, 0.207505, 0.563802, 0.782986, 0.262792, 0.673454, -0.620029, 0.40252, 0.478107, -0.0499635, -0.87688, 0.00955925, -0.00122479, 0.00533324, -0.000153822, -0.0149632, -0.00254305, -0.090864, 0.0124834, -0.0188784, -2.63799, -0.274093, 3.15233, -0.723142, 0.000528532, 0.0102635, -0.000358322, 0.0244303, 0.00319371, 0.000748605, -1.64987e-06
124242, 10.985, 0.0144982, -0.0668585, 0.11296, -0.238351, -0.377322, 0.724829, -0.134209, 0.418112, 0.111153, 0.034735, 0.419843, 0.017789, 0.513716, -0.0320655, 0.207571, 0.563764, 0.782986, 0.262874, 0.673383, -0.620028, 0.402642, 0.478253, -0.0499802, -0.876799, 0.00936833, -0.000627129, 0.00860025, -0.00185098, -0.0200868, -0.000115689, -0.090863, 0.0125457, -0.0188785, -2.63776, -0.27409, 3.15233, -0.723136, 0.000127002, 0.00131057, 0.000645449, 0.0218467, -0.000305364, -0.000378128, 0.00127069
134618, 10.995, 0.0145662, -0.0668708, 0.113008, -0.238402, -0.377403, 0.724798, -0.134249, 0.422963, 0.11867, 0.034573, 0.419713, 0.017652, 0.513784, -0.0320778, 0.207619, 0.563743, 0.782981, 0.262933, 0.673326, -0.620033, 0.402729, 0.478357, -0.0499963, -0.876741, 0.00849593, -0.00191444, 0.00761216, -0.000985875, -0.0184644, -0.00362652, -0.0908674, 0.0125957, -0.0188816, -2.63759, -0.27408, 3.15233, -0.723139, -0.00207919, 0.00196266, 0.000138625, 0.019961, -8.44679e-06, 0.00048623, 0.00200783
144926, 11.005, 0.0146313, -0.0668787, 0.113055, -0.238452, -0.377483, 0.724774, -0.13432, 0.413223, 0.126177, 0.034897, 0.419971, 0.017519, 0.513849, -0.0320857, 0.207666, 0.563713, 0.782984, 0.26299, 0.673278, -0.620028, 0.402818, 0.478461, -0.0500087, -0.876684, 0.0058293, -0.00107459, 0.00389231, -0.00129954, -0.0101061, -0.000484932, -0.0908623, 0.0126358, -0.0188869, -2.63743, -0.274074, 3.15233, -0.723144, -0.000289164, 0.00468781, -0.000500517, 0.0146264, 0.000316181, 0.000255934, -0.000624188
155311, 11.016, 0.0146969, -0.0668851, 0.113105, -0.238503, -0.377566, 0.724751, -0.134248, 0.418052, 0.111114, 0.034735, 0.419843, 0.017789, 0.513915, -0.0320921, 0.207716, 0.563679, 0.782989, 0.263048, 0.673229, -0.620021, 0.40291, 0.478569, -0.0500201, -0.876624, 0.00600985, -0.000767286, 0.00441533, -0.00145455, -0.0108502, 0.00022331, -0.0908623, 0.012672, -0.0188848, -2.63727, -0.274072, 3.15233, -0.723146, -0.000209326, 0.00370141, 0.000209445, 0.0148215, 0.0010034, -0.00018711, -0.00128694
165737, 11.026, 0.0147514, -0.0668944, 0.113152, -0.23855, -0.377642, 0.724722, -0.130114, 0.415634, 0.118582, 0.034701, 0.420047, 0.017654, 0.513969, -0.0321014, 0.207763, 0.563659, 0.782984, 0.263104, 0.673177, -0.620026, 0.402991, 0.478667, -0.050034, -0.87657, 0.00614325, -0.000808909, 0.00688722, -0.00116668, -0.01566, -0.00109519, -0.0908622, 0.0126898, -0.0188905, -2.63714, -0.274068, 3.15233, -0.723142, -0.000701939, -0.00221021, 0.000477175, 0.0133857, 0.000330221, 0.000103757, 0.000679678
176263, 11.0368, 0.0148058, -0.0668964, 0.113196, -0.238592, -0.377713, 0.724706, -0.138503, 0.415566, 0.11865, 0.03493, 0.419767, 0.017654, 0.514024, -0.0321034, 0.207807, 0.563625, 0.782992, 0.263154, 0.673139, -0.620015, 0.40307, 0.47876, -0.0500406, -0.876518, 0.00360853, -0.000790599, 0.00338881, -0.00342268, -0.00735632, 0.00376612, -0.0908591, 0.0127126, -0.0188852, -2.63701, -0.274064, 3.15233, -0.723146, -0.00107503, 0.000355769, 0.000432882, 0.00856185, 0.000345837, -0.000554611, -0.0054558
186676, 11.047, 0.0148481, -0.0669019, 0.113233, -0.238629, -0.377773, 0.724687, -0.138577, 0.415581, 0.12627, 0.034931, 0.420019, 0.017652, 0.514066, -0.0321089, 0.207844, 0.563603, 0.782994, 0.263197, 0.673101, -0.620013, 0.403136, 0.478838, -0.0500501, -0.876475, 0.00476398, -0.000398189, 0.00467861, -0.00141152, -0.010951, 0.000691147, -0.0908568, 0.0127232, -0.018889, -2.63691, -0.274064, 3.15233, -0.723145, 0.000194617, -4.12772e-05, 6.27262e-06, 0.0108042, -0.000117488, 0.000200687, -0.000408915
197076, 11.057, 0.0148904, -0.066907, 0.11327, -0.238665, -0.377834, 0.724665, -0.134292, 0.417987, 0.111071, 0.034735, 0.419843, 0.017789, 0.514108, -0.032114, 0.207881, 0.563586, 0.78299, 0.263242, 0.673061, -0.620016, 0.403198, 0.478915, -0.0500589, -0.876433, 0.00413116, -0.000332112, 0.00410224, -0.000178613, -0.00965001, -0.00136528, -0.0908548, 0.012735, -0.0188913, -2.63681, -0.274061, 3.15233, -0.723139, 0.000836685, -0.00015639, -0.000656892, 0.00936273, -0.000274632, 0.000101665, 0.00205658
207502, 11.068, 0.0149293, -0.0669109, 0.113306, -0.2387, -0.377891, 0.724649, -0.134301, 0.417973, 0.111061, 0.034735, 0.419843, 0.017789, 0.514147, -0.0321179, 0.207917, 0.563563, 0.782994, 0.263283, 0.673028, -0.620011, 0.403262, 0.47899, -0.0500668, -0.876392, 0.00532869, -0.000365484, 0.00493975, -0.00293032, -0.011401, 0.00338515, -0.0908541, 0.0127393, -0.0188912, -2.63672, -0.27406, 3.15233, -0.723141, 0.00046869, 0.000662226, -5.94065e-05, 0.0123657, -0.000155793, -6.12936e-05, -0.00324448
217897, 11.078, 0.0149638, -0.0669173, 0.113339, -0.238732, -0.377943, 0.724629, -0.130136, 0.41559, 0.126193, 0.034923, 0.419917, 0.017654, 0.514182, -0.0321243, 0.20795, 0.563549, 0.782991, 0.263321, 0.672991, -0.620014, 0.403317, 0.479056, -0.0500764, -0.876355, 0.00355578, -0.00154973, 0.00385536, -0.000881211, -0.00854762, -0.00257328, -0.0908559, 0.0127428, -0.0188937, -2.63664, -0.274056, 3.15233, -0.72314, -0.0011871, -0.000820005, -0.00103393, 0.00820695, -0.000183392, -0.000449692, 0.00052298
228317, 11.089, 0.0149936, -0.0669195, 0.113365, -0.238758, -0.377985, 0.724619, -0.130143, 0.41558, 0.126186, 0.034923, 0.419917, 0.017654, 0.514212, -0.0321265, 0.207976, 0.56353, 0.782995, 0.26335, 0.672968, -0.620009, 0.403364, 0.479111, -0.0500814, -0.876324, 0.00335078, -0.000441856, 0.0029769, -0.000176414, -0.00724466, -0.00101145, -0.0908535, 0.0127496, -0.0188937, -2.63657, -0.274054, 3.15233, -0.723143, 0.000194044, 0.000793457, -0.000164726, 0.00777808, 0.00114702, 0.000244685, 7.21083e-05
238733, 11.099, 0.0150192, -0.0669268, 0.113389, -0.238783, -0.378024, 0.7246, -0.134295, 0.41796, 0.11869, 0.034957, 0.419713, 0.017789, 0.514237, -0.0321338, 0.208, 0.563526, 0.782988, 0.263379, 0.672937, -0.620017, 0.403404, 0.47916, -0.0500908, -0.876297, 0.00237822, -0.00128214, 0.00240553, 0.000174449, -0.00542414, -0.00349268, -0.0908612, 0.0127528, -0.018894, -2.63651, -0.274051, 3.15233, -0.72314, -0.00148708, -8.45821e-05, -0.000380048, 0.00566351, 0.0003641, -0.000386414, 0.00143395
249149, 11.109, 0.0150418, -0.0669241, 0.113412, -0.238802, -0.378059, 0.724596, -0.134382, 0.417912, 0.133924, 0.034736, 0.419838, 0.017786, 0.51426, -0.0321311, 0.208023, 0.563503, 0.782996, 0.263404, 0.672923, -0.620006, 0.403444, 0.479207, -0.050091, -0.876271, 0.000791241, 0.00089523, 0.0013554, -0.00282103, -0.00263752, 0.00656798, -0.0908509, 0.01275, -0.0188943, -2.63646, -0.274051, 3.15233, -0.723142, 0.00138236, -0.00161143, 0.000466486, 0.00117683, -0.000147588, 0.000133727, -0.00521721
259530, 11.12, 0.015058, -0.0669296, 0.113425, -0.238818, -0.378079, 0.724588, -0.134304, 0.417946, 0.118681, 0.034957, 0.419713, 0.017789, 0.514276, -0.0321366, 0.208036, 0.563497, 0.782996, 0.263417, 0.672908, -0.620006, 0.403468, 0.479234, -0.0500977, -0.876256, 0.00174746, -0.00106641, 0.0015619, -0.0015804, -0.00346481, 0.000285579, -0.0908556, 0.0127584, -0.0188969, -2.63642, -0.274051, 3.15233, -0.723146, -0.000444594, 0.000490237, -0.0012527, 0.0043489, -0.000253381, -0.000257041, -0.00204437
269830, 11.13, 0.0150717, -0.0669293, 0.113439, -0.238828, -0.378104, 0.724577, -0.134353, 0.417851, 0.118637, 0.034513, 0.419717, 0.017787, 0.51429, -0.0321363, 0.20805, 0.563494, 0.782991, 0.263438, 0.672891, -0.620012, 0.403489, 0.479263, -0.0500986, -0.87624, 0.00176192, -0.000153104, 0.00207041, 0.00306677, -0.00506693, -0.00628965, -0.0908534, 0.0127557, -0.0188944, -2.63639, -0.274044, 3.15233, -0.72314, -0.000310151, -0.000875989, 0.000465582, 0.0037096, 0.000577068, 0.000138606, 0.00679631
280180, 11.14, 0.0150794, -0.0669289, 0.113443, -0.238833, -0.37811, 0.724579, -0.138568, 0.415469, 0.118586, 0.03493, 0.419767, 0.017654, 0.514297, -0.0321359, 0.208054, 0.563486, 0.782996, 0.263441, 0.67289, -0.620006, 0.403499, 0.479273, -0.0500988, -0.876235, 0.000347085, 0.00023128, 3.55078e-05, 0.000358511, -0.000105435, -0.000296745, -0.0908487, 0.0127641, -0.0188969, -2.63637, -0.274046, 3.15233, -0.723143, 0.000507306, 0.000702077, 4.6264e-05, 0.00104173, -2.26858e-06, -0.000282263, 0.000931691
290479, 11.151, 0.0150885, -0.0669283, 0.113453, -0.238842, -0.378124, 0.724579, -0.134411, 0.422885, 0.118574, 0.034796, 0.420092, 0.017652, 0.514306, -0.0321353, 0.208064, 0.563475, 0.783001, 0.26345, 0.672885, -0.62, 0.403516, 0.479292, -0.0500995, -0.876224, 0.00108525, 0.00068177, 0.00135362, 0.000205405, -0.00313306, 0.000651991, -0.0908512, 0.012762, -0.0188917, -2.63635, -0.274048, 3.15233, -0.723145, 0.000706305, -0.000841053, 0.000788355, 0.00208021, -0.000157428, 0.000180669, 0.00114695
300766, 11.161, 0.0150881, -0.0669294, 0.113452, -0.238841, -0.378124, 0.724575, -0.138688, 0.420346, 0.126084, 0.034547, 0.420019, 0.017515, 0.514306, -0.0321364, 0.208063, 0.563481, 0.782996, 0.263451, 0.672882, -0.620006, 0.403512, 0.47929, -0.0501001, -0.876226, 0.000129933, -0.000110741, 0.000104085, 0.00051972, -0.000567151, -0.00103888, -0.0908502, 0.0127648, -0.0188944, -2.63635, -0.274045, 3.15233, -0.723142, -0.000468311, 0.000120202, 0.000236494, 0.000211533, 9.95439e-06, 0.000434369, 0.000974641
311076, 11.171, 0.0150918, -0.0669339, 0.113454, -0.238846, -0.378127, 0.724572, -0.134357, 0.417845, 0.118633, 0.034513, 0.419717, 0.017787, 0.51431, -0.0321409, 0.208065, 0.563482, 0.782995, 0.263452, 0.672878, -0.620006, 0.403519, 0.479295, -0.0501047, -0.876222, 8.30831e-05, -0.0011307, 0.000169229, 0.00107136, 0.00143276, -0.00218861, -0.0908527, 0.012768, -0.0188969, -2.63635, -0.274044, 3.15233, -0.72314, -0.000536075, -4.28164e-05, 5.32016e-05, -0.00149564, 0.000362077, -8.77689e-05, 0.00156931
321363, 11.182, 0.0150867, -0.0669308, 0.113446, -0.238837, -0.378117, 0.724574, -0.130218, 0.420398, 0.126035, 0.03454, 0.419917, 0.017517, 0.514305, -0.0321378, 0.208057, 0.563488, 0.782992, 0.263447, 0.672883, -0.62001, 0.403504, 0.47928, -0.0501005, -0.876231, 0.000119081, 0.00210496, 0.000257301, 0.000448343, -0.000588328, 0.00324208, -0.0908527, 0.0127759, -0.0188944, -2.63635, -0.274042, 3.15233, -0.723142, 0.00417885, -0.000670892, -0.000103973, -0.000259946, 1.0379e-05, 0.000132358, 0.00095929
331676, 11.192, 0.0150907, -0.0669328, 0.113449, -0.238841, -0.378122, 0.724569, -0.134412, 0.422887, 0.118574, 0.034796, 0.420092, 0.017652, 0.514309, -0.0321398, 0.20806, 0.56349, 0.782989, 0.263452, 0.672877, -0.620014, 0.403509, 0.479287, -0.0501029, -0.876227, 0.000655417, 0.000392997, 0.000573028, 0.00473004, -0.0018549, -0.00806285, -0.0908527, 0.0127776, -0.0188977, -2.63634, -0.274044, 3.15233, -0.723138, 0.00112843, 0.000103526, -0.000256955, 0.0014753, -0.00017718, -1.89184e-05, 0.0103722
341975, 11.202, 0.0150851, -0.0669307, 0.11344, -0.238833, -0.378107, 0.72458, -0.134408, 0.42289, 0.118576, 0.034796, 0.420092, 0.017652, 0.514303, -0.0321377, 0.208051, 0.563487, 0.782996, 0.263438, 0.672892, -0.620006, 0.403496, 0.479269, -0.0500996, -0.876237, -0.000623714, -0.00065506, -0.00198277, 0.00026778, 0.00386738, -0.00119369, -0.0908527, 0.0127882, -0.0188947, -2.63635, -0.274044, 3.15233, -0.723147, -0.000652623, 0.00360274, -0.000711737, -0.000319143, 0.000117718, 4.85922e-05, -0.000306075
352341, 11.213, 0.0150907, -0.0669282, 0.113444, -0.238835, -0.378121, 0.724575, -0.134384, 0.422908, 0.126225, 0.035018, 0.419962, 0.017652, 0.514309, -0.0321352, 0.208055, 0.563483, 0.782994, 0.263451, 0.672885, -0.620008, 0.403505, 0.479284, -0.0500959, -0.876229, -0.000333938, 0.000951369, -0.00117094, 0.00119073, 0.00201209, 0.000219156, -0.0908495, 0.0127918, -0.0188923, -2.63634, -0.27404, 3.15234, -0.723142, 0.000321407, 0.00203795, 0.00148601, -0.000446158, 0.00045412, 0.000371279, 0.00140998
362582, 11.223, 0.0150852, -0.0669275, 0.113439, -0.238829, -0.378108, 0.724579, -0.134363, 0.42279, 0.118557, 0.034573, 0.419713, 0.017652, 0.514303, -0.0321345, 0.20805, 0.563489, 0.782994, 0.263441, 0.672891, -0.620009, 0.403493, 0.479268, -0.0500963, -0.876238, -0.000272961, 0.000863526, -0.000178952, 0.000783377, 0.000396826, 0.000329776, -0.090848, 0.0127897, -0.0188927, -2.63635, -0.274041, 3.15233, -0.72314, 9.9729e-05, -0.000350496, 0.00150619, -0.00085164, 3.12939e-05, 2.61551e-05, 0.00142837
372869, 11.233, 0.0150855, -0.0669269, 0.11344, -0.23883, -0.37811, 0.724579, -0.130167, 0.42529, 0.126266, 0.034601, 0.419911, 0.017785, 0.514304, -0.0321339, 0.208051, 0.563487, 0.782995, 0.263442, 0.672891, -0.620008, 0.403494, 0.47927, -0.0500959, -0.876237, -0.00030191, 0.00107067, 9.81077e-05, 0.000663647, -0.000203408, 0.000945342, -0.0908417, 0.0127875, -0.0188976, -2.63635, -0.27404, 3.15233, -0.723141, 0.00132987, -0.00113655, 0.000664974, -0.001243, 0.000150733, 0.00024848, 0.0010821
383117, 11.244, 0.015089, -0.0669285, 0.113441, -0.238833, -0.378111, 0.724579, -0.134318, 0.422879, 0.118606, 0.035017, 0.41971, 0.017654, 0.514307, -0.0321355, 0.208052, 0.563486, 0.782996, 0.263442, 0.67289, -0.620007, 0.403498, 0.479273, -0.0500976, -0.876235, 0.000700656, 0.000673368, 0.000643589, 0.00408158, -0.00178059, -0.00486043, -0.0908446, 0.012794, -0.0188975, -2.63634, -0.274042, 3.15233, -0.723143, 0.00309367, -0.000115945, -0.000116048, 0.00105227, 0.00916128, 0.000157931, -0.000244346
393361, 11.254, 0.0150893, -0.06693, 0.113443, -0.238835, -0.378113, 0.724577, -0.134336, 0.422819, 0.126206, 0.034795, 0.419583, 0.017652, 0.514307, -0.032137, 0.208054, 0.563486, 0.782995, 0.263443, 0.672888, -0.620007, 0.403501, 0.479276, -0.0500991, -0.876233, 0.000642123, 0.000103665, 0.0014779, -0.000290996, -0.00309419, 0.000537229, -0.090847, 0.0127908, -0.0188976, -2.63634, -0.27404, 3.15233, -0.723146, 4.3984e-05, -0.00217388, 0.000398772, 0.000728462, 0.000830474, 0.000210825, -0.000911966
403617, 11.264, 0.0150882, -0.0669312, 0.113438, -0.238832, -0.378106, 0.724579, -0.134408, 0.42289, 0.118577, 0.034796, 0.420092, 0.017652, 0.514306, -0.0321382, 0.208049, 0.563488, 0.782995, 0.263438, 0.672891, -0.620007, 0.403495, 0.479268, -0.0500997, -0.876237, 0.00010817, -0.00025038, -0.000115839, -0.000188981, 4.37522e-06, -1.73348e-05, -0.090847, 0.0127993, -0.0189001, -2.63634, -0.27404, 3.15233, -0.723149, -3.3184e-05, 0.00063052, -0.000452766, 0.000373958, 5.37399e-06, 0.000281871, -0.000498829
413918, 11.274, 0.0150879, -0.0669336, 0.113438, -0.238833, -0.378106, 0.724576, -0.13019, 0.41552, 0.118507, 0.034701, 0.420047, 0.017654, 0.514306, -0.0321406, 0.208049, 0.563494, 0.782991, 0.263438, 0.672888, -0.620012, 0.403494, 0.479267, -0.0501019, -0.876238, -0.000324569, -0.00121114, -0.000142131, 0.000221646, 0.000548651, -0.00285336, -0.0908544, 0.0128, -0.0188976, -2.63634, -0.274041, 3.15233, -0.723146, -0.00238614, -0.000287222, -5.89972e-06, -0.000543561, -0.000107117, -0.000323725, 0.000586689
424223, 11.285, 0.0150877, -0.0669314, 0.113436, -0.23883, -0.378105, 0.724577, -0.130139, 0.425321, 0.133927, 0.034823, 0.419781, 0.017786, 0.514306, -0.0321384, 0.208047, 0.563493, 0.782991, 0.263438, 0.67289, -0.620012, 0.403491, 0.479265, -0.0500994, -0.876239, 0.00030168, -0.000174342, 0.000830158, -0.000510337, -0.00188706, 0.000515565, -0.090847, 0.0128032, -0.0189001, -2.63634, -0.274037, 3.15233, -0.723146, 0.000172388, -0.00128977, -0.000490401, 0.000202428, 4.82897e-05, 0.000453941, -0.000933369
434450, 11.295, 0.0150882, -0.0669298, 0.113434, -0.238827, -0.378108, 0.724574, -0.130173, 0.420491, 0.126087, 0.034984, 0.419914, 0.017519, 0.514306, -0.0321368, 0.208045, 0.563495, 0.782989, 0.263444, 0.672887, -0.620016, 0.403489, 0.479266, -0.0500958, -0.876239, -5.98839e-05, -0.000505082, -0.000641977, 0.000816026, 0.000843435, -0.00216864, -0.090847, 0.0128114, -0.0188977, -2.63634, -0.274036, 3.15234, -0.72314, 0.000571631, 0.00160848, -0.00159037, 0.00025553, 3.21731e-05, 0.000444773, 0.00134524
444637, 11.305, 0.0150874, -0.0669302, 0.113435, -0.238828, -0.378103, 0.724578, -0.134372, 0.417972, 0.126307, 0.034958, 0.419965, 0.017787, 0.514305, -0.0321372, 0.208046, 0.563494, 0.782991, 0.263438, 0.672891, -0.620012, 0.403488, 0.479262, -0.0500979, -0.876241, 0.000735169, -4.72345e-05, 0.000902671, -0.000210494, -0.00201219, 7.20838e-05, -0.090847, 0.0128064, -0.0188976, -2.63634, -0.274036, 3.15233, -0.723145, -9.84551e-05, -0.000467725, 0.000160419, 0.00153757, 1.01209e-05, 1.86058e-05, -1.85958e-05
454841, 11.315, 0.0150872, -0.0669277, 0.113433, -0.238826, -0.3781, 0.724583, -0.125956, 0.422872, 0.126128, 0.034566, 0.419863, 0.017652, 0.514305, -0.0321347, 0.208044, 0.563488, 0.782996, 0.263435, 0.672898, -0.620006, 0.403487, 0.47926, -0.0500954, -0.876242, 0.00181744, 0.000433818, 0.0020787, -0.000771304, -0.00471239, 0.00177766, -0.0908423, 0.0128096, -0.0188976, -2.63634, -0.274037, 3.15233, -0.723148, 0.000654465, -0.00084108, 0.0005413, 0.00378379, -3.78003e-05, 0.000147835, -0.000603445
465012, 11.325, 0.0150862, -0.066933, 0.11343, -0.238826, -0.378096, 0.724579, -0.13017, 0.420493, 0.126088, 0.034984, 0.419914, 0.017519, 0.514304, -0.03214, 0.208041, 0.563497, 0.782991, 0.263432, 0.672894, -0.620012, 0.403483, 0.479254, -0.0500999, -0.876245, 0.000131983, -0.000755599, -0.000352844, -0.000599071, 0.000475499, -0.00017077, -0.0908471, 0.0128149, -0.018903, -2.63634, -0.274036, 3.15233, -0.72315, -0.00103602, 0.00136478, -0.000393424, 0.000713913, 0.000125877, 0.000248653, -0.00152642
475188, 11.336, 0.0150868, -0.066929, 0.113432, -0.238825, -0.3781, 0.724578, -0.134399, 0.417943, 0.118648, 0.034735, 0.420095, 0.017787, 0.514305, -0.032136, 0.208043, 0.563495, 0.782991, 0.263436, 0.672893, -0.620013, 0.403483, 0.479258, -0.0500964, -0.876243, 0.000438793, 0.000367728, 0.000713257, 0.000168221, -0.0016046, 0.000225329, -0.0908447, 0.0128118, -0.0188976, -2.63634, -0.274036, 3.15233, -0.723142, 0.000249175, -0.000769294, 0.000492977, 0.000701635, -0.0002606, 0.000112446, 0.000868481
485361, 11.346, 0.015088, -0.0669298, 0.113433, -0.238827, -0.378107, 0.724577, -0.134382, 0.422911, 0.126227, 0.035018, 0.419962, 0.017652, 0.514306, -0.0321368, 0.208044, 0.563492, 0.782991, 0.263442, 0.67289, -0.620013, 0.403489, 0.479265, -0.0500958, -0.876239, 0.000173867, -0.000351361, 0.000390981, 9.47321e-06, -0.00119939, -0.000606831, -0.0908445, 0.0128128, -0.0189003, -2.63634, -0.274036, 3.15234, -0.723144, -0.00027103, -0.000438991, -0.000453509, 0.000122226, -6.76847e-05, 0.000654427, 2.95386e-05
495530, 11.356, 0.0150864, -0.0669317, 0.113431, -0.238826, -0.378098, 0.724578, -0.125956, 0.422873, 0.126128, 0.034566, 0.419863, 0.017652, 0.514304, -0.0321387, 0.208042, 0.563497, 0.78299, 0.263434, 0.672893, -0.620013, 0.403483, 0.479256, -0.050099, -0.876244, -0.000307641, -0.000758664, -0.000409122, -0.000304596, 0.000947977, -0.00091685, -0.0908447, 0.0128135, -0.0189032, -2.63634, -0.274037, 3.15233, -0.723145, 7.52257e-05, 0.000391856, -0.00164244, -0.000443394, -0.000308489, -7.81779e-05, -0.000443396
505739, 11.366, 0.0150859, -0.0669296, 0.113428, -0.238822, -0.378096, 0.724579, -0.134344, 0.422864, 0.110949, 0.034795, 0.41984, 0.017653, 0.514304, -0.0321366, 0.208039, 0.563498, 0.78299, 0.263433, 0.672895, -0.620014, 0.403478, 0.479252, -0.0500965, -0.876247, -4.50956e-05, 0.000416536, -5.29052e-05, 0.000438328, 0.000275203, -4.45553e-05, -0.0908459, 0.0128185, -0.0188978, -2.63634, -0.274036, 3.15233, -0.723142, 0.000272582, -7.71192e-05, 0.000584167, -9.45072e-05, 0.000178322, -0.000313596, 0.000803317
516000, 11.376, 0.0150859, -0.0669313, 0.113428, -0.238823, -0.378095, 0.724577, -0.13017, 0.420494, 0.126089, 0.034984, 0.419914, 0.017519, 0.514304, -0.0321383, 0.208039, 0.5635, 0.782989, 0.263433, 0.672894, -0.620015, 0.403479, 0.479252, -0.0500981, -0.876247, -0.000352274, -0.00373542, 0.000151159, 0.000490845, -0.000577139, -0.0080108, -0.0908459, 0.0128185, -0.0189009, -2.63634, -0.274035, 3.15233, -0.723144, -0.00673773, -0.000623483, -0.000576852, -0.000619767, 0.000196076, 0.000538034, 0.000675954
526175, 11.387, 0.015085, -0.0669328, 0.113425, -0.238822, -0.378092, 0.724576, -0.134425, 0.422825, 0.126179, 0.034574, 0.419965, 0.01765, 0.514303, -0.0321398, 0.208036, 0.563505, 0.782986, 0.263431, 0.672893, -0.620019, 0.403474, 0.479246, -0.0500992, -0.876249, -0.000468906, -0.000558336, -0.0006312, 0.000637718, 0.00137213, -0.00210977, -0.0908438, 0.0128242, -0.0189061, -2.63634, -0.274035, 3.15233, -0.723142, 0.000176891, 0.00051688, -0.0012969, -0.000817124, 0.000239898, -0.000101623, 0.000873321
536352, 11.397, 0.0150852, -0.0669298, 0.113425, -0.23882, -0.378091, 0.724581, -0.134425, 0.422825, 0.126179, 0.034574, 0.419965, 0.01765, 0.514303, -0.0321368, 0.208036, 0.563499, 0.78299, 0.263429, 0.672898, -0.620013, 0.403474, 0.479246, -0.0500961, -0.87625, 0.000121026, 3.4095e-05, 0.000120094, -0.000490591, -0.000174268, 0.000857395, -0.0908436, 0.0128248, -0.0189001, -2.63634, -0.274033, 3.15233, -0.723146, -1.94088e-05, -1.88021e-05, 7.55405e-05, 0.0003079, -0.000275623, -0.000105364, -0.000652581
546556, 11.407, 0.0150847, -0.0669289, 0.113423, -0.238819, -0.378088, 0.724585, -0.125937, 0.422935, 0.11852, 0.034788, 0.41999, 0.017654, 0.514303, -0.0321359, 0.208034, 0.563496, 0.782994, 0.263426, 0.672903, -0.620009, 0.403473, 0.479243, -0.0500951, -0.876252, -0.000281013, 0.000165436, -0.00127835, -0.000748246, 0.00249543, 0.00206346, -0.0908438, 0.0128286, -0.0188986, -2.63634, -0.274035, 3.15233, -0.723149, 0.000106127, 0.00254326, 0.000127337, 3.36143e-05, -0.000151696, 0.000109712, -0.00191984
556787, 11.417, 0.0150848, -0.0669309, 0.113423, -0.238819, -0.378089, 0.724581, -0.134396, 0.422855, 0.13384, 0.034796, 0.419835, 0.01765, 0.514303, -0.0321379, 0.208034, 0.563501, 0.78299, 0.263427, 0.672899, -0.620014, 0.403472, 0.479243, -0.0500968, -0.876251, -0.000133566, 0.000389593, -0.00019553, -0.000270345, 0.000398225, 0.00135491, -0.0908445, 0.012828, -0.0189011, -2.63634, -0.274031, 3.15233, -0.723149, 0.001335, 0.000117321, -0.00059534, -0.000368914, 0.000157428, 0.000122106, -0.000842644
566986, 11.427, 0.0150842, -0.0669292, 0.113421, -0.238816, -0.378085, 0.724583, -0.12589, 0.422846, 0.11851, 0.034565, 0.419612, 0.017654, 0.514302, -0.0321362, 0.208032, 0.5635, 0.782991, 0.263425, 0.672903, -0.620013, 0.403468, 0.479238, -0.0500948, -0.876254, -0.000335782, 0.000556213, -0.00202524, 2.60347e-05, 0.00400263, 0.00155523, -0.0908416, 0.0128337, -0.0189008, -2.63634, -0.274031, 3.15233, -0.723148, 0.00164807, 0.00420979, -0.000575962, 0.000406164, 0.000166701, -0.000187723, -0.000746282
577187, 11.437, 0.0150891, -0.0669289, 0.113427, -0.238822, -0.378096, 0.724579, -0.13012, 0.425384, 0.126319, 0.035044, 0.419908, 0.017787, 0.514307, -0.0321359, 0.208038, 0.563498, 0.78299, 0.263434, 0.672895, -0.620014, 0.403478, 0.479252, -0.0500956, -0.876247, 0.000121982, 0.000187166, 0.000325207, 0.00048675, -0.000666491, -0.000648263, -0.0908406, 0.0128287, -0.0189008, -2.63633, -0.274035, 3.15233, -0.723141, 0.000506646, -0.00055995, -0.000124813, 0.00011291, -6.00335e-05, -6.26395e-05, 0.00122683
587405, 11.448, 0.0150893, -0.0669321, 0.113429, -0.238824, -0.378097, 0.724575, -0.134381, 0.422913, 0.126228, 0.035018, 0.419962, 0.017652, 0.514307, -0.0321391, 0.20804, 0.563501, 0.782987, 0.263435, 0.672891, -0.620018, 0.40348, 0.479253, -0.0500985, -0.876246, 0.00026125, -0.000331145, 0.000903128, 0.00030777, -0.00189568, -0.00140828, -0.0908462, 0.0128263, -0.0189008, -2.63633, -0.274032, 3.15233, -0.723144, -0.00129885, -0.00158545, 0.000687148, 0.000154938, -3.37216e-05, 0.000117612, 0.000960173
597682, 11.458, 0.0150877, -0.0669296, 0.113422, -0.238819, -0.378087, 0.724585, -0.134406, 0.422895, 0.11858, 0.034796, 0.420092, 0.017652, 0.514306, -0.0321366, 0.208033, 0.563496, 0.782994, 0.263425, 0.672903, -0.620009, 0.403472, 0.479242, -0.0500956, -0.876252, -0.000509732, -0.00164127, -0.001015, -0.000369355, 0.00218024, -0.00232634, -0.0908424, 0.0128397, -0.0189007, -2.63633, -0.274035, 3.15233, -0.723149, -0.00410458, 0.00156236, 0.000789462, -0.000420658, -0.000346873, -0.000151486, -0.000801941
607927, 11.468, 0.015088, -0.0669307, 0.113423, -0.238819, -0.37809, 0.724578, -0.134425, 0.422825, 0.12618, 0.034574, 0.419965, 0.01765, 0.514306, -0.0321377, 0.208034, 0.563503, 0.782987, 0.26343, 0.672896, -0.620017, 0.403472, 0.479244, -0.0500965, -0.876251, 0.00024438, -0.000315777, -0.000218072, 0.000125088, 0.000362613, -0.000797424, -0.0908437, 0.0128372, -0.0189008, -2.63633, -0.274031, 3.15233, -0.723144, -0.0006707, 0.00118567, 0.000168713, 0.000984632, 0.000187254, -0.000179684, 0.000122825
618122, 11.478, 0.0150836, -0.0669296, 0.113418, -0.238815, -0.378082, 0.724583, -0.134342, 0.422867, 0.110951, 0.034795, 0.41984, 0.017653, 0.514302, -0.0321366, 0.208029, 0.563502, 0.78299, 0.263423, 0.672904, -0.620013, 0.403465, 0.479235, -0.0500952, -0.876256, -0.00110197, -0.000386102, -0.00123905, 0.000911303, 0.00269965, -0.00210661, -0.0908438, 0.0128376, -0.0189002, -2.63634, -0.274036, 3.15233, -0.723144, -0.000213579, 0.000487349, -0.000762985, -0.00231801, 7.94976e-06, 2.63086e-05, 0.00128491
628333, 11.489, 0.0150877, -0.0669282, 0.113421, -0.238817, -0.378086, 0.724586, -0.125936, 0.422936, 0.11852, 0.034788, 0.41999, 0.017654, 0.514306, -0.0321352, 0.208032, 0.563496, 0.782994, 0.263425, 0.672905, -0.620008, 0.40347, 0.479241, -0.0500938, -0.876253, 0.000175359, 0.00056779, -0.0010987, -0.000315376, 0.00203951, 0.00199009, -0.0908388, 0.0128414, -0.0189008, -2.63633, -0.274031, 3.15233, -0.723151, 0.000621101, 0.00312608, 0.000551273, 0.00123716, 8.3848e-05, -0.000111155, -0.00103348
638562, 11.499, 0.0150837, -0.0669278, 0.113418, -0.238814, -0.378082, 0.724586, -0.134331, 0.422827, 0.126211, 0.034795, 0.419583, 0.017652, 0.514302, -0.0321348, 0.208029, 0.563499, 0.782993, 0.263422, 0.672907, -0.62001, 0.403465, 0.479235, -0.0500931, -0.876256, 0.00191714, -0.000206426, 0.00206414, -0.000796558, -0.0048265, 0.00066468, -0.0908384, 0.0128383, -0.0189012, -2.63634, -0.27403, 3.15233, -0.72315, 0.000432111, -0.000448803, -0.000407839, 0.00415748, 0.00028272, 0.000286417, -0.000972075
648889, 11.509, 0.0150875, -0.0669316, 0.113421, -0.238818, -0.378087, 0.724579, -0.134406, 0.422896, 0.11858, 0.034796, 0.420092, 0.017652, 0.514305, -0.0321386, 0.208032, 0.563504, 0.782987, 0.263427, 0.672898, -0.620017, 0.403469, 0.479241, -0.0500972, -0.876253, -8.79847e-05, -0.000613693, -0.000220433, -0.000158197, 0.000306682, -0.000827298, -0.0908432, 0.0128408, -0.0189033, -2.63633, -0.274032, 3.15233, -0.723145, -0.000843723, 0.000465564, -0.000435566, -3.51284e-05, -0.000325974, 0.000220892, -0.000155671
659102, 11.52, 0.015087, -0.0669302, 0.113419, -0.238816, -0.378083, 0.724583, -0.134378, 0.422916, 0.12623, 0.035018, 0.419962, 0.017652, 0.514305, -0.0321372, 0.20803, 0.563501, 0.782991, 0.263424, 0.672903, -0.620013, 0.403467, 0.479237, -0.0500954, -0.876255, -0.000195517, 0.000125776, -0.0005472, -0.000161059, 0.00110781, 0.000725021, -0.0908428, 0.0128458, -0.0189008, -2.63633, -0.274031, 3.15233, -0.723149, 4.19013e-05, 0.000889329, 0.000184783, -0.000223735, 0.000147773, 2.85617e-05, -0.000713219
669300, 11.53, 0.0150868, -0.0669319, 0.113418, -0.238816, -0.378083, 0.724581, -0.130163, 0.425297, 0.126271, 0.034601, 0.419911, 0.017785, 0.514305, -0.0321389, 0.208029, 0.563505, 0.782988, 0.263423, 0.672901, -0.620016, 0.403466, 0.479236, -0.0500968, -0.876255, -0.000149579, -0.00116097, -0.000195094, -0.000456941, 0.000545136, -0.00142666, -0.0908459, 0.0128468, -0.0189008, -2.63633, -0.27403, 3.15233, -0.723149, -0.0020713, 0.000286632, -0.000178175, -4.1267e-05, 2.15677e-05, -0.000173131, -0.000986021
679618, 11.54, 0.0150875, -0.06693, 0.113421, -0.238817, -0.378087, 0.72458, -0.13016, 0.415556, 0.12617, 0.034923, 0.419917, 0.017654, 0.514306, -0.032137, 0.208032, 0.563502, 0.782989, 0.263427, 0.672899, -0.620016, 0.403469, 0.47924, -0.0500955, -0.876253, 5.75398e-05, -0.000423198, 0.000627687, 0.000399064, -0.00137741, -0.00167824, -0.0908406, 0.0128415, -0.0189026, -2.63633, -0.274031, 3.15233, -0.723145, -1.65321e-05, -0.00136113, -0.000832197, -0.000267683, -8.07629e-05, 0.000244002, 0.00106357
689879, 11.55, 0.0150868, -0.0669291, 0.113418, -0.238814, -0.378083, 0.724583, -0.134314, 0.422887, 0.118611, 0.035017, 0.41971, 0.017654, 0.514305, -0.0321361, 0.208029, 0.563503, 0.782989, 0.263424, 0.672903, -0.620015, 0.403464, 0.479235, -0.0500942, -0.876256, -0.000303714, -8.50429e-07, -0.000663808, 3.90562e-05, 0.00134911, 0.000150833, -0.0908406, 0.0128476, -0.0189008, -2.63633, -0.27403, 3.15233, -0.723146, -9.33857e-05, 0.000937571, 6.22881e-05, -0.000441748, 0.000205377, 3.40225e-05, -0.000409309
700084, 11.56, 0.0150882, -0.0669301, 0.11342, -0.238817, -0.37809, 0.724582, -0.134333, 0.422825, 0.12621, 0.034795, 0.419583, 0.017652, 0.514306, -0.0321371, 0.208031, 0.563498, 0.782991, 0.263429, 0.6729, -0.620013, 0.403471, 0.479244, -0.0500936, -0.876251, 0.000126141, -0.00119649, 0.000394429, 0.00346531, -0.00110218, -0.00728384, -0.0908406, 0.0128472, -0.0189032, -2.63633, -0.274028, 3.15234, -0.723152, -5.9428e-05, -0.00060136, -0.000706965, -0.000164155, 0.00917742, 0.00028263, -0.00174994
710292, 11.571, 0.0150869, -0.066929, 0.113418, -0.238814, -0.378083, 0.724583, -0.134331, 0.422827, 0.126211, 0.034795, 0.419583, 0.017652, 0.514305, -0.032136, 0.208029, 0.563503, 0.782989, 0.263424, 0.672903, -0.620015, 0.403465, 0.479235, -0.0500942, -0.876256, 0.000553203, 0.000162248, 0.0004496, -3.42927e-05, -0.00101417, 0.0002454, -0.0908406, 0.0128472, -0.0189008, -2.63633, -0.274031, 3.15233, -0.723145, -0.000243788, 0.000185315, 0.000694285, 0.00132515, 3.94452e-05, -0.000132356, 0.000175335
720502, 11.581, 0.0150872, -0.0669291, 0.113419, -0.238815, -0.378085, 0.724583, -0.125909, 0.422966, 0.12618, 0.03501, 0.41986, 0.017654, 0.514305, -0.0321361, 0.20803, 0.563501, 0.78299, 0.263425, 0.672902, -0.620014, 0.403467, 0.479238, -0.0500944, -0.876254, -0.000198248, 0.000486713, 0.000581036, 0.000118776, -0.00102156, 0.000619609, -0.0908406, 0.0128448, -0.0189008, -2.63633, -0.274031, 3.15233, -0.723146, 8.74286e-05, -0.00203153, 0.000801882, -0.0011345, 8.9707e-05, 0.000110681, 0.000233376
730794, 11.591, 0.0150862, -0.066929, 0.113415, -0.238812, -0.37808, 0.724582, -0.125908, 0.422968, 0.126181, 0.03501, 0.41986, 0.017654, 0.514304, -0.032136, 0.208026, 0.563505, 0.782988, 0.263423, 0.672904, -0.620016, 0.40346, 0.479231, -0.0500938, -0.876258, -0.0004421, 9.90872e-05, -0.00060888, 0.000932083, 0.00137757, -0.00146531, -0.0908406, 0.0128526, -0.0189008, -2.63633, -0.274031, 3.15233, -0.723143, 5.88679e-06, 0.000416724, 8.26669e-05, -0.000817336, -0.00021741, -0.000241047, 0.00195644
741024, 11.601, 0.0150859, -0.0669304, 0.113414, -0.238812, -0.378079, 0.724582, -0.130213, 0.420408, 0.126041, 0.03454, 0.419917, 0.017517, 0.514304, -0.0321374, 0.208025, 0.563507, 0.782988, 0.263421, 0.672904, -0.620017, 0.403459, 0.479229, -0.050095, -0.876259, -8.19863e-05, -0.000361551, -0.000578155, 0.00059874, 0.00110806, -0.00168283, -0.090843, 0.0128542, -0.0189012, -2.63633, -0.274031, 3.15233, -0.723145, -0.000554503, 0.0013076, -0.000138597, 0.000280282, 4.39921e-06, -0.000142255, 0.00110436
751231, 11.612, 0.0150862, -0.0669281, 0.113415, -0.238811, -0.378079, 0.724586, -0.130149, 0.420378, 0.118421, 0.034539, 0.419665, 0.017519, 0.514304, -0.0321351, 0.208026, 0.563502, 0.782991, 0.263421, 0.672907, -0.620012, 0.40346, 0.47923, -0.0500926, -0.876259, 0.000217513, 0.00350809, -0.000146191, -0.00022362, 0.000159069, 0.00739749, -0.0908382, 0.0128536, -0.0189008, -2.63633, -0.274027, 3.15233, -0.72315, 0.00609607, 0.000390303, 0.000733055, 2.63284e-05, 0.00020493, 0.000237061, -0.000820099
761435, 11.622, 0.0150863, -0.0669251, 0.113415, -0.238811, -0.378078, 0.724592, -0.130131, 0.420438, 0.110811, 0.03476, 0.419792, 0.01752, 0.514304, -0.0321321, 0.208026, 0.563494, 0.782997, 0.263419, 0.672913, -0.620005, 0.403461, 0.47923, -0.0500901, -0.876259, -0.000452025, 0.00117101, -0.000775445, -0.000668211, 0.00190691, 0.00358248, -0.0908359, 0.0128536, -0.018898, -2.63633, -0.274031, 3.15233, -0.723151, 0.00108254, 0.000647981, 0.0010587, -0.000911415, -0.000319039, -0.000276668, -0.00136475
771711, 11.632, 0.0150853, -0.0669302, 0.113412, -0.238811, -0.378073, 0.724588, -0.125925, 0.417998, 0.118602, 0.034728, 0.419994, 0.017789, 0.514303, -0.0321372, 0.208023, 0.563502, 0.782993, 0.263415, 0.672911, -0.620011, 0.403458, 0.479225, -0.0500945, -0.876262, 0.000199064, -0.000897715, -0.000229148, -0.00504458, 0.000813672, 0.00744851, -0.0908407, 0.0128595, -0.0189033, -2.63633, -0.274031, 3.15233, -0.723153, -0.000784015, 0.00121821, -0.000984848, 0.000952272, -0.000521744, -1.82902e-05, -0.00999661
782018, 11.642, 0.0150852, -0.0669311, 0.113412, -0.238811, -0.378075, 0.724583, -0.134404, 0.422899, 0.118582, 0.034796, 0.420092, 0.017652, 0.514303, -0.0321381, 0.208023, 0.563508, 0.782987, 0.263418, 0.672906, -0.620017, 0.403456, 0.479224, -0.0500953, -0.876262, -0.000279891, -0.000735226, -0.000760317, -0.00132468, 0.00185217, 0.00106783, -0.0908395, 0.0128596, -0.0189061, -2.63633, -0.27403, 3.15233, -0.723147, 0.000416561, 0.00131508, -0.00182699, -5.56042e-05, 0.000116709, -0.00034699, -0.00299618
792322, 11.653, 0.0150861, -0.0669274, 0.113414, -0.238811, -0.378078, 0.724587, -0.130167, 0.420498, 0.126091, 0.034984, 0.419914, 0.017519, 0.514304, -0.0321344, 0.208025, 0.563501, 0.782992, 0.26342, 0.672908, -0.620012, 0.403459, 0.479229, -0.0500921, -0.876259, -0.000180928, -7.89112e-05, 0.000323702, 0.000263375, -0.000546505, -0.000758628, -0.0908349, 0.0128546, -0.0189033, -2.63633, -0.27403, 3.15233, -0.723147, 0.000979305, -0.00125531, -0.00118272, -0.000761926, -4.71581e-05, 2.36629e-05, 0.000684402
802611, 11.663, 0.0150898, -0.0669281, 0.113416, -0.238813, -0.378081, 0.724587, -0.134369, 0.417977, 0.126311, 0.034958, 0.419965, 0.017787, 0.514308, -0.0321351, 0.208027, 0.563498, 0.782993, 0.263421, 0.672908, -0.62001, 0.403464, 0.479233, -0.0500929, -0.876257, 0.000566191, 0.000148403, 0.000762443, -0.000677139, -0.0014937, 0.00130808, -0.0908381, 0.01286, -0.0189006, -2.63632, -0.27403, 3.15233, -0.72315, 0.000551264, -0.000584033, -8.23339e-05, 0.00114293, 0.000268148, -0.000178088, -0.00125304
