timestamp, robot_time[1], robot_ee_pos_error[3], robot_ee_ori_error[3], sensed_forces_moments[6], robot_ee_position[3], robot_ee_orientation[9], robot_ee_linear_velocity[3], robot_ee_angular_velocity[3], joint_angles[7], joint_velocities[7], 
10185, 10.979, 0.013199, -0.0660492, 0.1122, -0.237222, -0.374738, 0.72679, -0.0325789, 0.40172, 0.159047, 0.0337, 0.419766, 0.018611, 0.512417, -0.0312562, 0.206811, 0.56307, 0.784281, 0.260491, 0.675965, -0.618421, 0.400784, 0.47542, -0.0495866, -0.87836, 0.00077969, -0.00296616, 0.00066682, 0.000118677, -0.000572912, -0.00665309, -0.0846931, 0.0109371, -0.023663, -2.6406, -0.274921, 3.15023, -0.72331, -0.0139188, 0.000462125, 0.00855468, 0.0028987, 0.000174218, -0.00194893, 0.00100868
20467, 10.989, 0.0132201, -0.0660826, 0.112207, -0.237232, -0.374768, 0.726707, -0.0114459, 0.409321, 0.158974, 0.033994, 0.419885, 0.018615, 0.512438, -0.0312896, 0.206818, 0.56316, 0.784202, 0.260535, 0.675878, -0.61852, 0.400777, 0.475436, -0.0496115, -0.87835, 0.00320553, -0.00299318, 0.00239683, -0.000305586, -0.00720002, -0.00525864, -0.0847186, 0.0109765, -0.0236819, -2.64054, -0.274829, 3.15023, -0.723312, -0.00279156, 0.00245112, -0.00253509, 0.00778432, -5.32462e-05, 0.0019293, 0.000259666
30692, 10.999, 0.0132614, -0.0661143, 0.112226, -0.237253, -0.374819, 0.726623, 0.00122867, 0.402007, 0.158849, 0.033892, 0.419738, 0.01862, 0.512479, -0.0313213, 0.206837, 0.563234, 0.784129, 0.260595, 0.675785, -0.61861, 0.400795, 0.475481, -0.0496356, -0.878325, 0.00697591, -0.00375223, 0.00438278, 0.0015258, -0.0116082, -0.00991767, -0.084728, 0.0110328, -0.0237078, -2.64043, -0.274727, 3.15023, -0.723325, -0.00126928, 0.00649024, -0.00307751, 0.0178389, 0.00839387, 1.79419e-05, -0.00208082
40914, 11.009, 0.0133165, -0.0661349, 0.112243, -0.237267, -0.374878, 0.72654, -0.00304615, 0.399524, 0.158753, 0.033865, 0.419792, 0.018485, 0.512534, -0.0313419, 0.206854, 0.563304, 0.784055, 0.260665, 0.675692, -0.618703, 0.400808, 0.47553, -0.049648, -0.878298, 0.00509767, -0.00238747, 0.00181404, 0.00531939, -0.00630316, -0.0129369, -0.0847176, 0.0111267, -0.0237266, -2.64028, -0.274613, 3.15023, -0.723324, 0.00181104, 0.00817567, -0.00326029, 0.0136704, 0.0122904, 0.000198737, 0.00076713
51034, 11.019, 0.0133883, -0.0661495, 0.112273, -0.237294, -0.374953, 0.726473, -0.00302304, 0.409354, 0.158903, 0.033986, 0.419783, 0.018617, 0.512606, -0.0313565, 0.206884, 0.563338, 0.784006, 0.26074, 0.675609, -0.618764, 0.400853, 0.475607, -0.0496576, -0.878255, 0.0073922, -0.00150229, 0.0038305, 0.000795084, -0.0105421, -0.00427991, -0.0847104, 0.0112281, -0.02373, -2.64009, -0.274516, 3.15023, -0.723333, 0.000500924, 0.00858527, -0.000591451, 0.0192054, 0.00704705, -0.000244264, -0.0023383
61151, 11.029, 0.0134825, -0.0661669, 0.112312, -0.237331, -0.375049, 0.726394, -0.00303487, 0.4044, 0.15896, 0.033926, 0.419786, 0.018753, 0.512701, -0.0313739, 0.206923, 0.563373, 0.78395, 0.260832, 0.675509, -0.618834, 0.400914, 0.475708, -0.0496701, -0.8782, 0.00958291, -0.00133081, 0.005238, -0.000985722, -0.0142791, -0.00149093, -0.0847043, 0.0113623, -0.0237317, -2.63984, -0.274411, 3.15023, -0.723337, 1.87613e-05, 0.0104563, 3.58312e-05, 0.0247544, 0.00330182, -3.32934e-06, -0.00154968
71266, 11.04, 0.0136041, -0.0661794, 0.112367, -0.237386, -0.375171, 0.726324, 0.00115129, 0.401958, 0.158803, 0.033892, 0.419738, 0.01862, 0.512822, -0.0313864, 0.206978, 0.563377, 0.783912, 0.260938, 0.675408, -0.618881, 0.401012, 0.475848, -0.0496817, -0.878123, 0.0122428, -0.000920159, 0.00634705, 0.00144169, -0.0182603, -0.00459113, -0.0846906, 0.0115233, -0.0237296, -2.63952, -0.274331, 3.15023, -0.723333, 0.000325424, 0.0141771, 0.00158705, 0.031414, 0.00669939, 0.00078608, 0.000800884
81382, 11.05, 0.0137335, -0.0661804, 0.11244, -0.237457, -0.375309, 0.726283, 0.00112743, 0.401927, 0.158782, 0.033892, 0.419738, 0.01862, 0.512951, -0.0313874, 0.207051, 0.563326, 0.783914, 0.261043, 0.675329, -0.618879, 0.401149, 0.47602, -0.0496877, -0.878029, 0.0135847, -0.000651622, 0.00843282, 0.00012187, -0.0220345, -0.00258435, -0.0846633, 0.011657, -0.023724, -2.63919, -0.27429, 3.15023, -0.723336, 0.000914886, 0.0120336, 0.00180819, 0.0341407, 0.0061793, -0.000228449, -0.000185074
91498, 11.06, 0.013862, -0.0661763, 0.112506, -0.237526, -0.375437, 0.726266, -0.0116131, 0.394426, 0.158802, 0.033813, 0.419897, 0.018618, 0.51308, -0.0313833, 0.207117, 0.56325, 0.783938, 0.261134, 0.675274, -0.618848, 0.401289, 0.476188, -0.0496887, -0.877939, 0.0134482, 0.00128412, 0.00570816, -0.00254491, -0.0171715, 0.00620322, -0.0846285, 0.011807, -0.0237222, -2.63886, -0.274279, 3.15024, -0.723342, 0.00536432, 0.0185078, 0.000160995, 0.0354176, 0.000928567, 0.000444057, -0.0016289
101614, 11.07, 0.0139971, -0.0661834, 0.112582, -0.237608, -0.375572, 0.726233, -0.0157804, 0.396792, 0.1513, 0.033846, 0.419693, 0.018752, 0.513215, -0.0313904, 0.207193, 0.563191, 0.783948, 0.261229, 0.675199, -0.618833, 0.401438, 0.476364, -0.0497051, -0.877842, 0.00941076, -0.000716132, 0.00242076, -0.00160214, -0.0088013, 0.00104812, -0.0846067, 0.0119463, -0.0237264, -2.63851, -0.274273, 3.15023, -0.723339, 0.00150955, 0.0171413, -0.00066115, 0.0264161, 0.000698879, -0.000373051, -0.000975361
111730, 11.08, 0.01413, -0.0661949, 0.11266, -0.237693, -0.375712, 0.726192, -0.0200531, 0.389348, 0.151267, 0.03376, 0.41975, 0.018752, 0.513348, -0.0314019, 0.207271, 0.563137, 0.783954, 0.261329, 0.675115, -0.618825, 0.401592, 0.476546, -0.0497241, -0.877742, 0.0133337, -0.00162161, 0.00917734, -0.00210823, -0.023414, -0.00139289, -0.084602, 0.0120772, -0.0237237, -2.63817, -0.274267, 3.15023, -0.723336, -0.000778796, 0.00980074, 0.000540151, 0.0332133, 0.000334675, 9.50579e-05, 0.0010035
121846, 11.09, 0.0142469, -0.0662055, 0.112727, -0.237768, -0.375833, 0.726159, -0.0200963, 0.379537, 0.143488, 0.03386, 0.419886, 0.018621, 0.513465, -0.0314125, 0.207338, 0.563088, 0.78396, 0.261415, 0.675044, -0.618815, 0.401726, 0.476705, -0.0497411, -0.877655, 0.0133824, -0.00196588, 0.0097663, -0.00211099, -0.0246416, -0.00200493, -0.0845936, 0.0121957, -0.0237264, -2.63787, -0.274261, 3.15023, -0.723338, -0.000262089, 0.00849293, -0.000505502, 0.0328914, 0.00127334, 0.000337101, 0.000190836
131962, 11.1, 0.014357, -0.0662169, 0.112795, -0.237842, -0.375953, 0.726122, -0.0158467, 0.377038, 0.143628, 0.033827, 0.419836, 0.018892, 0.513575, -0.0314239, 0.207406, 0.563044, 0.783963, 0.2615, 0.67497, -0.61881, 0.401858, 0.476861, -0.0497588, -0.877569, 0.0112448, -0.00136961, 0.00584419, -0.00172566, -0.0161933, -0.000915465, -0.0845907, 0.0122966, -0.0237265, -2.63759, -0.274254, 3.15023, -0.723338, -3.54945e-05, 0.013099, -0.000204413, 0.029468, -0.000207817, -8.90281e-05, 0.000975372
142080, 11.11, 0.0144602, -0.0662228, 0.112861, -0.237911, -0.376069, 0.726092, -0.0158642, 0.381919, 0.1588, 0.033887, 0.419575, 0.018755, 0.513678, -0.0314298, 0.207472, 0.562995, 0.783972, 0.261582, 0.674906, -0.618798, 0.401984, 0.477011, -0.0497714, -0.877487, 0.0119745, -0.00117406, 0.00856775, -0.00172102, -0.0213984, -0.00121479, -0.084582, 0.0123852, -0.0237237, -2.63733, -0.27425, 3.15023, -0.723336, -0.000210431, 0.00790889, 0.000596351, 0.02966, 0.000409337, -0.000302683, 0.00137867
152198, 11.121, 0.0145694, -0.0662317, 0.112938, -0.237991, -0.376199, 0.726059, -0.0243818, 0.381806, 0.151179, 0.033673, 0.419807, 0.018752, 0.513787, -0.0314387, 0.207549, 0.562939, 0.783981, 0.261674, 0.674832, -0.618785, 0.402129, 0.477181, -0.0497884, -0.877393, 0.00875927, -0.000244496, 0.00513319, -0.00149544, -0.0134305, 0.000999726, -0.0845756, 0.0124598, -0.0237237, -2.63706, -0.274248, 3.15023, -0.723338, 0.00130304, 0.00856762, 0.000220212, 0.0224547, 0.000409407, -0.0003904, 0.000135914
162315, 11.131, 0.0146539, -0.0662502, 0.113, -0.238059, -0.376303, 0.726015, -0.0158748, 0.376981, 0.151232, 0.034049, 0.419705, 0.018892, 0.513872, -0.0314572, 0.207611, 0.562917, 0.783972, 0.261749, 0.674755, -0.618794, 0.402242, 0.477316, -0.0498125, -0.877319, 0.00812637, -0.0020605, 0.0054211, -0.00122708, -0.0137051, -0.00328283, -0.08458, 0.0125149, -0.0237364, -2.63685, -0.274244, 3.15023, -0.723335, -0.000781085, 0.00655209, -0.00146162, 0.0207467, -0.000322045, -0.000453278, 0.00144995
172464, 11.141, 0.0147346, -0.0662591, 0.113056, -0.238119, -0.376398, 0.725987, -0.015907, 0.376897, 0.158826, 0.033827, 0.419579, 0.01889, 0.513953, -0.0314661, 0.207667, 0.562879, 0.783977, 0.261817, 0.674698, -0.618788, 0.402349, 0.477441, -0.0498268, -0.87725, 0.00652869, 0.000211098, 0.00379365, -0.000863136, -0.0100245, 0.00110379, -0.0845803, 0.012571, -0.0237349, -2.63665, -0.274237, 3.15023, -0.723341, 0.00104041, 0.00642622, 0.000840777, 0.0166647, 0.000298603, -0.0001869, 0.000564475
182589, 11.151, 0.0148107, -0.0662638, 0.113118, -0.23818, -0.376504, 0.725959, -0.00751138, 0.381951, 0.158699, 0.034102, 0.419852, 0.018757, 0.514029, -0.0314708, 0.207729, 0.562835, 0.783982, 0.261893, 0.674638, -0.618779, 0.402462, 0.477577, -0.0498364, -0.877175, 0.00821897, 4.97222e-05, 0.00759623, -0.00239612, -0.017933, 0.00264963, -0.0845758, 0.0126049, -0.0237329, -2.63647, -0.274234, 3.15024, -0.72334, 0.0023082, 0.00100575, -0.0005474, 0.018878, -0.000244526, 0.000221008, -0.00072883
192706, 11.161, 0.0148797, -0.0662711, 0.113172, -0.238235, -0.376587, 0.725938, -0.0116871, 0.384259, 0.158805, 0.033914, 0.419522, 0.01889, 0.514098, -0.0314781, 0.207783, 0.562799, 0.783989, 0.26195, 0.67459, -0.618769, 0.402559, 0.477688, -0.0498512, -0.877114, 0.00704095, -0.000903922, 0.00525975, -0.00223548, -0.0128922, 0.00101638, -0.0845751, 0.0126379, -0.0237322, -2.6363, -0.274235, 3.15023, -0.723343, 0.000807187, 0.00414551, -0.00102849, 0.0173306, 5.06491e-05, -0.000136483, -0.00147592
202824, 11.171, 0.0149428, -0.0662789, 0.113226, -0.238288, -0.376675, 0.725907, -0.0159616, 0.381768, 0.158701, 0.033887, 0.419575, 0.018755, 0.514161, -0.0314859, 0.207837, 0.562771, 0.783988, 0.262014, 0.674533, -0.61877, 0.402653, 0.477801, -0.0498642, -0.877052, 0.00704476, -0.00134589, 0.0069352, -0.00203046, -0.0158452, -0.000712086, -0.0845775, 0.0126582, -0.0237304, -2.63615, -0.274229, 3.15023, -0.723341, -0.000934984, -6.34856e-05, -0.000121505, 0.0162757, 0.000156983, -0.000382977, -0.000600859
212940, 11.181, 0.0150025, -0.0662834, 0.113279, -0.238339, -0.376761, 0.725882, -0.0159755, 0.381747, 0.158688, 0.033887, 0.419575, 0.018755, 0.51422, -0.0314904, 0.20789, 0.562739, 0.783991, 0.262076, 0.674482, -0.618766, 0.402745, 0.477912, -0.0498746, -0.876991, 0.00531239, -0.000457858, 0.00526575, -0.000767316, -0.0124606, -0.000606699, -0.0845745, 0.0126718, -0.0237296, -2.63601, -0.274229, 3.15023, -0.723336, -0.000240081, -0.000151709, 0.000470395, 0.0119575, 0.000269292, 0.000377113, 0.000743188
223057, 11.191, 0.0150596, -0.066295, 0.113332, -0.238395, -0.37685, 0.725853, -0.0160528, 0.381745, 0.166303, 0.033888, 0.419827, 0.018753, 0.514278, -0.031502, 0.207943, 0.562709, 0.783991, 0.262139, 0.674425, -0.618764, 0.402842, 0.478027, -0.0498899, -0.876927, 0.0068852, -0.00149933, 0.00569766, -0.00226286, -0.0139373, -6.48464e-06, -0.08458, 0.0126786, -0.0237349, -2.63588, -0.274225, 3.15024, -0.723344, -0.00060561, 0.00280328, -0.000843527, 0.0165129, 0.000177423, 0.000400887, -0.00175888
233173, 11.201, 0.0151071, -0.0662981, 0.11338, -0.238438, -0.37692, 0.725833, -0.0160009, 0.381708, 0.158662, 0.033887, 0.419575, 0.018755, 0.514325, -0.0315051, 0.207991, 0.562681, 0.783995, 0.262188, 0.674383, -0.618759, 0.402921, 0.478119, -0.0499001, -0.876876, 0.0057136, -0.00124086, 0.00549423, -0.00126154, -0.0127126, -0.00148308, -0.0845779, 0.0126736, -0.0237322, -2.63577, -0.274226, 3.15023, -0.72334, -0.000559688, 0.000322081, -0.000561808, 0.0132915, 0.000315512, -0.000202766, 7.0314e-05
243289, 11.211, 0.0151499, -0.0663028, 0.113419, -0.238477, -0.376981, 0.725816, -0.0161017, 0.381692, 0.158622, 0.033666, 0.419957, 0.018753, 0.514368, -0.0315098, 0.20803, 0.562655, 0.783998, 0.262232, 0.674347, -0.618753, 0.402989, 0.4782, -0.0499089, -0.876832, 0.00430664, -0.000203953, 0.00411865, -0.000862099, -0.0098844, 0.000325968, -0.0845775, 0.0126811, -0.0237322, -2.63567, -0.274224, 3.15023, -0.723343, 0.000423123, 0.000258266, 4.26627e-05, 0.00974515, 3.12747e-05, 0.000449955, 0.000197328
253405, 11.222, 0.0151986, -0.0663068, 0.113468, -0.238523, -0.377057, 0.725796, -0.0160498, 0.381643, 0.15099, 0.033665, 0.419706, 0.018755, 0.514417, -0.0315138, 0.208079, 0.562623, 0.784003, 0.262285, 0.674304, -0.618746, 0.403073, 0.478299, -0.0499184, -0.876777, 0.00492638, -0.000690507, 0.00514113, -0.00125452, -0.0117276, -0.000267295, -0.0845751, 0.0126772, -0.0237322, -2.63556, -0.274224, 3.15023, -0.723344, 6.92512e-06, -0.000792275, -0.00022464, 0.0110633, 0.000482447, -6.44123e-05, -0.00043371
263521, 11.232, 0.0152367, -0.0663129, 0.113502, -0.238555, -0.377113, 0.725773, -0.0118272, 0.379221, 0.166421, 0.033855, 0.419777, 0.019024, 0.514455, -0.0315199, 0.208113, 0.562612, 0.783998, 0.262327, 0.674264, -0.618752, 0.40313, 0.478368, -0.0499277, -0.876739, 0.00402007, -0.000215776, 0.00331514, -0.000626833, -0.00802089, -2.31666e-05, -0.0845747, 0.0126874, -0.0237356, -2.63547, -0.274219, 3.15023, -0.723339, 0.000791443, 0.00154444, -0.000291651, 0.00958776, 0.000386146, -1.93358e-06, 0.000211623
273638, 11.242, 0.0152712, -0.0663174, 0.113535, -0.238589, -0.377162, 0.725763, -0.0117796, 0.384117, 0.158712, 0.033914, 0.419522, 0.01889, 0.514489, -0.0315244, 0.208146, 0.562586, 0.784005, 0.26236, 0.674238, -0.618742, 0.403189, 0.478435, -0.0499358, -0.876702, 0.00455936, -9.34734e-05, 0.00445951, -0.00209333, -0.0105238, 0.00268244, -0.0845797, 0.0126904, -0.0237322, -2.63539, -0.27422, 3.15023, -0.723348, 0.000216599, 1.28085e-05, 0.000461428, 0.0102406, -0.000258097, 0.000474576, -0.00195397
283756, 11.252, 0.0153021, -0.0663154, 0.113564, -0.238614, -0.37721, 0.725752, -0.0160925, 0.381546, 0.158565, 0.033444, 0.419579, 0.018753, 0.51452, -0.0315224, 0.208175, 0.562564, 0.78401, 0.262395, 0.674213, -0.618737, 0.403239, 0.478496, -0.0499373, -0.876668, 0.00412929, 8.42474e-05, 0.00374467, -0.000733506, -0.00898106, 0.000695708, -0.0845746, 0.012691, -0.0237269, -2.63532, -0.27422, 3.15023, -0.723342, -0.000656485, 0.000710169, 0.00165661, 0.00950502, -1.15525e-05, 0.000222311, 0.000394569
293875, 11.262, 0.0153277, -0.0663211, 0.113588, -0.238639, -0.377247, 0.725741, -0.0203261, 0.384076, 0.166379, 0.033923, 0.419875, 0.018887, 0.514546, -0.0315281, 0.208199, 0.56255, 0.784011, 0.26242, 0.67419, -0.618734, 0.403282, 0.478546, -0.0499454, -0.876641, 0.00280357, -0.00055444, 0.00277591, -0.00105388, -0.00671046, 0.000403506, -0.0845747, 0.0126942, -0.0237322, -2.63526, -0.274219, 3.15023, -0.723348, 0.000214809, 1.90987e-05, -0.000688921, 0.00626767, 0.000401169, 0.000554153, -0.00132059
303996, 11.272, 0.0153491, -0.0663259, 0.113608, -0.23866, -0.377278, 0.725729, -0.0160583, 0.381618, 0.158604, 0.033887, 0.419575, 0.018755, 0.514567, -0.0315329, 0.208219, 0.562542, 0.784009, 0.262442, 0.674167, -0.618736, 0.403316, 0.478586, -0.0499522, -0.876618, 0.0028348, -0.000957879, 0.00241554, -0.000508232, -0.00561348, -0.00129195, -0.0845768, 0.012697, -0.0237349, -2.63521, -0.274219, 3.15023, -0.723347, -0.000295201, 0.000964294, -0.000575294, 0.00684769, 0.00208327, -0.000262093, -0.00164798
314114, 11.282, 0.0153672, -0.066328, 0.113628, -0.238677, -0.37731, 0.725715, -0.0118759, 0.379102, 0.173999, 0.033633, 0.41965, 0.019022, 0.514585, -0.031535, 0.208239, 0.562536, 0.784005, 0.262468, 0.674144, -0.618741, 0.403347, 0.478626, -0.0499565, -0.876597, 0.00367196, -0.000301638, 0.00406248, -0.000259104, -0.00941594, -0.00101866, -0.0845768, 0.0126921, -0.0237352, -2.63517, -0.274219, 3.15023, -0.723338, 0.000514516, -0.00116429, -0.000341995, 0.00796912, 0.00012408, 0.000268233, 0.00127635
324231, 11.2921, 0.0153804, -0.0663243, 0.11364, -0.238686, -0.377329, 0.725715, -0.016112, 0.381517, 0.158546, 0.033444, 0.419579, 0.018753, 0.514598, -0.0315313, 0.208251, 0.562521, 0.784011, 0.262481, 0.674139, -0.618734, 0.403367, 0.47865, -0.049954, -0.876583, 0.000963669, 0.0010859, 0.000937508, 0.000325265, -0.00206336, 0.00125266, -0.0845715, 0.0126942, -0.0237297, -2.63514, -0.274214, 3.15023, -0.723342, 0.00164307, -0.000188522, 0.000709761, 0.00204637, 0.000200547, -0.000224857, 0.00102125
334348, 11.303, 0.0153899, -0.0663273, 0.113648, -0.238696, -0.377348, 0.725707, -0.0160973, 0.381573, 0.150943, 0.033665, 0.419706, 0.018755, 0.514608, -0.0315343, 0.208259, 0.562518, 0.784008, 0.262496, 0.674126, -0.618737, 0.403385, 0.478673, -0.0499564, -0.876571, 0.0015778, 0.000654132, 0.00113091, 0.000270328, -0.00301291, 0.000568982, -0.0845743, 0.0126977, -0.0237321, -2.63512, -0.274215, 3.15024, -0.72334, 0.000413321, 0.000958962, 0.00111848, 0.00370486, -0.000227355, 0.000231763, 0.00136196
344486, 11.312, 0.0153942, -0.0663288, 0.113652, -0.238701, -0.377354, 0.725705, -0.0118112, 0.384071, 0.158682, 0.033914, 0.419522, 0.01889, 0.514612, -0.0315358, 0.208263, 0.562516, 0.784009, 0.2625, 0.674121, -0.618736, 0.403393, 0.478682, -0.0499583, -0.876566, 0.00123402, 0.000300384, 0.00140037, -0.000210578, -0.00318315, 0.000618644, -0.084574, 0.0126978, -0.0237344, -2.63511, -0.274215, 3.15024, -0.723342, 0.00079931, -0.000543126, 1.08471e-05, 0.00259825, -0.000116896, 4.86041e-05, 0.000343932
354604, 11.323, 0.0153966, -0.0663288, 0.113652, -0.238701, -0.377348, 0.725709, -0.0118097, 0.384071, 0.158682, 0.033914, 0.419522, 0.01889, 0.514615, -0.0315358, 0.208263, 0.562513, 0.784013, 0.262493, 0.674127, -0.618731, 0.403392, 0.478677, -0.0499597, -0.876568, 0.000601683, -0.000114846, 0.000302379, -0.00120916, -0.000729666, 0.00198025, -0.0845743, 0.0127034, -0.0237322, -2.6351, -0.274214, 3.15023, -0.723348, -0.00074062, 0.000734774, 0.000691655, 0.00157949, 0.000270277, 6.17341e-06, -0.00258507
364722, 11.333, 0.0153963, -0.0663278, 0.113651, -0.238699, -0.377347, 0.725708, -0.0118099, 0.384072, 0.158683, 0.033914, 0.419522, 0.01889, 0.514614, -0.0315348, 0.208262, 0.562517, 0.78401, 0.262494, 0.674126, -0.618734, 0.403388, 0.478674, -0.0499586, -0.87657, -0.000850734, 0.00100527, -0.00096715, 0.00059092, 0.00212018, 0.00115967, -0.0845715, 0.0127066, -0.0237331, -2.6351, -0.274214, 3.15023, -0.723342, 0.00173935, 0.000207172, 3.55264e-05, -0.0020458, 0.000122854, 8.56921e-05, 0.00059029
374839, 11.343, 0.0153963, -0.0663298, 0.113651, -0.2387, -0.377348, 0.725705, -0.0118101, 0.384072, 0.158683, 0.033914, 0.419522, 0.01889, 0.514614, -0.0315368, 0.208262, 0.562519, 0.784008, 0.262495, 0.674123, -0.618737, 0.403389, 0.478676, -0.0499606, -0.876569, 0.0008299, 0.00178269, 0.000962345, -0.000355508, -0.0016777, 0.00364496, -0.0845761, 0.0127049, -0.0237325, -2.6351, -0.274214, 3.15023, -0.723342, 0.00343192, -0.00073549, 0.000254566, 0.00164301, 4.37002e-06, -0.000698151, -5.89294e-05
384959, 11.353, 0.0153954, -0.0663289, 0.113647, -0.238697, -0.377342, 0.725709, -0.0118459, 0.388993, 0.150953, 0.033752, 0.419649, 0.018755, 0.514613, -0.0315359, 0.208258, 0.562518, 0.784011, 0.26249, 0.674129, -0.618734, 0.403384, 0.478669, -0.0499591, -0.876573, -9.47026e-05, -0.000558625, -0.000245088, -4.38856e-05, 0.000515373, -0.000914045, -0.0845745, 0.012713, -0.0237322, -2.6351, -0.274213, 3.15023, -0.723346, -0.000241942, 0.000463629, -0.000786673, -7.91959e-06, 0.000359566, -3.9016e-05, -0.000497554
395078, 11.363, 0.015395, -0.0663296, 0.113646, -0.238696, -0.37734, 0.725709, -0.0119096, 0.389014, 0.158574, 0.033753, 0.4199, 0.018753, 0.514613, -0.0315366, 0.208257, 0.56252, 0.78401, 0.262488, 0.674129, -0.618735, 0.403382, 0.478666, -0.0499597, -0.876575, -0.000125283, -0.000575177, -0.000420894, 0.000387476, 0.000703357, -0.00170709, -0.084574, 0.0127159, -0.0237344, -2.6351, -0.274214, 3.15023, -0.723345, -0.000605125, 0.000859818, -0.000555942, 8.39528e-06, -0.000110347, 0.000115811, 0.000750803
405199, 11.373, 0.0153947, -0.0663287, 0.113644, -0.238694, -0.377339, 0.725708, -0.0119096, 0.389014, 0.158574, 0.033753, 0.4199, 0.018753, 0.514613, -0.0315357, 0.208255, 0.562522, 0.784008, 0.262488, 0.674129, -0.618737, 0.403379, 0.478663, -0.0499585, -0.876576, 5.86638e-05, 0.000101372, 1.06532e-05, 0.000140876, -3.85103e-05, -2.67639e-05, -0.0845715, 0.0127191, -0.0237349, -2.6351, -0.274213, 3.15023, -0.723342, 0.0014977, 9.45041e-05, -0.00121176, 0.000135084, 0.000427547, -1.88918e-05, -7.53653e-05
415316, 11.383, 0.0153948, -0.0663319, 0.113645, -0.238697, -0.377339, 0.725707, -0.0118364, 0.384044, 0.151024, 0.033692, 0.419652, 0.01889, 0.514613, -0.0315389, 0.208256, 0.562523, 0.784008, 0.262487, 0.674128, -0.618737, 0.403382, 0.478665, -0.0499615, -0.876575, -3.21985e-05, -0.000519832, 0.00025837, -0.00169553, -0.000231158, 0.0019502, -0.0845791, 0.0127169, -0.0237332, -2.6351, -0.274211, 3.15023, -0.723349, -0.00133057, -0.00066621, 0.000284715, -0.000142271, -0.000263366, -0.000121635, -0.00317127
425434, 11.394, 0.0153943, -0.0663277, 0.113642, -0.238692, -0.377336, 0.725711, -0.0118081, 0.384075, 0.158685, 0.033914, 0.419522, 0.01889, 0.514612, -0.0315347, 0.208253, 0.562521, 0.784009, 0.262486, 0.674132, -0.618735, 0.403376, 0.47866, -0.049957, -0.876578, -0.00115666, 0.000639368, -0.0016257, -0.000141134, 0.00370436, 0.00187491, -0.0845741, 0.0127232, -0.0237298, -2.6351, -0.274209, 3.15023, -0.723346, 0.000447045, 0.00114978, 0.00058852, -0.00233734, 0.00010781, -0.000189827, -0.00109454
435552, 11.404, 0.015394, -0.0663269, 0.113641, -0.238691, -0.377335, 0.725713, -0.0118168, 0.389015, 0.158605, 0.033974, 0.419518, 0.018755, 0.514612, -0.0315339, 0.208252, 0.56252, 0.784011, 0.262485, 0.674135, -0.618734, 0.403374, 0.478658, -0.0499561, -0.876579, -3.06369e-05, 7.68109e-05, -0.000344457, -0.000483776, 0.000688615, 0.00115503, -0.084572, 0.0127254, -0.0237304, -2.6351, -0.274209, 3.15023, -0.723347, -9.82887e-05, 0.000788252, 0.00025963, 0.000132699, 0.000107828, 2.1319e-05, -0.00123877
445670, 11.414, 0.0153983, -0.0663291, 0.113645, -0.238695, -0.377342, 0.725706, -0.0118183, 0.389014, 0.158604, 0.033974, 0.419518, 0.018755, 0.514616, -0.0315361, 0.208256, 0.562523, 0.784006, 0.262491, 0.674126, -0.618739, 0.40338, 0.478666, -0.0499587, -0.876574, 0.000828144, 1.37728e-05, 0.000731575, 0.000275601, -0.00197285, -0.000545436, -0.0845736, 0.0127255, -0.0237322, -2.63509, -0.274209, 3.15023, -0.723342, 0.000431753, 0.000221906, -0.00025727, 0.00184149, 4.67366e-05, 0.000325653, 0.000822784
455788, 11.424, 0.0153986, -0.0663336, 0.113647, -0.238699, -0.377345, 0.7257, -0.0118187, 0.389013, 0.158603, 0.033974, 0.419518, 0.018755, 0.514617, -0.0315406, 0.208258, 0.562529, 0.784001, 0.262493, 0.674119, -0.618745, 0.403384, 0.47867, -0.0499633, -0.876572, 0.000940197, -0.000876797, 0.00388122, 0.00174779, -0.00783342, -0.0058759, -0.0845742, 0.0127212, -0.0237403, -2.63509, -0.274209, 3.15023, -0.723342, 0.000249019, -0.00739136, -0.00175114, 0.000118631, 0.000247767, 0.000103822, 0.00475619
465905, 11.434, 0.0153981, -0.0663315, 0.113645, -0.238696, -0.377341, 0.725705, -0.0118089, 0.384074, 0.158684, 0.033914, 0.419522, 0.01889, 0.514616, -0.0315385, 0.208256, 0.562524, 0.784006, 0.26249, 0.674125, -0.618739, 0.403381, 0.478666, -0.049961, -0.876574, 9.30859e-05, -0.00058323, 8.59756e-05, 0.00394436, -0.000445354, -0.00848322, -0.0845733, 0.0127258, -0.0237371, -2.63509, -0.274209, 3.15023, -0.723346, 7.30417e-05, 6.44339e-05, -0.001117, 0.000402714, 0.000144868, -0.000316952, 0.00829495
476025, 11.444, 0.0153982, -0.0663292, 0.113645, -0.238696, -0.37734, 0.72571, -0.0118175, 0.389014, 0.158604, 0.033974, 0.419518, 0.018755, 0.514616, -0.0315362, 0.208256, 0.562519, 0.784011, 0.262488, 0.67413, -0.618734, 0.403382, 0.478666, -0.0499589, -0.876575, 0.000964853, -0.000174419, 0.00133477, -0.000660184, -0.00290231, 0.000501791, -0.084574, 0.0127261, -0.0237324, -2.63509, -0.274211, 3.15023, -0.723348, -2.86065e-05, -0.000967575, -0.000166718, 0.00193808, -0.000297511, 5.22493e-05, -0.000488063
486142, 11.454, 0.0153982, -0.0663281, 0.113645, -0.238695, -0.37734, 0.725712, -0.0119094, 0.389014, 0.158574, 0.033753, 0.4199, 0.018753, 0.514616, -0.0315351, 0.208256, 0.562516, 0.784013, 0.262487, 0.674133, -0.618731, 0.403382, 0.478666, -0.0499577, -0.876575, 0.000106505, -0.000459857, 0.00071214, -0.00483058, -0.000769529, 0.00786617, -0.0845714, 0.0127265, -0.0237324, -2.63509, -0.274209, 3.15023, -0.723351, -0.00016221, -0.00150131, -0.000535643, -0.000121462, 0.000962345, -0.000119457, -0.0107541
496259, 11.464, 0.0153971, -0.06633, 0.113641, -0.238692, -0.377336, 0.725708, -0.0118177, 0.389014, 0.158604, 0.033974, 0.419518, 0.018755, 0.514616, -0.0315352, 0.208254, 0.562522, 0.784008, 0.262489, 0.674129, -0.618737, 0.403378, 0.478664, -0.0499577, -0.876576, 6.77068e-05, -0.000380396, 0.000228222, 6.83676e-05, -0.000195136, -0.000977256, -0.0845744, 0.012729, -0.0237298, -2.63509, -0.27421, 3.15023, -0.723343, -0.00224469, -0.000407183, 0.00163468, 0.000213098, 0.000408283, -0.000450132, -5.73096e-05
506395, 11.475, 0.0153979, -0.0663276, 0.113643, -0.238693, -0.377339, 0.72571, -0.00761253, 0.386574, 0.166394, 0.033941, 0.41972, 0.019024, 0.514616, -0.0315346, 0.208254, 0.56252, 0.78401, 0.262488, 0.674131, -0.618735, 0.403379, 0.478663, -0.0499572, -0.876576, 0.000555926, 0.000662721, 0.000701719, 0.00467456, -0.00206333, -0.00741274, -0.0845735, 0.0127291, -0.0237297, -2.63509, -0.27421, 3.15023, -0.723345, 5.23406e-05, -0.000500734, 0.00132155, 0.00101427, -5.39271e-05, 5.4474e-05, 0.0100862
516513, 11.485, 0.0153971, -0.0663297, 0.11364, -0.238692, -0.377335, 0.725708, -0.00764908, 0.391495, 0.158665, 0.033779, 0.419847, 0.018888, 0.514615, -0.0315367, 0.208251, 0.562526, 0.784006, 0.262486, 0.67413, -0.618739, 0.403374, 0.478658, -0.0499588, -0.876579, 0.000353117, -5.83202e-05, -1.08259e-05, 0.000342585, -0.000167938, -0.000762945, -0.0845747, 0.0127347, -0.0237326, -2.63509, -0.27421, 3.15023, -0.723343, -0.000599394, 0.000906078, 0.000544383, 0.00109082, -0.000153802, -5.4944e-05, 0.000954372
526631, 11.495, 0.0153978, -0.066329, 0.113643, -0.238694, -0.377339, 0.725708, -0.0119097, 0.389015, 0.158574, 0.033753, 0.4199, 0.018753, 0.514616, -0.031536, 0.208254, 0.562523, 0.784007, 0.262489, 0.674129, -0.618738, 0.403378, 0.478663, -0.0499584, -0.876576, 0.00018402, 0.000302389, 0.000436489, 0.00084725, -0.00105057, -0.00097424, -0.0845734, 0.0127296, -0.0237323, -2.63509, -0.274209, 3.15023, -0.723344, 0.000383442, -0.000687009, 0.000266776, 0.000122728, 0.000293117, 0.000152263, 0.0015811
536748, 11.505, 0.0153974, -0.0663238, 0.11364, -0.23869, -0.377335, 0.725718, -0.0118166, 0.389015, 0.158605, 0.033974, 0.419518, 0.018755, 0.514615, -0.0315308, 0.208251, 0.562513, 0.784016, 0.262484, 0.67414, -0.618728, 0.403375, 0.478659, -0.0499533, -0.876579, 0.000139792, 0.00202652, -0.000384446, -0.000153163, 0.000682202, 0.00430927, -0.0845631, 0.012735, -0.0237328, -2.63509, -0.27421, 3.15023, -0.723348, 0.00334155, 0.00102234, 0.000561438, 0.00032284, -0.000227145, 3.87643e-05, -0.00022956
546865, 11.515, 0.0153972, -0.066328, 0.11364, -0.238691, -0.377336, 0.725709, -0.0118452, 0.388996, 0.150955, 0.033752, 0.419649, 0.018755, 0.514615, -0.031535, 0.208251, 0.562524, 0.784007, 0.262487, 0.674131, -0.618738, 0.403373, 0.478658, -0.049957, -0.876579, 0.000111596, -0.00020245, -0.000342738, -0.000647839, 0.000390027, 0.0010859, -0.0845686, 0.0127352, -0.023735, -2.63509, -0.274208, 3.15023, -0.723343, 0.000706905, 0.00121631, -0.00103116, 0.000474998, 0.000478807, 0.000434877, -0.00202561
556980, 11.525, 0.0153971, -0.0663305, 0.113641, -0.238692, -0.377336, 0.725706, -0.0160723, 0.391345, 0.158705, 0.033565, 0.41957, 0.018886, 0.514615, -0.0315375, 0.208252, 0.562528, 0.784004, 0.262487, 0.674128, -0.618742, 0.403374, 0.478659, -0.0499595, -0.876579, 3.86304e-05, -0.000667949, -7.73161e-05, 0.000368343, 1.06983e-05, -0.00189722, -0.0845737, 0.0127343, -0.023735, -2.63509, -0.274209, 3.15023, -0.723342, -0.000888344, 0.000400849, -0.000369787, 0.000257746, 0.000180702, 9.71783e-05, 0.000561935
567097, 11.535, 0.0153981, -0.0663287, 0.113644, -0.238693, -0.377342, 0.725703, -0.0118736, 0.384105, 0.166304, 0.033915, 0.419773, 0.018889, 0.514616, -0.0315357, 0.208255, 0.562527, 0.784003, 0.262493, 0.674124, -0.618743, 0.403377, 0.478665, -0.0499579, -0.876575, 0.000228284, -8.60929e-05, 0.000846769, 0.000761928, -0.00183758, -0.00165274, -0.0845711, 0.0127276, -0.0237332, -2.63509, -0.274205, 3.15023, -0.72334, 6.76512e-05, -0.00156011, -0.000136429, 1.44416e-05, 0.000462214, 0.000179739, 0.00136907
577214, 11.545, 0.0153974, -0.0663292, 0.113641, -0.238693, -0.377335, 0.725713, -0.0118446, 0.388995, 0.150955, 0.033752, 0.419649, 0.018755, 0.514615, -0.0315362, 0.208252, 0.562519, 0.784012, 0.262484, 0.674134, -0.618732, 0.403378, 0.47866, -0.0499583, -0.876578, 0.000368694, -0.000483971, 0.000793157, -0.00106431, -0.0015311, 0.000753023, -0.0845736, 0.0127328, -0.0237325, -2.63509, -0.274209, 3.15023, -0.723352, -0.000398295, -0.00102903, -0.000496928, 0.000629652, -0.000218042, -2.57215e-05, -0.0016648
587329, 11.555, 0.0153975, -0.0663292, 0.113638, -0.23869, -0.377338, 0.725707, -0.0118368, 0.384046, 0.151025, 0.033692, 0.419652, 0.01889, 0.514615, -0.0315362, 0.208249, 0.562525, 0.784006, 0.262489, 0.67413, -0.61874, 0.403373, 0.47866, -0.0499559, -0.876578, 0.000316726, 0.000398451, -0.0006217, -0.000296844, 0.000848286, 0.00163492, -0.0845712, 0.0127434, -0.0237351, -2.63509, -0.274204, 3.15024, -0.723347, 0.000229702, 0.0023313, 0.000619313, 0.0012248, 0.000209427, 0.000303906, -0.00106198
597445, 11.566, 0.0153971, -0.066329, 0.11364, -0.238691, -0.377335, 0.725708, -0.0118252, 0.384006, 0.166295, 0.033692, 0.419395, 0.018889, 0.514615, -0.031536, 0.208251, 0.562526, 0.784006, 0.262486, 0.67413, -0.61874, 0.403373, 0.478658, -0.0499579, -0.876579, -3.18387e-05, 0.000104613, -0.000306571, 0.000585634, 0.000606308, -0.000858886, -0.0845684, 0.0127355, -0.0237372, -2.63509, -0.274208, 3.15023, -0.723343, 0.000891835, 0.0006681, -0.000679866, 0.000150951, -3.38204e-05, -0.000152437, 0.00123335
607560, 11.576, 0.015397, -0.06633, 0.11364, -0.238692, -0.377334, 0.72571, -0.0119086, 0.389015, 0.158575, 0.033753, 0.4199, 0.018753, 0.514615, -0.031537, 0.208251, 0.562523, 0.784009, 0.262484, 0.674132, -0.618736, 0.403375, 0.478658, -0.0499588, -0.876579, -0.000408584, -0.000308557, -0.000433485, -0.000537757, 0.00116645, 0.000434461, -0.0845729, 0.0127355, -0.0237346, -2.63509, -0.274208, 3.15023, -0.723349, -0.000347633, 0.000114242, -0.000293355, -0.00079475, 9.89991e-05, -0.000203045, -0.00135636
617676, 11.586, 0.0153969, -0.0663279, 0.113639, -0.23869, -0.377333, 0.725713, -0.0118614, 0.388926, 0.158565, 0.03353, 0.419522, 0.018753, 0.514615, -0.0315349, 0.20825, 0.562521, 0.784011, 0.262483, 0.674135, -0.618734, 0.403373, 0.478656, -0.0499568, -0.87658, 0.000519719, 0.00114063, 0.000299532, -0.000531066, -0.00190098, 0.00379743, -0.0845733, 0.0127376, -0.0237305, -2.63509, -0.274209, 3.15023, -0.723348, 0.000708509, 0.000567709, 0.00135656, 0.000570739, -0.000154712, 0.00201677, -0.00152485
627793, 11.596, 0.0153964, -0.0663291, 0.113637, -0.238688, -0.377332, 0.725707, -0.0118359, 0.384047, 0.151025, 0.033692, 0.419652, 0.01889, 0.514614, -0.0315361, 0.208248, 0.56253, 0.784003, 0.262485, 0.67413, -0.618743, 0.403368, 0.478653, -0.0499575, -0.876582, -0.00060821, -8.94397e-05, -0.00113215, 0.000892739, 0.00245904, -0.00157282, -0.0845736, 0.0127413, -0.023732, -2.63509, -0.274206, 3.15023, -0.723341, -0.00104647, 0.00135099, 0.00081563, -0.000902974, 0.00018964, -0.000295723, 0.00129664
637908, 11.606, 0.0154011, -0.0663337, 0.113644, -0.238697, -0.377341, 0.725701, -0.0160561, 0.391414, 0.151094, 0.033786, 0.419696, 0.018888, 0.514619, -0.0315407, 0.208255, 0.56253, 0.784002, 0.262491, 0.674121, -0.618745, 0.40338, 0.478665, -0.0499627, -0.876575, 0.00035315, -0.000592054, 0.000148662, 0.000434614, -0.000618396, -0.0019576, -0.0845783, 0.0127364, -0.0237353, -2.63508, -0.274206, 3.15023, -0.723345, -0.00135329, 0.000606811, 0.00022651, 0.00101598, -0.000252877, 0.000167391, 0.00122672
648023, 11.616, 0.0153968, -0.0663282, 0.113638, -0.238689, -0.377334, 0.725707, -0.0118082, 0.384076, 0.158685, 0.033914, 0.419522, 0.01889, 0.514615, -0.0315352, 0.208249, 0.562528, 0.784005, 0.262487, 0.67413, -0.618741, 0.40337, 0.478655, -0.0499566, -0.876581, 0.000257584, 0.00028844, 0.00036093, 0.000541597, -0.00085943, -0.000446004, -0.0845735, 0.0127385, -0.0237299, -2.63509, -0.274204, 3.15023, -0.723343, -6.7599e-05, -0.000321476, 0.000716683, 0.000426706, 0.000285853, 5.18531e-05, 0.000969813
658139, 11.626, 0.0153971, -0.0663285, 0.11364, -0.238691, -0.377335, 0.72571, -0.0118449, 0.388996, 0.150955, 0.033752, 0.419649, 0.018755, 0.514615, -0.0315355, 0.208251, 0.562524, 0.784008, 0.262485, 0.674132, -0.618737, 0.403373, 0.478657, -0.0499572, -0.876579, 0.000570123, 0.000343599, 0.000799657, 0.000102489, -0.00193639, 0.000350423, -0.0845711, 0.012736, -0.0237331, -2.63509, -0.274205, 3.15023, -0.723348, 0.000267262, -0.000636707, 0.000434302, 0.000982522, -0.00025448, 0.000308095, 0.000701722
668275, 11.636, 0.0153967, -0.0663279, 0.113638, -0.23869, -0.377333, 0.725712, -0.0118355, 0.384046, 0.151025, 0.033692, 0.419652, 0.01889, 0.514615, -0.0315349, 0.208249, 0.562523, 0.784009, 0.262483, 0.674135, -0.618735, 0.403372, 0.478655, -0.0499568, -0.876581, -7.72083e-05, 0.00167346, -4.73505e-06, -0.000362418, 0.000338685, 0.00370817, -0.0845711, 0.0127386, -0.0237328, -2.63509, -0.27421, 3.15023, -0.723345, 0.00287434, -0.000464146, 0.000283481, -0.000404743, -0.000555033, -0.000370688, -0.000124848
678390, 11.647, 0.0153971, -0.0663297, 0.11364, -0.238692, -0.377335, 0.725709, -0.0118449, 0.388995, 0.150955, 0.033752, 0.419649, 0.018755, 0.514615, -0.0315367, 0.208251, 0.562525, 0.784007, 0.262485, 0.674131, -0.618738, 0.403374, 0.478658, -0.0499584, -0.876579, 0.000609596, -0.000307292, 0.000922415, -0.000720766, -0.00206384, 0.000590178, -0.0845736, 0.0127354, -0.0237329, -2.63509, -0.274205, 3.15023, -0.723349, -0.000452329, -0.000764952, -2.11643e-05, 0.00113261, 0.00013251, 0.000238466, -0.00131116
688507, 11.657, 0.0154013, -0.0663304, 0.113644, -0.238694, -0.377342, 0.725704, -0.0119103, 0.389014, 0.158574, 0.033753, 0.4199, 0.018753, 0.514619, -0.0315374, 0.208255, 0.562527, 0.784004, 0.262492, 0.674124, -0.618743, 0.403379, 0.478665, -0.0499595, -0.876575, 0.000229518, 5.20149e-05, 0.000529775, -0.00018962, -0.000962626, 0.000222003, -0.0845711, 0.012737, -0.0237359, -2.63508, -0.274205, 3.15023, -0.723343, 0.000930269, -0.000803292, -0.000781001, 0.000344382, -9.61852e-05, -0.000176813, -1.21101e-05
698626, 11.667, 0.0153968, -0.0663309, 0.113639, -0.238692, -0.377334, 0.725707, -0.0118808, 0.389046, 0.166235, 0.033975, 0.41977, 0.018753, 0.514615, -0.0315379, 0.20825, 0.562528, 0.784005, 0.262485, 0.67413, -0.61874, 0.403373, 0.478656, -0.0499595, -0.87658, 0.000384483, -0.000224612, 0.000819837, -0.000134944, -0.00162365, -0.000499557, -0.0845709, 0.0127368, -0.0237381, -2.63509, -0.274206, 3.15023, -0.723347, 0.000363688, -0.00110621, -0.000755752, 0.000639168, -0.000285899, -0.000120181, 0.000392478
708741, 11.677, 0.0153965, -0.0663322, 0.113638, -0.238691, -0.377333, 0.725704, -0.0118169, 0.389016, 0.158605, 0.033974, 0.419518, 0.018755, 0.514614, -0.0315392, 0.208249, 0.562532, 0.784002, 0.262485, 0.674127, -0.618744, 0.40337, 0.478654, -0.0499606, -0.876581, -0.000517144, -0.000365857, -3.12001e-05, 0.000275882, 0.000166486, -0.00123427, -0.0845711, 0.012739, -0.0237404, -2.63509, -0.274206, 3.15023, -0.723344, 0.000528357, -0.00112201, -0.00141514, -0.00148461, -0.000304833, 0.000175302, 0.000727966
718856, 11.687, 0.0153963, -0.0663297, 0.113637, -0.238689, -0.377331, 0.72571, -0.0160543, 0.391417, 0.151095, 0.033786, 0.419696, 0.018888, 0.514614, -0.0315367, 0.208248, 0.562527, 0.784007, 0.262482, 0.674133, -0.618739, 0.403369, 0.478652, -0.0499579, -0.876582, -0.000493093, -0.000323453, -0.000783837, -0.000557039, 0.00171641, 0.000639045, -0.0845711, 0.0127417, -0.0237353, -2.63509, -0.274204, 3.15023, -0.723349, 0.000357217, 0.000819155, -0.00102127, -0.000868946, 0.000357823, 3.89623e-05, -0.0018405
728971, 11.697, 0.0153982, -0.0663307, 0.113641, -0.238693, -0.377342, 0.725705, -0.0119104, 0.389015, 0.158574, 0.033753, 0.4199, 0.018753, 0.514616, -0.0315377, 0.208252, 0.562525, 0.784005, 0.262492, 0.674126, -0.618741, 0.403378, 0.478665, -0.0499578, -0.876575, 1.39446e-05, -2.08832e-05, 0.000314111, -0.000618059, -0.00062689, 0.00102145, -0.0845711, 0.0127371, -0.0237381, -2.63509, -0.274205, 3.15024, -0.723347, 0.0005808, -0.000738692, -0.000674628, -0.000221192, -0.000208925, 0.000177055, -0.00103647
739085, 11.707, 0.0153965, -0.0663267, 0.113637, -0.238686, -0.377332, 0.725708, -0.011836, 0.384047, 0.151025, 0.033692, 0.419652, 0.01889, 0.514614, -0.0315337, 0.208248, 0.562528, 0.784005, 0.262486, 0.674132, -0.618741, 0.403367, 0.478653, -0.0499551, -0.876582, -0.000457422, 0.00152144, -0.000617279, 0.000954188, 0.00139881, 0.00133951, -0.0845709, 0.0127418, -0.0237298, -2.63509, -0.274205, 3.15023, -0.72334, 0.000800013, 0.000190574, 0.00204157, -0.00114597, -7.03822e-05, -0.000158916, 0.00176036
749200, 11.717, 0.0154005, -0.0663327, 0.113641, -0.238694, -0.377338, 0.725701, -0.0118459, 0.388995, 0.150954, 0.033752, 0.419649, 0.018755, 0.514619, -0.0315397, 0.208252, 0.562532, 0.784, 0.26249, 0.674123, -0.618746, 0.403375, 0.478661, -0.0499613, -0.876577, 0.000239163, -0.000386575, 0.000381464, -2.05269e-05, -0.000626542, -0.00096286, -0.0845711, 0.0127418, -0.0237403, -2.63508, -0.274205, 3.15023, -0.723342, 0.00116013, -0.000355861, -0.00181545, 0.000602782, -8.89771e-07, -0.000346329, 0.000301292
759315, 11.727, 0.0154006, -0.0663314, 0.113641, -0.238693, -0.377338, 0.725703, -0.0118459, 0.388995, 0.150954, 0.033752, 0.419649, 0.018755, 0.514619, -0.0315384, 0.208252, 0.56253, 0.784002, 0.26249, 0.674124, -0.618745, 0.403375, 0.478661, -0.04996, -0.876577, 0.000438752, 0.00311558, 0.000171318, 0.00047284, -0.00048201, 0.00519128, -0.0845736, 0.0127418, -0.0237353, -2.63508, -0.274204, 3.15023, -0.723343, 0.00559084, 0.000175208, 0.000549431, 0.000604479, 0.000208366, 7.02413e-07, 0.000873565
769430, 11.738, 0.0154008, -0.0663273, 0.113641, -0.238691, -0.377338, 0.725709, -0.0118457, 0.388995, 0.150954, 0.033752, 0.419649, 0.018755, 0.514619, -0.0315343, 0.208252, 0.562523, 0.784007, 0.262489, 0.67413, -0.618738, 0.403375, 0.478661, -0.0499563, -0.876577, -7.77399e-05, 0.00133415, -0.000193801, 0.000482982, 0.000530014, 0.00167134, -0.0845683, 0.0127418, -0.0237328, -2.63508, -0.274205, 3.15023, -0.723344, 0.00114925, 7.34144e-05, 0.00140432, -0.000256184, -0.000175993, -0.000256273, 0.00114541
779552, 11.748, 0.0154, -0.06633, 0.113638, -0.23869, -0.377335, 0.725706, -0.0118452, 0.388996, 0.150955, 0.033752, 0.419649, 0.018755, 0.514618, -0.031537, 0.208249, 0.562529, 0.784004, 0.262487, 0.674129, -0.618742, 0.403371, 0.478656, -0.0499584, -0.87658, -0.000101356, -0.000619039, -0.000962367, 0.000283929, 0.00182989, -0.00156602, -0.0845711, 0.0127471, -0.0237352, -2.63508, -0.274205, 3.15023, -0.723343, -0.000253723, 0.00227627, -0.000969307, 0.000550333, -0.000218112, -0.00012837, 0.000591831
789675, 11.758, 0.0154004, -0.0663287, 0.11364, -0.238691, -0.377336, 0.725708, -0.0118084, 0.384076, 0.158685, 0.033914, 0.419522, 0.01889, 0.514618, -0.0315357, 0.208251, 0.562526, 0.784006, 0.262487, 0.67413, -0.61874, 0.403373, 0.478659, -0.0499573, -0.876579, -6.93541e-05, -0.000237363, -0.00034039, -0.000114873, 0.000729378, -0.000241359, -0.0845713, 0.0127446, -0.0237325, -2.63508, -0.274205, 3.15023, -0.723344, -0.000459473, 0.000718655, -3.44239e-05, 0.000127551, -0.000232983, -0.000126621, -7.25895e-05
