timestamp, robot_time[1], robot_ee_pos_error[3], robot_ee_ori_error[3], sensed_forces_moments[6], robot_ee_position[3], robot_ee_orientation[9], robot_ee_linear_velocity[3], robot_ee_angular_velocity[3], joint_angles[7], joint_velocities[7], 
10553, 10.941, 0.01393, -0.0656303, 0.112631, -0.237598, -0.37587, 0.727211, -0.148725, 0.420837, 0.126929, 0.034153, 0.419705, 0.019982, 0.513148, -0.0308373, 0.207242, 0.561662, 0.785033, 0.261264, 0.676083, -0.6175, 0.402001, 0.476914, -0.0491525, -0.877574, -0.000951023, -0.000985077, 0.000142754, -0.00207632, 0.00106414, 0.000283476, -0.0812704, 0.0116746, -0.0262486, -2.63904, -0.275196, 3.15108, -0.723381, 0.00113389, -0.00263464, -0.00418076, -0.00207492, -0.00648634, -0.00144204, 0.00251212
20972, 10.951, 0.0139513, -0.0656187, 0.112637, -0.237587, -0.375904, 0.72718, -0.131794, 0.435688, 0.119247, 0.034096, 0.41962, 0.019983, 0.513169, -0.0308257, 0.207248, 0.56168, 0.785005, 0.26131, 0.676052, -0.617538, 0.401996, 0.476938, -0.049134, -0.877563, 0.00153606, 0.00424829, 0.00088328, 0.0016635, -0.0020651, 0.00546025, -0.0812064, 0.0117101, -0.0262708, -2.63899, -0.275103, 3.15109, -0.723388, 0.0120485, 0.000807412, -0.00273024, 0.00310227, 0.00422463, -0.000438686, 8.78528e-05
32304, 10.963, 0.0139962, -0.065609, 0.112659, -0.237586, -0.375968, 0.727128, -0.127628, 0.428375, 0.13446, 0.034225, 0.419697, 0.019984, 0.513214, -0.030816, 0.20727, 0.561708, 0.78496, 0.261384, 0.675991, -0.617596, 0.402009, 0.476991, -0.0491181, -0.877534, 0.00367534, 0.000386919, 0.00230319, 0.00470794, -0.00765401, -0.00601649, -0.0811297, 0.0117615, -0.026297, -2.63888, -0.274973, 3.15109, -0.723397, 0.0041316, 0.00326142, -0.00105783, 0.00805504, 0.0106595, 0.00239728, -1.46591e-08
42637, 10.973, 0.0140479, -0.0655832, 0.112679, -0.23758, -0.376028, 0.727102, -0.127579, 0.428342, 0.126824, 0.034224, 0.419445, 0.019986, 0.513266, -0.0307902, 0.20729, 0.561701, 0.784943, 0.261451, 0.675958, -0.61762, 0.402026, 0.477046, -0.0490882, -0.877507, 0.00578664, 0.00450358, 0.00292926, 0.00687184, -0.00819282, -0.00190892, -0.0810505, 0.0118337, -0.0262966, -2.63875, -0.274863, 3.15109, -0.723403, 0.0135628, 0.0058886, -0.000562966, 0.013577, 0.0178325, -0.000299578, -0.000969905
52886, 10.983, 0.0141123, -0.0655593, 0.112709, -0.237582, -0.376109, 0.727061, -0.127626, 0.428314, 0.119165, 0.034002, 0.419575, 0.019986, 0.51333, -0.0307663, 0.20732, 0.561699, 0.784916, 0.261538, 0.675906, -0.617657, 0.402058, 0.477123, -0.0490607, -0.877466, 0.00575691, 0.00138421, 0.00201257, 0.00686278, -0.00654869, -0.00804809, -0.0809651, 0.01191, -0.0263019, -2.63859, -0.274745, 3.15109, -0.723399, 0.00577373, 0.00862561, 0.000899158, 0.0148383, 0.0159866, -0.000459227, 0.00064894
63105, 10.993, 0.0141748, -0.065527, 0.11273, -0.237576, -0.376174, 0.727047, -0.131863, 0.420919, 0.126798, 0.034137, 0.419502, 0.019986, 0.513401, -0.030731, 0.207346, 0.561672, 0.784908, 0.261616, 0.675876, -0.617669, 0.40209, 0.477196, -0.0490222, -0.877429, 0.006856, 0.00242394, 0.00119964, 0.00327329, -0.00552767, -0.0002443, -0.0808589, 0.0120116, -0.0263048, -2.63841, -0.274629, 3.15109, -0.723405, 0.00825145, 0.013379, -0.000499322, 0.0187579, 0.00904159, -0.000249718, -2.63579e-06
73306, 11.004, 0.0142548, -0.0654845, 0.112763, -0.237579, -0.376263, 0.72704, -0.140381, 0.420837, 0.119187, 0.033923, 0.419734, 0.019984, 0.513473, -0.0306915, 0.207374, 0.561621, 0.784921, 0.26169, 0.675861, -0.617657, 0.402134, 0.477278, -0.0489809, -0.877386, 0.0073724, 0.00298029, 0.00115767, -0.000579964, -0.00565595, 0.00690909, -0.0807542, 0.0121134, -0.0263048, -2.63823, -0.274546, 3.1511, -0.723407, 0.00860995, 0.0148078, -0.000902653, 0.0204614, 0.00188263, 2.46971e-05, -0.000971108
83509, 11.014, 0.0143226, -0.0654435, 0.112793, -0.237584, -0.376334, 0.727049, -0.140395, 0.420826, 0.119178, 0.033923, 0.419734, 0.019984, 0.513541, -0.0306505, 0.207404, 0.561559, 0.784944, 0.261753, 0.675856, -0.617631, 0.402183, 0.477358, -0.0489418, -0.877345, 0.00592866, 0.00763392, 0.00080988, 0.000225321, -0.00455953, 0.014739, -0.0806558, 0.0121976, -0.0262995, -2.63806, -0.274488, 3.1511, -0.723404, 0.0160899, 0.0115021, 0.000199227, 0.0154546, 0.00166312, 0.000574497, 0.000185065
93713, 11.024, 0.0143942, -0.0654026, 0.112826, -0.237597, -0.376404, 0.727075, -0.144638, 0.418361, 0.126727, 0.034118, 0.419657, 0.019849, 0.513612, -0.0306096, 0.207437, 0.561472, 0.784989, 0.261806, 0.675866, -0.617577, 0.402248, 0.477446, -0.0489055, -0.877299, 0.00885896, 0.00484608, 0.00386441, -0.00486046, -0.0109007, 0.0176014, -0.0805566, 0.0122823, -0.0262995, -2.63788, -0.274461, 3.1511, -0.723408, 0.010898, 0.0113279, 0.000516918, 0.0226303, 0.000829118, 3.37585e-05, -0.00787179
103910, 11.034, 0.0144654, -0.0653669, 0.112861, -0.237617, -0.376472, 0.727102, -0.140417, 0.420796, 0.119157, 0.033923, 0.419734, 0.019984, 0.513683, -0.0305739, 0.207472, 0.561385, 0.785035, 0.261853, 0.675876, -0.61752, 0.402319, 0.477534, -0.0488755, -0.877253, 0.0061303, 0.00357886, 0.00231236, -0.00112923, -0.00688568, 0.00851175, -0.0804677, 0.0123657, -0.0263023, -2.6377, -0.27445, 3.1511, -0.72341, 0.00843572, 0.00868735, -1.55577e-05, 0.0159743, 0.000819299, -0.000338283, -0.000971295
114107, 11.045, 0.0145362, -0.0653243, 0.112892, -0.237632, -0.376536, 0.727141, -0.144658, 0.41833, 0.126707, 0.034118, 0.419657, 0.019849, 0.513754, -0.0305313, 0.207503, 0.561286, 0.785092, 0.261896, 0.675898, -0.617451, 0.402387, 0.477619, -0.0488396, -0.877209, 0.00660312, 0.00331996, 0.00381928, -0.00120143, -0.010263, 0.00776523, -0.0803678, 0.0124536, -0.0263048, -2.63752, -0.274451, 3.1511, -0.723407, 0.00889061, 0.00613638, -0.00114822, 0.0162189, -0.00033677, 0.000258132, 0.000356307
124320, 11.055, 0.0146001, -0.0652842, 0.112924, -0.237647, -0.376596, 0.727178, -0.148877, 0.420735, 0.126837, 0.034153, 0.419705, 0.019982, 0.513818, -0.0304912, 0.207535, 0.561191, 0.785146, 0.261936, 0.67592, -0.617385, 0.402453, 0.4777, -0.0488056, -0.877166, 0.00435531, 0.00335341, 0.000796436, -0.00112022, -0.00370813, 0.0084992, -0.0802814, 0.0125254, -0.0262995, -2.63736, -0.274448, 3.1511, -0.72341, 0.0071744, 0.00829645, 0.000148615, 0.0116789, -0.000389517, 0.0004354, -0.00088139
134623, 11.065, 0.0146696, -0.0652499, 0.112966, -0.237674, -0.376671, 0.727205, -0.148852, 0.420667, 0.111545, 0.033929, 0.419584, 0.019983, 0.513888, -0.0304569, 0.207577, 0.561098, 0.785196, 0.261986, 0.675927, -0.617323, 0.402536, 0.4778, -0.0487783, -0.877113, 0.00500082, 0.0058661, 0.00345935, -0.00166709, -0.00838566, 0.0136, -0.0802028, 0.0125853, -0.0262967, -2.63719, -0.274446, 3.1511, -0.723413, 0.0103695, 0.00267164, 0.00202868, 0.0113894, -5.94581e-05, -0.000213705, -0.00133762
144892, 11.075, 0.0147309, -0.0652172, 0.113002, -0.237695, -0.376738, 0.72723, -0.148835, 0.420681, 0.119195, 0.034152, 0.419453, 0.019983, 0.513949, -0.0304242, 0.207613, 0.561015, 0.78524, 0.262032, 0.675933, -0.617269, 0.402607, 0.477888, -0.048752, -0.877067, 0.00461811, 0.00402318, 0.00231835, -0.000866321, -0.00654603, 0.00904714, -0.0801291, 0.0126387, -0.0262939, -2.63704, -0.274444, 3.1511, -0.723412, 0.00769079, 0.00495465, 0.00108545, 0.0112412, 0.00031735, 0.000323841, -0.000576252
155147, 11.085, 0.0147873, -0.065196, 0.113035, -0.237722, -0.37681, 0.727244, -0.144642, 0.418214, 0.126974, 0.034119, 0.419655, 0.020252, 0.514014, -0.0303983, 0.207653, 0.560941, 0.785275, 0.262083, 0.675928, -0.617226, 0.402682, 0.477981, -0.0487319, -0.877017, 0.00655534, 0.00217983, 0.00546424, -0.000889514, -0.0162982, 0.00637536, -0.0800634, 0.0126956, -0.0262946, -2.63688, -0.274437, 3.1511, -0.723412, 0.00427398, 0.00255091, 0.000705618, 0.013665, -7.34425e-05, 0.0053859, -0.000724347
165443, 11.096, 0.0148484, -0.0651674, 0.113072, -0.237742, -0.376865, 0.727262, -0.14466, 0.42315, 0.126885, 0.034179, 0.419651, 0.020117, 0.514066, -0.0303744, 0.207683, 0.560876, 0.785309, 0.262121, 0.675931, -0.617184, 0.402742, 0.478054, -0.0487131, -0.876979, 0.00601196, 0.0015212, 0.00477556, -0.00136677, -0.0115752, 0.00432776, -0.080009, 0.0127445, -0.0262918, -2.63675, -0.274438, 3.1511, -0.72341, 0.00285252, 0.00248364, 0.0013318, 0.0141596, -3.99385e-05, -2.25887e-05, -0.000121443
175794, 11.106, 0.0149023, -0.0651471, 0.113109, -0.237769, -0.376928, 0.727275, -0.148928, 0.420654, 0.126785, 0.034153, 0.419705, 0.019982, 0.51412, -0.0303541, 0.20772, 0.560811, 0.785342, 0.262163, 0.675926, -0.617144, 0.402812, 0.478138, -0.0486984, -0.876934, 0.00403073, 0.00338398, 0.00327308, -0.00178212, -0.00758371, 0.00896578, -0.0799591, 0.0127816, -0.026291, -2.63662, -0.274437, 3.1511, -0.723413, 0.0063817, 0.00111447, 0.000997352, 0.00910448, -0.000143386, -0.000274242, -0.00170206
186005, 11.116, 0.0149561, -0.0651336, 0.113147, -0.237799, -0.376994, 0.727275, -0.144616, 0.423088, 0.119244, 0.034178, 0.4194, 0.020118, 0.514174, -0.0303406, 0.207758, 0.56076, 0.785363, 0.26221, 0.675908, -0.617118, 0.402882, 0.478223, -0.0486902, -0.876888, 0.00613373, 0.00242589, 0.00601327, 0.000416559, -0.0179995, 0.0047999, -0.0799192, 0.0128154, -0.0262935, -2.63649, -0.274436, 3.1511, -0.723409, 0.00479958, 0.000226107, 0.000432993, 0.0115947, 9.54608e-05, 0.00674106, 0.00138907
196219, 11.127, 0.0150049, -0.0651235, 0.113179, -0.237827, -0.377049, 0.72728, -0.144688, 0.423104, 0.126855, 0.034179, 0.419651, 0.020117, 0.514223, -0.0303305, 0.20779, 0.560712, 0.785385, 0.262247, 0.675895, -0.617091, 0.402945, 0.478297, -0.0486845, -0.876848, 0.00633168, 0.000592447, 0.00426829, -0.00206753, -0.0106092, 0.00385489, -0.0798863, 0.0128523, -0.0262964, -2.63637, -0.274435, 3.1511, -0.723414, 0.00155579, 0.00467764, 0.000957966, 0.0157141, 6.69669e-05, -0.000283548, -0.00163236
206631, 11.137, 0.0150533, -0.0651149, 0.113224, -0.237863, -0.377121, 0.727271, -0.144636, 0.423057, 0.119224, 0.034178, 0.4194, 0.020118, 0.514271, -0.0303219, 0.207835, 0.560668, 0.785399, 0.262299, 0.675866, -0.617073, 0.403021, 0.47839, -0.0486813, -0.876797, 0.00485325, 0.00328299, 0.00415512, -0.000808701, -0.00987867, 0.00693722, -0.0798611, 0.0128574, -0.0262945, -2.63626, -0.274432, 3.1511, -0.72341, 0.00557558, 0.00095249, 0.0017932, 0.0108378, 0.000182768, 2.53363e-05, 0.00031624
217042, 11.147, 0.0150918, -0.0651142, 0.113257, -0.237894, -0.377175, 0.727261, -0.144736, 0.423044, 0.119185, 0.033957, 0.419782, 0.020117, 0.514314, -0.030317, 0.20787, 0.56063, 0.785413, 0.262339, 0.675845, -0.617055, 0.403084, 0.478465, -0.0486808, -0.876756, 0.00356389, 0.00187481, 0.0027847, -0.000993436, -0.00679094, 0.00497142, -0.0798412, 0.0128723, -0.0262959, -2.63616, -0.274431, 3.1511, -0.723413, 0.00330236, 0.00146073, 0.00116052, 0.00819169, 0.000696709, 0.000128642, -0.0012583
227484, 11.158, 0.0151356, -0.0651069, 0.113298, -0.237927, -0.377239, 0.727257, -0.140436, 0.415658, 0.119145, 0.034084, 0.419355, 0.020121, 0.514354, -0.0303139, 0.207909, 0.560595, 0.785423, 0.262381, 0.675817, -0.617042, 0.403151, 0.478544, -0.0486824, -0.876713, 0.00310589, 0.00230346, 0.00271328, -0.00119973, -0.00631815, 0.00605908, -0.0798273, 0.012872, -0.0262957, -2.63607, -0.274431, 3.1511, -0.723413, 0.00358277, 0.000440277, 0.00152368, 0.00687636, 0.000103061, -2.99036e-05, -0.00119204
237942, 11.168, 0.0151708, -0.0651127, 0.113333, -0.237962, -0.377294, 0.727238, -0.144768, 0.413204, 0.126666, 0.034058, 0.419661, 0.019984, 0.514389, -0.0303197, 0.207944, 0.560578, 0.785422, 0.262421, 0.675781, -0.617043, 0.40321, 0.478615, -0.0486916, -0.876674, 0.00464228, -6.48612e-05, 0.00434748, -0.00145761, -0.00999693, 0.00142612, -0.079824, 0.0128702, -0.0263023, -2.63599, -0.274427, 3.1511, -0.723414, 0.000906178, 0.000406478, -3.09423e-05, 0.0107423, 0.000107673, -0.000252114, -0.000769393
248295, 11.179, 0.0152105, -0.0651112, 0.113371, -0.237995, -0.377355, 0.727225, -0.140528, 0.4206, 0.126666, 0.034145, 0.419604, 0.019984, 0.514428, -0.0303182, 0.207982, 0.560549, 0.785428, 0.262466, 0.675749, -0.617035, 0.403276, 0.478694, -0.0486946, -0.87663, 0.0038482, -0.000195681, 0.00438856, -0.00110644, -0.0098469, 0.000563106, -0.0798112, 0.0128702, -0.026304, -2.6359, -0.274427, 3.1511, -0.72341, 0.00116843, -0.00161471, -0.00075948, 0.00831487, 1.86037e-05, -2.18485e-05, -0.000194468
258672, 11.189, 0.0152415, -0.0651091, 0.113401, -0.238021, -0.377403, 0.727216, -0.144785, 0.413178, 0.126649, 0.034058, 0.419661, 0.019984, 0.514459, -0.0303161, 0.208012, 0.560523, 0.785435, 0.2625, 0.675727, -0.617026, 0.403327, 0.478756, -0.0486959, -0.876597, 0.00259877, 5.04196e-05, 0.00221827, -0.000268823, -0.00523982, 9.16974e-05, -0.0798049, 0.0128703, -0.0262995, -2.63583, -0.274425, 3.1511, -0.72341, 0.000370503, 0.000758143, 0.000362828, 0.00613818, 0.000495648, -0.000146504, 0.000214692
268925, 11.199, 0.0152678, -0.0651104, 0.113427, -0.238045, -0.377443, 0.727207, -0.140542, 0.420578, 0.126652, 0.034145, 0.419604, 0.019984, 0.514486, -0.0303174, 0.208038, 0.560505, 0.785439, 0.262528, 0.675705, -0.617021, 0.403371, 0.478808, -0.0487, -0.876568, 0.00054446, 1.65e-05, 0.000353806, -0.00067758, -0.00080417, 0.00112078, -0.0798018, 0.0128705, -0.0262995, -2.63577, -0.274423, 3.1511, -0.723413, 8.34116e-05, 0.000437958, 3.33268e-05, 0.00139735, -0.00023548, -9.36694e-05, -0.000921977
279215, 11.21, 0.0152937, -0.0651128, 0.113451, -0.238069, -0.37748, 0.7272, -0.140538, 0.415628, 0.126726, 0.034085, 0.419607, 0.020119, 0.514512, -0.0303198, 0.208062, 0.560485, 0.785444, 0.262552, 0.675686, -0.617013, 0.403415, 0.478858, -0.0487051, -0.87654, 0.00131299, 0.000223866, 0.00142945, -0.000266091, -0.00646767, 0.00247744, -0.0797984, 0.0128734, -0.0263023, -2.63571, -0.274424, 3.1511, -0.723418, 0.000277082, 0.000166637, -0.000136307, 0.00129487, 0.000227695, 0.00553363, -0.00208236
289656, 11.22, 0.0153197, -0.0651162, 0.113476, -0.238092, -0.37752, 0.727184, -0.140554, 0.420559, 0.12664, 0.034145, 0.419604, 0.019984, 0.514538, -0.0303232, 0.208087, 0.560475, 0.785441, 0.262582, 0.675658, -0.617016, 0.403456, 0.478909, -0.048711, -0.876512, 0.0011582, -0.000127605, 0.00112079, -0.000204719, -0.00280815, -1.91477e-05, -0.079796, 0.0128753, -0.0263055, -2.63565, -0.274421, 3.1511, -0.723414, 0.000600027, 6.80567e-05, -0.000617097, 0.00255949, 0.000154055, 0.000334626, -0.000102312
300026, 11.23, 0.0153369, -0.0651145, 0.113491, -0.238105, -0.377545, 0.727179, -0.140558, 0.420553, 0.126636, 0.034145, 0.419604, 0.019984, 0.514555, -0.0303215, 0.208102, 0.560462, 0.785444, 0.262601, 0.675646, -0.617013, 0.403482, 0.47894, -0.0487111, -0.876495, 0.00195494, 0.000171489, 0.00189195, 7.76113e-05, -0.00427687, -0.000298941, -0.0797959, 0.0128791, -0.0262988, -2.63561, -0.274421, 3.1511, -0.723411, -0.000149526, -3.09001e-05, 0.000953302, 0.00448593, 0.000264119, -0.000280294, 0.000953179
310338, 11.241, 0.0153543, -0.0651178, 0.113508, -0.238123, -0.37757, 0.727173, -0.140553, 0.415606, 0.126711, 0.034085, 0.419607, 0.020119, 0.514572, -0.0303248, 0.208119, 0.56045, 0.785447, 0.262617, 0.675632, -0.617008, 0.403513, 0.478975, -0.0487163, -0.876476, 0.00081948, -0.000499899, 0.0005811, 0.000564569, -0.00128299, -0.00186214, -0.0797928, 0.0128789, -0.0263048, -2.63557, -0.274422, 3.1511, -0.723416, 0.000503316, 0.000551547, -0.000814491, 0.00208316, 0.00264186, -0.000331421, -0.00093324
320588, 11.251, 0.0153676, -0.0651161, 0.113521, -0.238132, -0.377592, 0.727165, -0.149026, 0.415552, 0.126758, 0.034092, 0.419709, 0.020117, 0.514586, -0.0303231, 0.208132, 0.560445, 0.785445, 0.262636, 0.675618, -0.617011, 0.403532, 0.479001, -0.048716, -0.876461, 0.00365256, 0.000166004, 0.00343773, -1.70058e-05, -0.00838015, -0.000306169, -0.079792, 0.0128795, -0.0262995, -2.63554, -0.274421, 3.1511, -0.723406, 0.000472385, 0.00032162, 0.000555587, 0.00823133, 3.90576e-05, 0.000445411, 0.00155143
330889, 11.261, 0.0153814, -0.0651192, 0.113537, -0.238148, -0.377616, 0.727157, -0.140561, 0.415596, 0.126704, 0.034085, 0.419607, 0.020119, 0.514599, -0.0303262, 0.208148, 0.560437, 0.785445, 0.262652, 0.675602, -0.617011, 0.403558, 0.479032, -0.0487204, -0.876444, 0.000746493, -0.000136671, 0.00144813, 0.000274935, -0.00295463, -0.00120251, -0.0797916, 0.0128738, -0.0263023, -2.63551, -0.274417, 3.1511, -0.723411, -0.000248823, -0.0018298, 0.000120858, 0.00125557, -0.000146549, -0.000179395, 0.00134745
341175, 11.272, 0.0153889, -0.0651225, 0.113541, -0.238155, -0.377622, 0.727156, -0.14057, 0.420534, 0.126623, 0.034145, 0.419604, 0.019984, 0.514607, -0.0303295, 0.208152, 0.560433, 0.785447, 0.262655, 0.675598, -0.617008, 0.403569, 0.479042, -0.0487242, -0.876439, 0.00158687, -0.00144799, 0.00114, -0.000615645, -0.00277311, -0.00205262, -0.0797941, 0.0128824, -0.0263051, -2.63549, -0.27442, 3.1511, -0.723415, -0.00141428, 0.00122299, -0.00104591, 0.00420251, -0.000106881, -0.000164585, -0.000380042
351525, 11.282, 0.0153976, -0.0651184, 0.113548, -0.238159, -0.377635, 0.727155, -0.140564, 0.415591, 0.126701, 0.034085, 0.419607, 0.020119, 0.514616, -0.0303254, 0.208159, 0.560425, 0.785449, 0.262665, 0.675594, -0.617005, 0.40358, 0.479057, -0.0487209, -0.87643, 0.000402262, 0.000650003, -0.000644896, 0.000582625, 0.00101323, 0.000338866, -0.0797895, 0.0128851, -0.0262995, -2.63547, -0.274417, 3.1511, -0.723412, -0.000297477, 0.002525, 0.00165209, 0.00158776, -5.09065e-05, -0.00013461, 0.00119082
361876, 11.292, 0.0154072, -0.0651222, 0.113561, -0.238171, -0.377654, 0.727146, -0.140567, 0.415586, 0.126698, 0.034085, 0.419607, 0.020119, 0.514625, -0.0303292, 0.208172, 0.560423, 0.785446, 0.262679, 0.675579, -0.617009, 0.4036, 0.479082, -0.048726, -0.876417, 0.000577792, -0.000408223, 0.0010205, 0.000272917, -0.00224653, -0.00150483, -0.079792, 0.0128771, -0.0263025, -2.63545, -0.274417, 3.1511, -0.723411, -0.00105297, -0.00109457, 0.000365449, 0.00103059, -2.11205e-06, 8.57142e-05, 0.000947629
372185, 11.303, 0.0154158, -0.065124, 0.113569, -0.23818, -0.377665, 0.727144, -0.140577, 0.420523, 0.126616, 0.034145, 0.419604, 0.019984, 0.514634, -0.030331, 0.20818, 0.560415, 0.78545, 0.262686, 0.675574, -0.617004, 0.403616, 0.479098, -0.0487287, -0.876408, 0.00119037, -0.000303673, 0.00154731, -0.000540351, -0.00342121, 6.68746e-05, -0.0797917, 0.0128777, -0.0263045, -2.63543, -0.274417, 3.1511, -0.723417, -0.000438403, -0.000936109, 0.000100997, 0.00245393, 0.000112156, 7.08492e-05, -0.00056267
382489, 11.313, 0.0154246, -0.0651177, 0.113576, -0.238183, -0.377679, 0.727145, -0.14058, 0.420521, 0.126614, 0.034145, 0.419604, 0.019984, 0.514643, -0.0303247, 0.208187, 0.560405, 0.785453, 0.262697, 0.675571, -0.617, 0.403626, 0.479114, -0.0487235, -0.876399, 0.000767602, 0.00197948, 0.000837021, 0.000110111, -0.00197125, 0.00351238, -0.0797832, 0.0128807, -0.0262989, -2.63541, -0.274417, 3.1511, -0.723409, 0.00242185, -0.000496085, 0.00151219, 0.00129088, -0.000116189, 0.000170052, 0.000623215
392753, 11.323, 0.0154326, -0.0651216, 0.113582, -0.238191, -0.377687, 0.727142, -0.140572, 0.415578, 0.126693, 0.034085, 0.419607, 0.020119, 0.514651, -0.0303286, 0.208193, 0.560401, 0.785454, 0.262702, 0.675565, -0.616999, 0.403639, 0.479127, -0.0487278, -0.876392, 0.00102685, -0.000218343, 0.00113088, 0.00117261, -0.00294125, -0.00275163, -0.0797884, 0.0128855, -0.0262995, -2.63539, -0.274416, 3.1511, -0.723416, -0.000839514, -0.000256273, 0.000531248, 0.00218609, -0.000313215, 0.000379983, 0.00315933
403059, 11.333, 0.0154326, -0.0651205, 0.113582, -0.238191, -0.377687, 0.727144, -0.140581, 0.420518, 0.126613, 0.034145, 0.419604, 0.019984, 0.514651, -0.0303275, 0.208193, 0.560399, 0.785456, 0.262701, 0.675567, -0.616996, 0.40364, 0.479127, -0.048727, -0.876392, 0.000100171, 0.00140621, 0.00015871, 0.000279259, -0.0005811, 0.00224744, -0.0797807, 0.0128856, -0.0263054, -2.63539, -0.274418, 3.1511, -0.723416, 0.00264821, -0.000310012, -3.86523e-05, -0.000156504, -0.000474177, 0.000412614, 0.000950244
413389, 11.344, 0.0154372, -0.0651185, 0.113586, -0.238194, -0.377694, 0.727145, -0.140582, 0.420516, 0.126612, 0.034145, 0.419604, 0.019984, 0.514655, -0.0303255, 0.208197, 0.560393, 0.785459, 0.262706, 0.675566, -0.616993, 0.403647, 0.479136, -0.0487254, -0.876387, -0.000213926, 0.000743089, -0.000178929, -0.00184299, 0.000881236, 0.00476835, -0.0797839, 0.0128856, -0.026297, -2.63538, -0.274416, 3.1511, -0.723417, 0.000269362, -0.000226657, 0.00118249, -0.000533589, 0.00013484, -0.000397744, -0.0039785
423693, 11.354, 0.0154406, -0.0651226, 0.113587, -0.238197, -0.377698, 0.727136, -0.140611, 0.420496, 0.118961, 0.033923, 0.419734, 0.019984, 0.514659, -0.0303296, 0.208198, 0.560401, 0.785452, 0.26271, 0.675557, -0.617002, 0.403648, 0.479139, -0.0487292, -0.876385, 0.000531429, -0.000525844, 0.000340065, -0.000854675, -0.00080515, 0.000478397, -0.0797821, 0.0128916, -0.0263055, -2.63537, -0.274413, 3.1511, -0.723414, -0.000644116, 0.000523093, -0.000227131, 0.00142459, 0.000175886, -1.517e-05, -0.00171843
433931, 11.364, 0.0154364, -0.0651202, 0.113583, -0.238192, -0.377691, 0.727141, -0.140582, 0.420517, 0.126612, 0.034145, 0.419604, 0.019984, 0.514654, -0.0303272, 0.208194, 0.5604, 0.785454, 0.262706, 0.675563, -0.617, 0.403641, 0.47913, -0.0487264, -0.87639, -0.000283858, -0.000115474, -0.000667565, -0.000207347, 0.00128514, 0.000392727, -0.0797785, 0.0128916, -0.0263051, -2.63538, -0.274412, 3.1511, -0.723415, 0.000169881, 0.00102616, -0.000433837, -0.000397221, 0.00016654, 0.000171246, -0.000891649
444182, 11.375, 0.0154405, -0.0651176, 0.113586, -0.238193, -0.377696, 0.727143, -0.14061, 0.420496, 0.118961, 0.033923, 0.419734, 0.019984, 0.514659, -0.0303246, 0.208197, 0.560394, 0.785457, 0.262709, 0.675564, -0.616995, 0.403646, 0.479137, -0.0487242, -0.876387, 0.00102159, 0.000580928, 0.000810244, -0.000827337, -0.0017407, 0.00233687, -0.079781, 0.0128948, -0.0262969, -2.63537, -0.274413, 3.1511, -0.723414, -0.00076158, 0.000359736, 0.00205586, 0.002447, -0.000376403, -0.000280515, -0.000851797
454451, 11.385, 0.0154406, -0.0651211, 0.113587, -0.238195, -0.377697, 0.727137, -0.140583, 0.420516, 0.126611, 0.034145, 0.419604, 0.019984, 0.514659, -0.0303281, 0.208198, 0.5604, 0.785452, 0.262711, 0.675558, -0.617001, 0.403647, 0.479138, -0.0487277, -0.876386, 0.000206626, -0.000699119, -0.000129494, 0.00157357, -0.000124039, -0.00428242, -0.0797789, 0.0128927, -0.0263057, -2.63537, -0.274413, 3.1511, -0.723412, 0.000304615, 0.00095925, -0.00169838, 0.000824446, -0.000512194, 0.000103369, 0.0038265
464728, 11.395, 0.0154406, -0.065121, 0.113587, -0.238196, -0.377697, 0.72714, -0.140582, 0.420515, 0.126611, 0.034145, 0.419604, 0.019984, 0.514659, -0.030328, 0.208198, 0.560396, 0.785455, 0.262709, 0.675561, -0.616997, 0.403649, 0.479139, -0.048728, -0.876386, -0.000310751, -0.00045558, -0.000175048, -7.61912e-05, 0.000520245, -0.000797247, -0.0797781, 0.0128919, -0.026307, -2.63537, -0.274417, 3.1511, -0.723414, -0.000208186, -0.000264286, -0.000771656, -0.000678934, -0.000284155, -9.82272e-05, 6.26135e-05
475015, 11.406, 0.0154452, -0.0651205, 0.113592, -0.2382, -0.377703, 0.72714, -0.136368, 0.422894, 0.12666, 0.033728, 0.419553, 0.020117, 0.514663, -0.0303275, 0.208203, 0.560391, 0.785458, 0.262713, 0.675559, -0.616994, 0.403657, 0.479148, -0.0487276, -0.876381, 0.000227846, -0.000250129, 0.000217187, -0.000466657, -0.000333914, 0.000283154, -0.0797767, 0.0128916, -0.0263055, -2.63536, -0.274411, 3.1511, -0.723421, 7.61092e-05, 2.0179e-05, -0.000431304, 0.000611898, 0.000330866, -0.000221305, -0.00109312
485286, 11.416, 0.0154451, -0.0651205, 0.113591, -0.238199, -0.377705, 0.727135, -0.140575, 0.415574, 0.12669, 0.034085, 0.419607, 0.020119, 0.514663, -0.0303275, 0.208202, 0.560397, 0.785452, 0.262716, 0.675554, -0.617001, 0.403654, 0.479147, -0.0487275, -0.876381, -1.85787e-05, 3.20294e-05, 0.000246701, 0.000167333, -0.000420812, -0.000362632, -0.0797753, 0.0128926, -0.0263069, -2.63536, -0.274411, 3.1511, -0.723412, 0.000643602, -0.000682831, -0.000604221, -0.000213436, -0.000141399, -6.9863e-05, 0.000590542
495558, 11.426, 0.0154486, -0.0651185, 0.113591, -0.238199, -0.377705, 0.727141, -0.140575, 0.415574, 0.12669, 0.034085, 0.419607, 0.020119, 0.514667, -0.0303255, 0.208202, 0.560389, 0.785459, 0.262715, 0.675559, -0.616993, 0.403657, 0.479149, -0.0487257, -0.87638, 0.000122604, 0.000154526, -0.000762518, -0.000349829, 0.00132682, 0.00114071, -0.0797731, 0.0129005, -0.0263047, -2.63535, -0.274412, 3.1511, -0.723417, 0.000775218, 0.00222543, -0.00044892, 0.000868376, -2.66753e-05, 7.45798e-05, -0.000891152
505839, 11.436, 0.0154494, -0.0651159, 0.113594, -0.238199, -0.37771, 0.72714, -0.140585, 0.420513, 0.126609, 0.034145, 0.419604, 0.019984, 0.514667, -0.0303229, 0.208205, 0.560387, 0.785459, 0.262719, 0.675558, -0.616993, 0.40366, 0.479154, -0.0487236, -0.876377, 0.000652679, 0.000529444, 0.000402369, -7.93296e-05, -0.000913669, 0.000997595, -0.0797729, 0.0128952, -0.0262998, -2.63535, -0.274412, 3.1511, -0.723412, 0.00068566, 0.000492848, 0.000479672, 0.00162465, -9.83703e-05, -0.000222597, 0.000258164
516197, 11.447, 0.0154492, -0.0651184, 0.113594, -0.238201, -0.377708, 0.727141, -0.140584, 0.420513, 0.126609, 0.034145, 0.419604, 0.019984, 0.514667, -0.0303254, 0.208205, 0.560387, 0.78546, 0.262717, 0.675558, -0.616992, 0.403661, 0.479154, -0.048726, -0.876377, -0.000140614, 0.000437503, -0.000429224, -0.000536878, 0.000920503, 0.00165624, -0.0797729, 0.0128952, -0.0263047, -2.63535, -0.274413, 3.1511, -0.723417, 0.000652249, 0.000693162, -9.94066e-05, -9.41395e-05, -0.00163947, -7.2836e-05, 0.000377884
526471, 11.457, 0.0154489, -0.0651175, 0.113593, -0.238199, -0.377707, 0.727141, -0.136324, 0.422983, 0.1267, 0.034171, 0.41955, 0.020119, 0.514667, -0.0303245, 0.208204, 0.560387, 0.785459, 0.262716, 0.675559, -0.616992, 0.403659, 0.479151, -0.0487249, -0.876379, 3.59765e-05, -0.000291149, -0.000145833, 0.00470127, -0.000134454, -0.00828811, -0.0797732, 0.0128983, -0.0263026, -2.63535, -0.274412, 3.1511, -0.723416, -0.000651141, 0.000438731, 0.000955853, 2.18573e-05, 0.00515381, 6.44348e-05, 0.00463477
536691, 11.467, 0.0154489, -0.0651185, 0.113593, -0.238199, -0.377707, 0.727138, -0.140584, 0.420514, 0.12661, 0.034145, 0.419604, 0.019984, 0.514667, -0.0303255, 0.208204, 0.560392, 0.785456, 0.262718, 0.675556, -0.616997, 0.403657, 0.479151, -0.0487258, -0.876379, -0.000155537, 0.000682919, 1.10814e-05, 0.000631226, 0.000106727, 0.000165611, -0.0797725, 0.0128983, -0.0263052, -2.63535, -0.274412, 3.1511, -0.723412, 0.00181937, -0.000532268, -0.000460159, -0.000566505, 0.000350726, -0.00014186, 0.00098849
546904, 11.477, 0.0154525, -0.0651183, 0.113594, -0.238201, -0.37771, 0.727137, -0.140603, 0.415543, 0.119039, 0.033862, 0.419737, 0.020119, 0.514671, -0.0303253, 0.208205, 0.56039, 0.785456, 0.26272, 0.675554, -0.616997, 0.40366, 0.479155, -0.0487258, -0.876377, 0.000510728, -0.000261502, 0.000311207, 0.000402149, -0.000929157, -0.00135391, -0.0797694, 0.0129043, -0.0263072, -2.63534, -0.274412, 3.1511, -0.723411, 0.000177575, 0.000523044, -0.000634482, 0.00133362, -0.000318569, 7.64322e-05, 0.00135549
557240, 11.488, 0.0154528, -0.0651149, 0.113594, -0.238199, -0.377711, 0.72714, -0.140613, 0.420493, 0.118959, 0.033923, 0.419734, 0.019984, 0.514671, -0.0303219, 0.208205, 0.560386, 0.785459, 0.262721, 0.675558, -0.616993, 0.40366, 0.479155, -0.0487224, -0.876377, 0.00033358, 0.00101338, 6.73201e-05, 0.000281109, -0.000209842, 0.00137475, -0.0797674, 0.0129043, -0.026302, -2.63534, -0.274409, 3.1511, -0.723412, 0.000614508, 0.000494633, 0.00137906, 0.000819531, -0.000277275, -0.000149003, 0.000963076
567605, 11.498, 0.0154526, -0.0651173, 0.113594, -0.2382, -0.37771, 0.727139, -0.140585, 0.420513, 0.126609, 0.034145, 0.419604, 0.019984, 0.514671, -0.0303243, 0.208205, 0.560388, 0.785458, 0.262719, 0.675556, -0.616995, 0.40366, 0.479155, -0.0487248, -0.876377, 0.000909372, -0.000432404, 0.000898169, 0.000194011, -0.00230664, -0.00136139, -0.0797741, 0.0129045, -0.0263005, -2.63534, -0.274412, 3.1511, -0.723412, -0.00116276, 6.54849e-05, 0.000424534, 0.0020709, -0.000346651, 0.000280977, 0.00110146
578005, 11.508, 0.0154531, -0.0651181, 0.113596, -0.238202, -0.377714, 0.727135, -0.140586, 0.420512, 0.126609, 0.034145, 0.419604, 0.019984, 0.514671, -0.0303251, 0.208207, 0.560391, 0.785454, 0.262724, 0.675551, -0.616999, 0.403662, 0.479158, -0.0487256, -0.876375, 0.000508628, -0.000558263, 0.00100328, 0.00103969, -0.00214005, -0.00326167, -0.0797701, 0.0129001, -0.0263054, -2.63534, -0.274408, 3.1511, -0.723411, -0.000630539, -0.00122301, -0.000319753, 0.00091603, 0.000102143, -0.00011955, 0.00251761
588250, 11.519, 0.015453, -0.0651147, 0.113595, -0.238201, -0.37771, 0.727145, -0.136341, 0.422922, 0.134309, 0.03395, 0.419423, 0.020118, 0.514671, -0.0303217, 0.208206, 0.56038, 0.785464, 0.262718, 0.675562, -0.616986, 0.403664, 0.479157, -0.0487226, -0.876376, -4.48528e-05, 0.000159346, -1.51374e-05, -0.000816886, 0.000111061, 0.00171177, -0.0797665, 0.0129022, -0.0263032, -2.63534, -0.274413, 3.1511, -0.723417, 0.000623939, -8.57659e-05, -0.00042717, -0.000129478, -0.000597873, 1.79285e-05, -0.00112523
598558, 11.529, 0.0154573, -0.0651161, 0.113599, -0.238205, -0.377717, 0.727141, -0.140522, 0.420481, 0.118988, 0.034144, 0.419352, 0.019985, 0.514675, -0.0303231, 0.20821, 0.56038, 0.785462, 0.262724, 0.675556, -0.616989, 0.40367, 0.479165, -0.0487243, -0.876371, -0.000496179, -5.08442e-05, -0.00129976, -0.00139951, 0.00584515, 0.000986503, -0.0797693, 0.0129023, -0.0263019, -2.63533, -0.274411, 3.1511, -0.723417, -0.00074377, 0.00152329, 0.00108788, 0.000939056, -0.000209799, -0.00528076, -0.00129718
608843, 11.539, 0.015457, -0.0651169, 0.113598, -0.238204, -0.377717, 0.727138, -0.140577, 0.415571, 0.126688, 0.034085, 0.419607, 0.020119, 0.514675, -0.0303239, 0.208209, 0.560384, 0.785459, 0.262724, 0.675553, -0.616993, 0.403668, 0.479163, -0.0487248, -0.876372, 0.000399475, -0.000221747, 0.000548521, -0.00114221, -0.000752959, 0.00133004, -0.0797693, 0.0129044, -0.0263033, -2.63533, -0.27441, 3.1511, -0.723414, -0.00022375, -0.000435185, -5.84859e-05, 0.000992344, 1.93705e-05, -0.000584058, -0.00194454
619070, 11.55, 0.0154573, -0.0651178, 0.113599, -0.238205, -0.377719, 0.727135, -0.140586, 0.420511, 0.126608, 0.034145, 0.419604, 0.019984, 0.514675, -0.0303248, 0.20821, 0.560386, 0.785457, 0.262726, 0.67555, -0.616996, 0.403669, 0.479165, -0.0487255, -0.876371, 1.31399e-05, -0.000585499, 0.000125375, 0.00583589, -0.00118039, -0.0115618, -0.0797711, 0.0129023, -0.0263026, -2.63533, -0.274406, 3.1511, -0.723415, -0.00262154, -0.000142169, 0.00148006, -0.000125726, 0.000330722, 0.000588487, 0.0116441
629315, 11.56, 0.015457, -0.0651148, 0.113598, -0.238203, -0.377716, 0.727143, -0.140585, 0.420511, 0.126608, 0.034145, 0.419604, 0.019984, 0.514675, -0.0303218, 0.208209, 0.560379, 0.785464, 0.262722, 0.675558, -0.616987, 0.403668, 0.479163, -0.048723, -0.876373, 0.000334945, 9.47904e-05, -0.000121877, -0.000328811, -0.000259581, 0.000997802, -0.0797656, 0.012905, -0.0263033, -2.63533, -0.274412, 3.1511, -0.723416, 0.0001986, 0.00118862, -2.42731e-05, 0.000909545, -0.00012279, 0.000592145, -0.00072895
639608, 11.57, 0.0154565, -0.0651145, 0.113595, -0.238201, -0.377713, 0.727143, -0.140613, 0.420492, 0.118959, 0.033923, 0.419734, 0.019984, 0.514675, -0.0303215, 0.208206, 0.560381, 0.785462, 0.262721, 0.675559, -0.616989, 0.403664, 0.479159, -0.048722, -0.876375, 0.000686354, -0.000306196, 0.000229058, -0.000590057, -0.000783493, 0.000480532, -0.0797643, 0.0129099, -0.0263032, -2.63533, -0.274407, 3.1511, -0.723418, -1.2601e-05, 0.00117171, -0.00042518, 0.00189223, 0.000103601, 0.000122462, -0.00113322
649904, 11.58, 0.0154571, -0.0651137, 0.113598, -0.238202, -0.377716, 0.727143, -0.140586, 0.420511, 0.126608, 0.034145, 0.419604, 0.019984, 0.514675, -0.0303207, 0.208209, 0.560378, 0.785464, 0.262723, 0.675559, -0.616987, 0.403668, 0.479163, -0.0487216, -0.876373, -0.000276879, -0.000106973, 0.000248665, -0.000765586, -0.000286119, 0.00113788, -0.0797661, 0.0129054, -0.0262999, -2.63533, -0.274407, 3.1511, -0.723419, -0.000991052, -0.00129032, 0.000677856, -0.00099589, -0.000190274, 7.12155e-05, -0.00145455
660155, 11.591, 0.015457, -0.0651153, 0.113597, -0.238202, -0.377717, 0.727136, -0.140586, 0.420512, 0.126608, 0.034145, 0.419604, 0.019984, 0.514675, -0.0303223, 0.208208, 0.560386, 0.785457, 0.262726, 0.675552, -0.616996, 0.403665, 0.479162, -0.048723, -0.876373, -0.000147339, -0.000284336, 0.000405367, 0.00228356, -0.00101991, -0.00469939, -0.0797634, 0.0129057, -0.0263055, -2.63533, -0.274406, 3.1511, -0.723411, -0.00012479, -0.00133572, -0.000412317, -0.000758689, 0.0004307, 0.000213489, 0.00434768
670377, 11.601, 0.0154564, -0.0651139, 0.113595, -0.2382, -0.377712, 0.727144, -0.140538, 0.420422, 0.126599, 0.033922, 0.419225, 0.019984, 0.514674, -0.0303209, 0.208206, 0.560379, 0.785464, 0.26272, 0.675561, -0.616987, 0.403664, 0.479158, -0.0487214, -0.876375, 6.54176e-05, 0.000339322, 0.000222272, -0.000540366, -0.000477861, 0.00164302, -0.0797608, 0.012911, -0.0263055, -2.63533, -0.274407, 3.1511, -0.723419, 0.00152246, -0.000434004, -0.000865505, -7.67115e-05, 4.68161e-05, 0.000179026, -0.00114588
680700, 11.611, 0.0154612, -0.0651122, 0.1136, -0.238204, -0.377721, 0.727143, -0.136354, 0.42296, 0.119048, 0.033949, 0.41968, 0.020119, 0.514679, -0.0303192, 0.208211, 0.560374, 0.785465, 0.262727, 0.675558, -0.616985, 0.403672, 0.479169, -0.0487203, -0.876369, 0.00036259, 0.000985239, 0.000642851, -0.000697815, -0.001358, 0.00317863, -0.079763, 0.0129086, -0.0262989, -2.63532, -0.274406, 3.1511, -0.723418, 0.000501147, -0.000863414, 0.00149986, 0.00037607, 0.000325895, 0.000188789, -0.00164355
690915, 11.621, 0.015461, -0.065111, 0.113599, -0.238202, -0.37772, 0.727143, -0.140587, 0.420511, 0.126608, 0.034145, 0.419604, 0.019984, 0.514679, -0.030318, 0.20821, 0.560376, 0.785464, 0.262727, 0.675558, -0.616987, 0.403669, 0.479167, -0.0487191, -0.876371, -7.73865e-05, 0.00148664, -0.000112789, 0.000238207, 0.000360287, 0.00243591, -0.0797625, 0.0129111, -0.0262973, -2.63532, -0.274407, 3.1511, -0.723413, 0.000592434, -0.000136182, 0.00223827, -0.000353386, -0.000206873, -0.000170344, 0.000633032
701166, 11.632, 0.0154605, -0.0651178, 0.113598, -0.238205, -0.377718, 0.727137, -0.140586, 0.420511, 0.126608, 0.034145, 0.419604, 0.019984, 0.514678, -0.0303248, 0.208209, 0.560384, 0.785459, 0.262725, 0.675552, -0.616993, 0.40367, 0.479166, -0.0487255, -0.876371, -0.000601138, -0.000809603, -0.00144887, -7.29809e-05, 0.00297649, -0.00116552, -0.079765, 0.0129119, -0.026308, -2.63532, -0.274407, 3.1511, -0.723417, -0.000246985, 0.00230406, -0.00143732, -0.000572541, -0.000151607, -8.07307e-05, -0.000451541
711466, 11.642, 0.0154613, -0.0651151, 0.113601, -0.238206, -0.377722, 0.72714, -0.140578, 0.41557, 0.126687, 0.034085, 0.419607, 0.020119, 0.514679, -0.0303221, 0.208212, 0.560378, 0.785462, 0.262728, 0.675553, -0.616989, 0.403674, 0.47917, -0.0487233, -0.876369, 0.000781864, -0.000220128, 0.00124038, -0.000684469, -0.00278355, 0.000636517, -0.0797601, 0.0129068, -0.0263076, -2.63532, -0.274407, 3.1511, -0.723417, 0.000534763, -0.00115226, -0.000816088, 0.00137488, 0.000138466, 0.000322803, -0.00113848
721940, 11.652, 0.0154602, -0.0651168, 0.113597, -0.238203, -0.377717, 0.727137, -0.140614, 0.420491, 0.118958, 0.033923, 0.419734, 0.019984, 0.514678, -0.0303238, 0.208208, 0.560386, 0.785457, 0.262725, 0.675552, -0.616995, 0.403667, 0.479163, -0.0487244, -0.876372, -0.000461881, -0.00235813, -0.00113964, 0.000256374, 0.00216594, -0.00474531, -0.0797632, 0.0129149, -0.026308, -2.63532, -0.274407, 3.1511, -0.723413, -0.00366197, 0.00210422, -0.000964959, -0.000168784, 8.98123e-05, 9.46921e-05, 5.87492e-05
732325, 11.663, 0.0154611, -0.0651105, 0.113599, -0.238202, -0.377719, 0.727146, -0.140614, 0.420491, 0.118958, 0.033923, 0.419734, 0.019984, 0.514679, -0.0303175, 0.20821, 0.560372, 0.785467, 0.262725, 0.675561, -0.616982, 0.403671, 0.479167, -0.0487187, -0.876371, -0.000112068, 0.00100668, -2.42393e-05, -0.000890659, 0.000571088, 0.00344146, -0.0797583, 0.0129108, -0.0263005, -2.63532, -0.274406, 3.1511, -0.723419, 0.00122843, -0.000427431, 0.0007877, -0.000339396, 0.000217787, -0.000587696, -0.00193176
742722, 11.673, 0.0154608, -0.0651138, 0.113599, -0.238204, -0.377719, 0.727142, -0.144814, 0.417971, 0.119178, 0.033897, 0.419785, 0.020252, 0.514679, -0.0303208, 0.20821, 0.560377, 0.785463, 0.262725, 0.675557, -0.616988, 0.40367, 0.479167, -0.0487218, -0.876371, -0.000808828, -0.000527162, -0.000446473, 0.00158268, 0.00129568, -0.0033096, -0.0797576, 0.0129111, -0.0263076, -2.63532, -0.274407, 3.1511, -0.723417, 0.00118478, -0.000869662, -0.00167196, -0.00209923, 0.00399001, -0.00023866, -0.000825032
753124, 11.684, 0.0154605, -0.0651134, 0.113597, -0.238202, -0.377717, 0.727141, -0.140586, 0.420511, 0.126608, 0.034145, 0.419604, 0.019984, 0.514678, -0.0303204, 0.208208, 0.56038, 0.785462, 0.262725, 0.675557, -0.61699, 0.403667, 0.479164, -0.0487212, -0.876372, -0.000200737, 0.00091753, -0.000539085, 0.000730574, 0.00107662, 0.000581997, -0.0797628, 0.0129143, -0.0263017, -2.63532, -0.274406, 3.1511, -0.723415, 0.00109361, 0.000731867, 0.000657623, -0.000355646, 6.9138e-05, -5.98331e-05, 0.00125571
763445, 11.694, 0.0154649, -0.0651129, 0.113602, -0.238206, -0.377723, 0.727143, -0.140587, 0.420509, 0.126607, 0.034145, 0.419604, 0.019984, 0.514683, -0.0303199, 0.208213, 0.560373, 0.785465, 0.262728, 0.675556, -0.616985, 0.403676, 0.479173, -0.0487213, -0.876367, -0.000174759, -9.42642e-05, -0.000132359, 0.000121025, 0.000242316, -0.000334349, -0.0797573, 0.0129143, -0.0263055, -2.63531, -0.274407, 3.1511, -0.723418, 0.000879307, -7.04401e-05, -0.00108943, -0.000448409, 0.000111778, 0.000128756, 4.82476e-05
773844, 11.704, 0.0154645, -0.0651125, 0.1136, -0.238205, -0.377721, 0.727145, -0.140586, 0.42051, 0.126607, 0.034145, 0.419604, 0.019984, 0.514683, -0.0303195, 0.208211, 0.560371, 0.785468, 0.262726, 0.675559, -0.616982, 0.403674, 0.47917, -0.0487208, -0.876369, -7.19351e-05, 0.000304583, -0.000428939, -0.000365569, 0.000908367, 0.0013223, -0.0797566, 0.0129171, -0.0263054, -2.63531, -0.274407, 3.1511, -0.723421, 0.00104204, 0.000859711, -0.000462963, 6.5167e-05, -5.50798e-05, -7.51021e-05, -0.000803673
784292, 11.715, 0.0154605, -0.0651138, 0.113597, -0.238202, -0.377718, 0.727141, -0.140522, 0.420481, 0.118988, 0.034144, 0.419352, 0.019985, 0.514678, -0.0303208, 0.208208, 0.56038, 0.785461, 0.262725, 0.675556, -0.61699, 0.403668, 0.479164, -0.0487216, -0.876372, -0.00040354, -0.00048388, 0.000399624, 0.000367967, -0.000798322, -0.00154395, -0.0797597, 0.012914, -0.0263055, -2.63532, -0.274406, 3.1511, -0.723415, -0.000442151, -0.00190522, -0.000573932, -0.00152631, 0.000319219, 0.000391786, 0.0003385
794698, 11.725, 0.0154649, -0.0651113, 0.113601, -0.238205, -0.377723, 0.727144, -0.144797, 0.42294, 0.126747, 0.034179, 0.419651, 0.020117, 0.514683, -0.0303183, 0.208212, 0.560371, 0.785467, 0.262729, 0.675557, -0.616983, 0.403675, 0.479173, -0.0487197, -0.876368, -0.000242716, 0.000701326, -1.13833e-05, -0.000534211, 0.000102067, 0.00239421, -0.0797569, 0.0129146, -0.0263026, -2.63531, -0.274406, 3.1511, -0.723418, 0.000229099, -0.000650126, 0.00101293, -0.000880782, -0.00020521, 0.000191036, -0.00108088
805151, 11.736, 0.0154643, -0.0651125, 0.113599, -0.238203, -0.377721, 0.72714, -0.144797, 0.422941, 0.126748, 0.034179, 0.419651, 0.020117, 0.514682, -0.0303195, 0.20821, 0.560378, 0.785462, 0.262728, 0.675555, -0.616989, 0.40367, 0.479168, -0.0487206, -0.87637, -0.000679329, 0.00163421, -0.00110385, 0.00117915, 0.00239921, 0.00130697, -0.0797594, 0.0129193, -0.0263026, -2.63531, -0.274407, 3.1511, -0.723412, 0.00308941, 0.000861023, 3.25343e-05, -0.00148678, 0.000489872, -0.000165853, 0.00155377
