timestamp, robot_time[1], robot_ee_pos_error[3], robot_ee_ori_error[3], sensed_forces_moments[6], robot_ee_position[3], robot_ee_orientation[9], robot_ee_linear_velocity[3], robot_ee_angular_velocity[3], joint_angles[7], joint_velocities[7], 
10334, 10.9678, 0.0139708, -0.0656041, 0.112538, -0.237397, -0.374636, 0.727709, 0.123474, 0.395666, 0.155658, 0.034438, 0.418889, 0.015612, 0.513189, -0.0308111, 0.207149, 0.561874, 0.785278, 0.260068, 0.676813, -0.617164, 0.401289, 0.475628, -0.0494568, -0.878255, -0.000274906, 0.000979905, -0.00174967, 0.00121779, 0.00443903, 0.000629638, -0.0825272, 0.0117762, -0.0246968, -2.63825, -0.275194, 3.14889, -0.723618, 0.00529704, 0.00336259, -0.00204671, 0.000446161, 0.00714444, -0.00170268, -0.00443651
20761, 10.9778, 0.0139809, -0.0655854, 0.11254, -0.237371, -0.374663, 0.727674, 0.140483, 0.395812, 0.140318, 0.034643, 0.418561, 0.015619, 0.513199, -0.0307924, 0.207151, 0.561905, 0.78524, 0.260115, 0.676782, -0.617215, 0.401263, 0.475635, -0.0494305, -0.878253, 0.0019699, 0.00228456, 0.00022288, 0.00489442, -0.00146964, -0.00257268, -0.0824461, 0.0117915, -0.0247188, -2.63823, -0.27507, 3.14889, -0.723626, 0.00781699, 0.00378265, -0.000775684, 0.00472831, 0.0130096, -1.69578e-05, -0.00211317
30977, 10.9878, 0.0140065, -0.0655618, 0.112548, -0.237346, -0.374707, 0.727632, 0.136155, 0.388427, 0.147925, 0.034558, 0.418869, 0.015618, 0.513225, -0.0307688, 0.207159, 0.561936, 0.785197, 0.260181, 0.676741, -0.617272, 0.401244, 0.475658, -0.0493987, -0.878242, 0.00570973, 0.00466536, 0.00390037, 0.000815702, -0.00973616, 0.00742617, -0.0823586, 0.0118294, -0.0247309, -2.63817, -0.274927, 3.14889, -0.723629, 0.0115369, 0.00338192, -0.000391104, 0.013111, 0.00531257, -0.000145799, -0.00111438
41248, 10.9978, 0.0140391, -0.0655284, 0.112563, -0.23732, -0.374772, 0.727584, 0.136199, 0.388399, 0.140301, 0.034557, 0.418618, 0.01562, 0.513257, -0.0307354, 0.207174, 0.561959, 0.785151, 0.260268, 0.676691, -0.617334, 0.401233, 0.475702, -0.0493553, -0.878221, 0.0045376, 0.00447842, 0.0022695, 0.00264305, -0.00596302, 0.00501618, -0.0822598, 0.0118653, -0.0247313, -2.6381, -0.27476, 3.1489, -0.72363, 0.0118448, 0.00454899, -0.000167458, 0.0106672, 0.0118278, -0.000502404, -0.00435784
51474, 11.0088, 0.014078, -0.065481, 0.112576, -0.237283, -0.374834, 0.72755, 0.136143, 0.388453, 0.155577, 0.03478, 0.418739, 0.015618, 0.513296, -0.030688, 0.207187, 0.561966, 0.785118, 0.260354, 0.676658, -0.617381, 0.401216, 0.475739, -0.0492987, -0.878204, 0.00467579, 0.0041821, 0.00137831, 0.00598731, -0.00480956, -0.000822703, -0.0821341, 0.0119196, -0.024726, -2.63801, -0.274576, 3.1489, -0.723638, 0.0120779, 0.00718727, -0.000336447, 0.0115471, 0.0155475, -0.000233663, -0.00133027
61681, 11.0188, 0.0141215, -0.0654321, 0.112595, -0.237254, -0.374901, 0.727525, 0.136124, 0.388454, 0.155571, 0.03478, 0.418739, 0.015618, 0.51334, -0.0306391, 0.207206, 0.561957, 0.785096, 0.260439, 0.67663, -0.617414, 0.401213, 0.47579, -0.0492435, -0.87818, 0.00350475, 0.00352022, 0.00142229, 0.00507264, -0.00427595, -0.000406016, -0.082006, 0.0119694, -0.0247235, -2.63791, -0.274418, 3.1489, -0.723639, 0.010486, 0.00428875, -0.000287275, 0.00812488, 0.0156074, -0.000141862, -0.00360896
71869, 11.0288, 0.0141635, -0.0653717, 0.112608, -0.237223, -0.374953, 0.727537, 0.136155, 0.383463, 0.140367, 0.034496, 0.418621, 0.015755, 0.513381, -0.0305787, 0.207219, 0.561909, 0.78511, 0.260501, 0.676641, -0.617401, 0.401215, 0.475831, -0.0491807, -0.878161, 0.00417061, 0.00562697, -0.000997236, 0.00295202, 3.76573e-05, 0.00711646, -0.081862, 0.0120298, -0.0247236, -2.63781, -0.274311, 3.1489, -0.723635, 0.0152128, 0.0118629, -0.00181254, 0.0118301, 0.00914703, -0.000341591, -0.00207193
82034, 11.0398, 0.0142114, -0.065299, 0.112631, -0.237203, -0.375012, 0.727581, 0.136162, 0.388426, 0.14793, 0.034779, 0.418487, 0.01562, 0.513429, -0.030506, 0.207242, 0.561811, 0.785162, 0.260556, 0.676678, -0.61734, 0.401245, 0.475894, -0.0491111, -0.878131, 0.00375494, 0.00474131, 0.000193944, 0.000989172, -0.00211555, 0.00767051, -0.0817036, 0.0120772, -0.0247204, -2.6377, -0.274247, 3.1489, -0.723633, 0.0113713, 0.0080557, -0.00102943, 0.0101194, 0.00198241, -6.92738e-05, 0.00104555
92199, 11.0498, 0.0142696, -0.0652145, 0.112665, -0.237194, -0.375084, 0.727657, 0.131848, 0.390832, 0.14803, 0.034592, 0.418917, 0.015751, 0.513488, -0.0304215, 0.207276, 0.561659, 0.785253, 0.260609, 0.676741, -0.61723, 0.401308, 0.475984, -0.0490334, -0.878086, 0.00653126, 0.00514095, 0.00592797, 0.000203633, -0.0143606, 0.00884506, -0.0815254, 0.0121237, -0.0247204, -2.63757, -0.274226, 3.14891, -0.723635, 0.0118684, 0.000315302, -0.000207369, 0.0138872, 0.00263985, 0.000713117, 0.00066588
102357, 11.0598, 0.0143086, -0.0651445, 0.112684, -0.237181, -0.375121, 0.727735, 0.131843, 0.390823, 0.148025, 0.034592, 0.418917, 0.015751, 0.513527, -0.0303515, 0.207295, 0.561529, 0.785339, 0.26063, 0.676813, -0.617126, 0.401348, 0.476036, -0.0489706, -0.878061, 0.00541633, 0.00845945, 0.00344802, -0.00109884, -0.00886684, 0.0178639, -0.0813844, 0.0121624, -0.0247176, -2.63748, -0.274225, 3.14891, -0.723642, 0.015884, 0.00339295, 0.0016278, 0.012004, 0.000290985, 0.000333028, -0.000640536
112586, 11.0698, 0.0143589, -0.0650721, 0.112711, -0.237174, -0.375169, 0.727809, 0.131836, 0.390812, 0.148017, 0.034592, 0.418917, 0.015751, 0.513577, -0.0302791, 0.207322, 0.561396, 0.785424, 0.26066, 0.676877, -0.617023, 0.401398, 0.476101, -0.0489081, -0.878029, 0.00562249, 0.0105684, 0.00254715, 0.00282537, -0.0073139, 0.0146432, -0.0812353, 0.0122061, -0.024715, -2.63736, -0.274226, 3.1489, -0.723637, 0.0202321, 0.00583858, 0.00137618, 0.0131094, -0.000349273, -0.000294889, 0.0082445
122835, 11.0798, 0.0144181, -0.064992, 0.11275, -0.237176, -0.375245, 0.727889, 0.131889, 0.390774, 0.140386, 0.034591, 0.418666, 0.015753, 0.513636, -0.030199, 0.207361, 0.561235, 0.785522, 0.260711, 0.67694, -0.616903, 0.401476, 0.476202, -0.0488367, -0.877979, 0.00412677, 0.00708742, 0.00316586, -0.0018677, -0.00761249, 0.0161583, -0.0810691, 0.0122402, -0.0247148, -2.63723, -0.274225, 3.14891, -0.723641, 0.0141209, 0.00114612, 4.91464e-05, 0.00879332, -0.00227641, 0.000124957, 4.17983e-05
133098, 11.0898, 0.0144725, -0.0649085, 0.112788, -0.237173, -0.375311, 0.727974, 0.131844, 0.390809, 0.155656, 0.034814, 0.418787, 0.015751, 0.513693, -0.0301103, 0.207399, 0.56107, 0.785626, 0.260752, 0.677016, -0.616777, 0.401542, 0.476288, -0.0487602, -0.877936, 0.00763895, 0.00770819, 0.00633467, -0.00034614, -0.0148754, 0.014268, -0.0808874, 0.0122718, -0.0247116, -2.6371, -0.274223, 3.1489, -0.723639, 0.0170112, 0.0015512, -0.000152607, 0.0168054, 0.00194367, -0.000441078, 0.000941111
143332, 11.1008, 0.0145307, -0.0648294, 0.112828, -0.237175, -0.375382, 0.728054, 0.127659, 0.393161, 0.140505, 0.034625, 0.418713, 0.015886, 0.513749, -0.0300364, 0.207439, 0.560914, 0.785722, 0.260799, 0.677075, -0.61666, 0.401622, 0.476387, -0.0486949, -0.877886, 0.00548393, 0.00575665, 0.00435436, -0.00152214, -0.01082, 0.013208, -0.0807309, 0.0122963, -0.0247151, -2.63698, -0.274225, 3.14891, -0.723648, 0.0137105, 0.00170169, -0.00148046, 0.0119372, 0.000217219, 0.000707947, -0.00122428
153550, 11.1108, 0.0145808, -0.0647595, 0.112865, -0.237176, -0.375448, 0.728118, 0.127632, 0.393087, 0.148105, 0.034404, 0.418587, 0.015884, 0.513799, -0.0299665, 0.207476, 0.56078, 0.785803, 0.260844, 0.677125, -0.616562, 0.401687, 0.476473, -0.0486342, -0.877843, 0.00504226, 0.00580466, 0.00339064, -0.000985475, -0.00852938, 0.012262, -0.0805913, 0.0123159, -0.0247091, -2.63687, -0.274225, 3.14891, -0.723642, 0.011991, 0.00300381, 0.00020202, 0.0115259, -0.000438983, 6.60055e-05, 0.000375733
163759, 11.1208, 0.0146359, -0.0646953, 0.11291, -0.237186, -0.375523, 0.728176, 0.127611, 0.398009, 0.148014, 0.034464, 0.418583, 0.015749, 0.513854, -0.0299023, 0.207521, 0.560648, 0.78588, 0.260895, 0.677165, -0.616468, 0.401765, 0.476573, -0.0485794, -0.877792, 0.00508269, 0.00775461, 0.00292139, -0.000603618, -0.00757394, 0.0154904, -0.080455, 0.0123294, -0.0247091, -2.63675, -0.27422, 3.14891, -0.723644, 0.0163697, 0.00400005, -0.000292192, 0.0116722, 6.06564e-05, -7.9981e-05, 0.000600298
174214, 11.1318, 0.0146864, -0.0646374, 0.112952, -0.237197, -0.375594, 0.728229, 0.12761, 0.393052, 0.148083, 0.034404, 0.418587, 0.015884, 0.513904, -0.0298444, 0.207563, 0.560526, 0.785952, 0.260943, 0.677201, -0.61638, 0.401839, 0.476666, -0.0485305, -0.877744, 0.00754863, 0.00709803, 0.00642025, -0.000527009, -0.0193618, 0.0156018, -0.0803356, 0.0123397, -0.0247063, -2.63664, -0.274221, 3.14891, -0.723643, 0.0142006, 0.00202819, 0.000303594, 0.0146379, -8.01978e-05, 0.00696016, -0.000147114
184432, 11.1418, 0.0147402, -0.0645825, 0.112998, -0.237213, -0.375665, 0.728277, 0.127616, 0.393095, 0.140462, 0.034625, 0.418713, 0.015886, 0.513958, -0.0297895, 0.207609, 0.560408, 0.78602, 0.26099, 0.677231, -0.616297, 0.401917, 0.476762, -0.0484869, -0.877694, 0.00643916, 0.00381314, 0.0057543, -0.00105638, -0.0137, 0.00798476, -0.0802184, 0.0123462, -0.0247062, -2.63652, -0.274226, 3.1489, -0.723638, 0.00958445, 0.000751208, -0.000976542, 0.0142713, -0.000339596, 0.000225055, 0.00108884
194649, 11.1518, 0.0147965, -0.0645312, 0.113047, -0.237235, -0.375752, 0.728317, 0.123333, 0.395545, 0.140279, 0.034659, 0.418764, 0.015615, 0.514015, -0.0297382, 0.207658, 0.56029, 0.786084, 0.26105, 0.677249, -0.616218, 0.402005, 0.476874, -0.048443, -0.877636, 0.00451796, 0.00495976, 0.00308329, -0.000680113, -0.00761134, 0.0101438, -0.0801142, 0.0123537, -0.0247002, -2.6364, -0.274222, 3.14891, -0.72364, 0.00891407, 0.00259622, 0.00161896, 0.0103943, -1.59722e-05, -0.000162997, 0.000439134
204870, 11.1618, 0.0148549, -0.0644844, 0.1131, -0.23726, -0.375833, 0.728355, 0.123363, 0.395415, 0.148186, 0.034438, 0.418635, 0.016017, 0.514073, -0.0296914, 0.207711, 0.560178, 0.786145, 0.261105, 0.677265, -0.616143, 0.402094, 0.476982, -0.0484073, -0.877579, 0.00493601, 0.00248971, 0.00481952, -0.000366473, -0.0109488, 0.00419233, -0.0800017, 0.0123558, -0.0247091, -2.63627, -0.274221, 3.1489, -0.723641, 0.00775448, -0.000462613, -0.0018764, 0.0108739, 9.12818e-05, -0.000422642, 0.00177137
215153, 11.1718, 0.0149152, -0.0644456, 0.113155, -0.237293, -0.375926, 0.728382, 0.127559, 0.392972, 0.148031, 0.034404, 0.418587, 0.015884, 0.514133, -0.0296526, 0.207766, 0.560072, 0.7862, 0.261169, 0.677267, -0.616076, 0.402194, 0.477105, -0.0483759, -0.877514, 0.00641869, 0.0029077, 0.00620204, -0.00207416, -0.0144138, 0.00802366, -0.0799161, 0.01236, -0.0247085, -2.63614, -0.274221, 3.14891, -0.723645, 0.00746747, -0.00030028, -0.0005888, 0.0140475, -0.000116065, 0.000209636, -0.00115267
225392, 11.1828, 0.0149737, -0.0644102, 0.113208, -0.237323, -0.376012, 0.728402, 0.127562, 0.393012, 0.140408, 0.034625, 0.418713, 0.015886, 0.514192, -0.0296172, 0.207819, 0.55998, 0.786245, 0.26123, 0.677264, -0.616021, 0.402283, 0.477216, -0.0483489, -0.877455, 0.00277642, 0.000287624, 0.00283569, 0.00186202, -0.00646146, -0.0030369, -0.079841, 0.0123663, -0.0247031, -2.63601, -0.27422, 3.14891, -0.72364, 0.000503933, -0.000475992, 0.00127727, 0.0060882, 0.00377914, -0.000342787, 0.0016492
235609, 11.1928, 0.0150271, -0.0643864, 0.113255, -0.237357, -0.376089, 0.728416, 0.127578, 0.393023, 0.148055, 0.034848, 0.418583, 0.015886, 0.514245, -0.0295934, 0.207866, 0.559903, 0.786283, 0.261282, 0.677256, -0.615974, 0.402368, 0.477318, -0.0483323, -0.8774, 0.00690167, 0.00252723, 0.00558359, -0.00135316, -0.0136076, 0.00623417, -0.0797867, 0.0123729, -0.0247006, -2.63589, -0.27422, 3.14891, -0.723645, 0.00509319, 0.00252644, 0.0012315, 0.0159779, 0.000348329, 0.000230799, -0.000207225
245820, 11.2028, 0.0150831, -0.0643653, 0.113305, -0.237392, -0.376163, 0.728427, 0.123243, 0.390554, 0.155573, 0.034822, 0.418889, 0.015749, 0.514301, -0.0295723, 0.207916, 0.559831, 0.786318, 0.261331, 0.677246, -0.61593, 0.402453, 0.477418, -0.0483199, -0.877347, 0.00382901, -0.00148131, 0.00269569, -0.00213129, -0.00340595, -0.00147758, -0.079728, 0.0123817, -0.0247059, -2.63576, -0.27422, 3.1489, -0.723648, -0.000762696, 0.00223126, -0.000657994, 0.0112379, 0.0002653, -0.00560958, -0.0010195
256055, 11.2128, 0.0151377, -0.0643438, 0.113355, -0.237428, -0.376248, 0.728433, 0.127508, 0.392894, 0.14798, 0.034404, 0.418587, 0.015884, 0.514356, -0.0295508, 0.207966, 0.559757, 0.78635, 0.261392, 0.677229, -0.61589, 0.402543, 0.477528, -0.0483041, -0.877288, 0.00441566, 0.00249037, 0.00197608, -0.000493177, -0.00564166, 0.00526769, -0.0796775, 0.0123908, -0.0247059, -2.63563, -0.27422, 3.14891, -0.723644, 0.00662628, 0.00552748, -0.000842335, 0.0113088, 0.000184566, -0.000124982, 0.000388893
266275, 11.2238, 0.0151974, -0.0643344, 0.113409, -0.237473, -0.376329, 0.72843, 0.127504, 0.397873, 0.140277, 0.034686, 0.41871, 0.01575, 0.514415, -0.0295414, 0.20802, 0.5597, 0.786372, 0.261446, 0.6772, -0.615861, 0.402635, 0.477636, -0.0483033, -0.877229, 0.00349809, 0.00175081, 0.00241651, -0.00187675, -0.00509982, 0.00573563, -0.0796456, 0.0123966, -0.0247059, -2.6355, -0.274222, 3.1489, -0.723649, 0.00352538, 0.00211257, 0.0006667, 0.00878374, -0.000395804, -0.00146129, -0.00157351
276472, 11.2338, 0.0152467, -0.0643296, 0.113454, -0.237512, -0.376407, 0.728415, 0.1275, 0.392915, 0.140345, 0.034625, 0.418713, 0.015886, 0.514465, -0.0295366, 0.208065, 0.559659, 0.786382, 0.261504, 0.677164, -0.615849, 0.402715, 0.477735, -0.0483022, -0.877175, 0.00408108, 0.000880817, 0.00385358, -0.000605093, -0.00914814, 0.00198809, -0.0796271, 0.0124033, -0.0247059, -2.63539, -0.27422, 3.14891, -0.723645, 0.002777, 0.000198125, -0.0002631, 0.00914146, 6.82825e-05, 0.000227396, 0.000567452
286681, 11.2438, 0.0153025, -0.0643287, 0.113503, -0.237558, -0.376486, 0.728401, 0.127451, 0.392945, 0.155612, 0.034849, 0.418835, 0.015885, 0.51452, -0.0295357, 0.208114, 0.559617, 0.786394, 0.26156, 0.677125, -0.615834, 0.402803, 0.477839, -0.0483068, -0.877118, 0.00617592, -0.000648654, 0.00552284, -0.00218178, -0.0130924, 0.00141567, -0.0796103, 0.0124153, -0.0247091, -2.63526, -0.274217, 3.14891, -0.723649, 0.000377756, 0.00135237, -0.000444345, 0.014477, -0.000326664, 0.000125782, -0.00133845
296901, 11.2538, 0.0153632, -0.0643273, 0.11356, -0.237608, -0.376575, 0.728384, 0.131711, 0.390473, 0.147838, 0.034813, 0.418535, 0.015753, 0.514581, -0.0295343, 0.208171, 0.559571, 0.786406, 0.261622, 0.677082, -0.615818, 0.402901, 0.477955, -0.0483119, -0.877055, 0.00422958, -0.000449702, 0.00323584, -0.00161973, -0.00806747, 0.00139393, -0.0795925, 0.0124229, -0.0247119, -2.63512, -0.274217, 3.14891, -0.723649, 0.000840439, 0.0023374, -0.000893501, 0.0102534, -0.000136676, 0.000283402, -0.00146737
307148, 11.2648, 0.0154233, -0.0643336, 0.113615, -0.237661, -0.376664, 0.728354, 0.127469, 0.392812, 0.155573, 0.034626, 0.418456, 0.015884, 0.514641, -0.0295406, 0.208226, 0.559543, 0.786404, 0.261688, 0.677024, -0.615819, 0.402995, 0.478069, -0.0483238, -0.876992, 0.00604065, -0.00100777, 0.00571404, -0.000544081, -0.0135583, -0.00230134, -0.0795928, 0.0124324, -0.0247113, -2.63498, -0.274216, 3.14891, -0.723641, -0.000938557, 0.000591899, 0.00015729, 0.013993, -0.000235824, 0.000149081, 0.00199678
317308, 11.2748, 0.0154716, -0.0643341, 0.113662, -0.237704, -0.376736, 0.728341, 0.131685, 0.390433, 0.147811, 0.034813, 0.418535, 0.015753, 0.51469, -0.0295411, 0.208273, 0.559504, 0.786415, 0.261738, 0.676989, -0.615805, 0.403077, 0.478165, -0.0483296, -0.876939, 0.00541745, -0.00116443, 0.00613095, 0.00248657, -0.0142436, -0.00827954, -0.0795842, 0.0124329, -0.0247112, -2.63487, -0.274216, 3.14891, -0.723646, -0.00042353, -0.00199929, -0.000736098, 0.0118844, 6.69247e-05, 3.93272e-05, 0.00806187
327476, 11.2848, 0.0155144, -0.0643353, 0.1137, -0.237739, -0.376798, 0.728325, 0.131611, 0.390448, 0.155422, 0.034814, 0.418787, 0.015751, 0.514732, -0.0295423, 0.208311, 0.559478, 0.786419, 0.261782, 0.676954, -0.6158, 0.403142, 0.478244, -0.0483349, -0.876896, 0.00523106, 0.000466289, 0.00454175, 4.16119e-06, -0.011111, -1.1431e-05, -0.079578, 0.0124424, -0.0247108, -2.63477, -0.274215, 3.14891, -0.723643, 0.00137745, 0.00137479, 0.000590932, 0.0121098, 0.000257561, 0.000330748, 0.00205197
337674, 11.2948, 0.0155661, -0.0643405, 0.113748, -0.237787, -0.376873, 0.728305, 0.131654, 0.385399, 0.155469, 0.034531, 0.418412, 0.015887, 0.514784, -0.0295475, 0.208359, 0.559445, 0.786425, 0.261834, 0.676911, -0.615791, 0.403228, 0.478343, -0.0483453, -0.876841, 0.00396474, -0.000197779, 0.00325064, -0.000682619, -0.00870147, 0.000627167, -0.0795778, 0.0124484, -0.0247106, -2.63465, -0.274215, 3.14891, -0.723647, -0.000336289, 0.00173219, 0.000639358, 0.00908735, 0.000191099, 0.00142231, -0.000349379
348009, 11.3048, 0.0156097, -0.0643466, 0.113791, -0.237828, -0.376941, 0.728282, 0.131623, 0.39036, 0.140117, 0.034591, 0.418666, 0.015753, 0.514833, -0.0295543, 0.208408, 0.55942, 0.786424, 0.26189, 0.676862, -0.615791, 0.403311, 0.478443, -0.0483572, -0.876786, 0.00505942, -0.000386234, 0.00564935, -0.0027275, -0.0155989, 0.00465997, -0.0795775, 0.0124443, -0.0247143, -2.63454, -0.274215, 3.14891, -0.723644, -0.000385808, -0.00122924, 0.000114355, 0.00962839, 0.00010949, 0.005124, -0.00497804
358229, 11.3158, 0.0156489, -0.064345, 0.113827, -0.237861, -0.376998, 0.728275, 0.131599, 0.390278, 0.147719, 0.034369, 0.418539, 0.015751, 0.514867, -0.029552, 0.208438, 0.559389, 0.786436, 0.261922, 0.676842, -0.615776, 0.403366, 0.478506, -0.0483585, -0.876751, 0.00358027, 0.000275654, 0.00323808, -0.00142845, -0.00775943, 0.00252137, -0.0795717, 0.012452, -0.0247087, -2.63446, -0.274215, 3.14891, -0.723649, 0.00101415, 0.000634765, 0.000226032, 0.00817958, 0.00011624, 0.000330755, -0.00152651
368396, 11.3258, 0.0156883, -0.0643508, 0.113866, -0.237898, -0.37706, 0.728249, 0.13155, 0.385413, 0.147799, 0.034532, 0.418921, 0.015887, 0.514906, -0.0295578, 0.208477, 0.559375, 0.78643, 0.261969, 0.676798, -0.615783, 0.403429, 0.478585, -0.0483681, -0.876708, 0.0039775, 0.000658186, 0.00380833, -0.00195848, -0.00866456, 0.00393356, -0.0795715, 0.0124517, -0.0247116, -2.63437, -0.274211, 3.14891, -0.723642, 0.000723769, 7.0554e-05, 0.00135236, 0.00902499, -4.57899e-05, -0.000141544, -0.00209044
378551, 11.3358, 0.0157187, -0.0643567, 0.113896, -0.237929, -0.377105, 0.728237, 0.131571, 0.385431, 0.155452, 0.034754, 0.41879, 0.015887, 0.514937, -0.0295637, 0.208507, 0.559356, 0.786434, 0.261999, 0.676771, -0.615778, 0.403483, 0.478645, -0.048377, -0.876674, 0.00210877, -0.000138474, 0.00218486, -0.00123946, -0.00482079, 0.0014268, -0.0795771, 0.012452, -0.0247115, -2.6343, -0.274213, 3.14891, -0.723648, -0.000462506, -0.000325957, 0.000635559, 0.00478148, -9.86939e-06, -0.000193214, -0.001447
388705, 11.3458, 0.0157443, -0.0643582, 0.113919, -0.23795, -0.377142, 0.728226, 0.131565, 0.385423, 0.155446, 0.034754, 0.41879, 0.015887, 0.514962, -0.0295652, 0.20853, 0.559342, 0.786434, 0.262026, 0.676749, -0.615776, 0.403522, 0.478693, -0.0483809, -0.876648, 0.000239578, 0.000416871, -0.000156435, -0.000555955, 0.00100981, 0.00143311, -0.0795715, 0.0124574, -0.0247144, -2.63424, -0.27421, 3.14891, -0.723647, 0.000772812, 0.000790336, 0.000238965, 0.00111921, 6.56611e-05, -0.00132639, -0.000741193
398881, 11.3558, 0.0157673, -0.0643616, 0.113946, -0.237974, -0.377183, 0.728211, 0.127362, 0.382913, 0.147719, 0.034727, 0.418592, 0.015753, 0.514985, -0.0295686, 0.208557, 0.55933, 0.786433, 0.262056, 0.676722, -0.615778, 0.403565, 0.478745, -0.0483871, -0.876619, 0.00204068, -0.000518763, 0.00249342, -9.48112e-05, -0.00560052, -0.00144831, -0.0795735, 0.0124475, -0.0247144, -2.63419, -0.27421, 3.14891, -0.723644, -0.000441708, -0.00119906, -0.000176792, 0.00437041, -0.000121192, 1.31652e-05, 0.00107174
409032, 11.3668, 0.0157842, -0.064362, 0.11396, -0.237988, -0.377206, 0.728207, 0.131619, 0.385377, 0.147806, 0.034753, 0.418539, 0.015888, 0.515002, -0.029569, 0.208571, 0.559318, 0.786436, 0.262072, 0.67671, -0.615774, 0.403591, 0.478776, -0.048389, -0.876603, 0.0021271, -0.00012278, 0.00198608, -0.00080863, -0.00151418, -0.00096087, -0.0795736, 0.0124529, -0.0247116, -2.63415, -0.27421, 3.14891, -0.723645, -0.00047564, -0.000318205, 0.00128372, 0.00638293, 0.000278468, -0.00530745, 0.000959953
419186, 11.3768, 0.0157934, -0.064362, 0.11397, -0.237997, -0.37722, 0.728206, 0.131553, 0.385403, 0.155433, 0.034754, 0.41879, 0.015887, 0.515011, -0.029569, 0.208581, 0.559308, 0.78644, 0.262081, 0.676705, -0.615768, 0.403609, 0.478795, -0.0483902, -0.876592, 0.000782621, -0.00177269, 0.000859164, 0.000265459, -0.00180168, -0.00436631, -0.079569, 0.0124503, -0.0247144, -2.63413, -0.27421, 3.14891, -0.723649, -4.23672e-05, -3.38079e-05, -0.0031957, 0.00213927, -0.000174687, -0.000423174, 0.00140123
429343, 11.3868, 0.0157956, -0.0643601, 0.113968, -0.237994, -0.377216, 0.728204, 0.131617, 0.385375, 0.147804, 0.034753, 0.418539, 0.015888, 0.515014, -0.0295671, 0.208579, 0.559314, 0.786437, 0.26208, 0.676705, -0.615773, 0.403602, 0.478789, -0.0483897, -0.876595, 9.69943e-05, 0.000578035, -0.000478899, 0.00463705, 0.000632351, -0.00743081, -0.0795662, 0.0124582, -0.0247116, -2.63412, -0.274208, 3.1489, -0.723641, 0.000358839, 0.00132895, 0.000785306, 0.00067221, -0.000274732, -0.000454861, 0.00999116
439497, 11.3968, 0.0157966, -0.0643588, 0.113969, -0.237995, -0.377221, 0.728207, 0.131525, 0.385373, 0.147773, 0.034532, 0.418921, 0.015887, 0.515015, -0.0295658, 0.20858, 0.559306, 0.786441, 0.262082, 0.676707, -0.615767, 0.403607, 0.478795, -0.0483871, -0.876592, -0.00215867, 0.00082972, -0.00263651, 0.000180443, 0.00599352, 0.00184257, -0.0795651, 0.0124612, -0.0247116, -2.63412, -0.274211, 3.14891, -0.723644, 0.000372867, 0.00121521, 0.000780906, -0.00461996, -0.000204535, -0.000151343, -0.000604399
449649, 11.4068, 0.0157962, -0.0643604, 0.113967, -0.237995, -0.377218, 0.728207, 0.131572, 0.385284, 0.147763, 0.034309, 0.418542, 0.015886, 0.515014, -0.0295674, 0.208578, 0.559308, 0.78644, 0.262081, 0.676707, -0.615768, 0.403605, 0.478792, -0.048388, -0.876594, -0.000379784, 0.000490456, -0.00113776, -0.00366956, 0.00264895, 0.00799109, -0.0795672, 0.0124641, -0.0247116, -2.63412, -0.274205, 3.14891, -0.72365, -0.00021977, 0.00187738, 0.00111256, -0.000404692, 9.89587e-05, 1.57721e-05, -0.00819485
459807, 11.4168, 0.0157938, -0.0643594, 0.113961, -0.237989, -0.377205, 0.728211, 0.135805, 0.392817, 0.155445, 0.034841, 0.418733, 0.015887, 0.515012, -0.0295664, 0.208572, 0.559312, 0.786441, 0.26207, 0.676715, -0.615767, 0.403593, 0.478776, -0.048388, -0.876602, 0.000430291, 0.000400894, -0.000121719, -9.43735e-05, 0.000156034, 0.000967468, -0.079562, 0.0124727, -0.0247144, -2.63412, -0.274206, 3.1489, -0.723649, 0.000557838, 0.00129113, 0.000379424, 0.00134498, 0.00028563, -0.000207946, -0.000351329
469997, 11.4278, 0.0157942, -0.0643618, 0.113963, -0.237991, -0.377209, 0.728206, 0.131591, 0.385356, 0.140155, 0.034531, 0.418669, 0.015888, 0.515012, -0.0295688, 0.208574, 0.559316, 0.786437, 0.262073, 0.676709, -0.615772, 0.403596, 0.47878, -0.0483907, -0.8766, -0.000336414, -0.000192045, 6.39659e-05, 0.000435004, 3.77441e-05, -0.00120648, -0.079567, 0.012468, -0.0247144, -2.63412, -0.274209, 3.1489, -0.723644, -0.000985232, -0.000973129, 0.000537567, -0.000995344, -5.0947e-05, -6.08528e-05, 0.000907426
480152, 11.4378, 0.0157951, -0.0643577, 0.113962, -0.237989, -0.377213, 0.728209, 0.131554, 0.385406, 0.155435, 0.034754, 0.41879, 0.015887, 0.515013, -0.0295647, 0.208573, 0.559311, 0.786439, 0.262078, 0.676711, -0.615769, 0.403596, 0.478784, -0.0483849, -0.876599, -0.000239668, 0.00318981, -0.000165181, 0.000662799, 0.000321355, 0.00524075, -0.0795617, 0.0124744, -0.0247122, -2.63412, -0.274206, 3.14891, -0.723644, -0.000272773, -0.000603194, 0.00635578, -0.00120852, 0.000128738, 0.000228877, 0.000864259
490306, 11.4478, 0.0157947, -0.0643572, 0.11396, -0.237988, -0.377209, 0.728213, 0.131591, 0.390256, 0.155345, 0.034592, 0.418408, 0.015751, 0.515013, -0.0295642, 0.208571, 0.559307, 0.786444, 0.262074, 0.676716, -0.615764, 0.403596, 0.478781, -0.0483842, -0.8766, 0.000404579, 0.000551057, 0.00073122, -0.000579758, -0.00151354, 0.00204829, -0.079564, 0.0124776, -0.0247091, -2.63412, -0.274207, 3.14891, -0.723649, -0.000849623, -0.000923853, 0.00199804, 0.000552402, 0.000146931, 9.17041e-05, -0.00116054
500457, 11.4578, 0.0157936, -0.0643586, 0.113956, -0.237985, -0.377204, 0.728212, 0.135824, 0.392697, 0.147776, 0.034396, 0.418485, 0.015886, 0.515012, -0.0295656, 0.208567, 0.559312, 0.786441, 0.26207, 0.676717, -0.615768, 0.403589, 0.478773, -0.0483851, -0.876604, 0.00013771, -0.000644899, -0.000580332, -0.00141024, 0.00108563, 0.00146581, -0.0795615, 0.0124861, -0.0247144, -2.63412, -0.274206, 3.14891, -0.723648, -0.000383044, 0.00191001, -0.000834059, 0.000926887, -5.27308e-05, 4.59281e-05, -0.00300049
510656, 11.4678, 0.015794, -0.0643569, 0.113957, -0.237985, -0.377207, 0.728211, 0.131619, 0.385377, 0.147806, 0.034753, 0.418539, 0.015888, 0.515012, -0.0295639, 0.208568, 0.559312, 0.78644, 0.262073, 0.676715, -0.615769, 0.40359, 0.478776, -0.0483838, -0.876603, 0.000727597, 3.54604e-05, 0.00100611, -0.000590481, -0.00229255, 0.000928378, -0.0795585, 0.0124833, -0.0247144, -2.63412, -0.274208, 3.14891, -0.723642, 3.11844e-05, -0.000726721, 8.84738e-05, 0.00138741, -0.000389967, 0.000235752, -0.000495942
520808, 11.4778, 0.0157932, -0.0643581, 0.113954, -0.237983, -0.377202, 0.728211, 0.131619, 0.385378, 0.147806, 0.034753, 0.418539, 0.015888, 0.515011, -0.0295651, 0.208565, 0.559315, 0.786439, 0.26207, 0.676717, -0.615771, 0.403585, 0.47877, -0.0483843, -0.876606, -0.000525631, 0.000328883, -0.000814926, -0.00029837, 0.00171596, 0.0014198, -0.0795608, 0.0124896, -0.0247141, -2.63412, -0.274206, 3.14891, -0.723644, -8.54414e-05, 0.000734885, 0.000585797, -0.00106561, -0.000103373, 0.000128102, -0.000926691
530970, 11.4878, 0.0157883, -0.0643549, 0.113947, -0.237976, -0.377192, 0.728217, 0.135826, 0.392701, 0.147778, 0.034396, 0.418485, 0.015886, 0.515006, -0.0295619, 0.208558, 0.559315, 0.786441, 0.262063, 0.676726, -0.615768, 0.403574, 0.478757, -0.0483807, -0.876613, -0.000792036, -4.7461e-05, -0.000889362, 0.000500839, 0.00193024, -0.000880953, -0.0795558, 0.0124946, -0.0247141, -2.63413, -0.274207, 3.14891, -0.723643, 0.000261266, 0.0003149, -0.000605591, -0.00169823, -0.000550033, 4.47866e-05, 0.00117035
541150, 11.4988, 0.0157917, -0.0643575, 0.113951, -0.23798, -0.377193, 0.728217, 0.131612, 0.39032, 0.147737, 0.034813, 0.418535, 0.015753, 0.51501, -0.0295645, 0.208562, 0.559315, 0.786442, 0.262061, 0.676724, -0.615766, 0.40358, 0.47876, -0.048385, -0.876611, 0.000356635, 8.51569e-05, 0.000597108, -0.00183181, -0.000807188, 0.00330558, -0.0795583, 0.0124911, -0.0247143, -2.63412, -0.274204, 3.1489, -0.72365, 0.00083309, -0.000699009, -0.00045568, 0.000716234, 0.00057229, -0.000445316, -0.00398002
551301, 11.5088, 0.0157916, -0.0643534, 0.11395, -0.237978, -0.377191, 0.728223, 0.131521, 0.39032, 0.147698, 0.034592, 0.418917, 0.015751, 0.51501, -0.0295604, 0.208561, 0.559307, 0.786448, 0.262059, 0.676731, -0.615759, 0.403579, 0.478759, -0.0483811, -0.876613, 0.000447677, 0.000743753, 0.000573815, -0.000981886, -0.000983087, 0.00307713, -0.0795556, 0.0124936, -0.0247094, -2.63412, -0.274205, 3.1489, -0.723652, 0.00109994, -0.000486915, 0.000510182, 0.000853367, 0.000353228, -0.000273911, -0.00206811
561450, 11.5188, 0.0157906, -0.0643584, 0.113947, -0.237977, -0.377188, 0.728215, 0.13578, 0.392801, 0.147788, 0.034618, 0.418864, 0.015886, 0.515009, -0.0295654, 0.208558, 0.559321, 0.786438, 0.262059, 0.676724, -0.615771, 0.403573, 0.478753, -0.0483854, -0.876615, 0.000371016, -0.00111667, 0.000144368, 6.06044e-05, -0.000436604, -0.0023946, -0.0795598, 0.0124993, -0.024715, -2.63412, -0.274206, 3.1489, -0.723644, -0.000946348, 0.000702128, -0.00114492, 0.00122626, -0.00017311, -9.95896e-05, 0.000505694
571596, 11.5288, 0.0157916, -0.0643567, 0.113947, -0.237977, -0.377193, 0.728215, 0.131603, 0.38532, 0.155418, 0.034531, 0.418412, 0.015887, 0.51501, -0.0295637, 0.208558, 0.559317, 0.78644, 0.262064, 0.676724, -0.615769, 0.403576, 0.478759, -0.0483822, -0.876612, 0.000504596, -0.00269173, 0.00032702, 0.00121538, -0.00122067, -0.00750317, -0.0795551, 0.0125028, -0.0247171, -2.63412, -0.274205, 3.14891, -0.723645, -0.000143315, 0.000828685, -0.00493857, 0.00163991, 0.000143268, 0.000289893, 0.00266193
581740, 11.5388, 0.01579, -0.0643556, 0.113944, -0.237974, -0.377183, 0.728222, 0.135873, 0.392802, 0.147829, 0.03484, 0.418482, 0.015888, 0.515008, -0.0295626, 0.208555, 0.559315, 0.786445, 0.262053, 0.676733, -0.615763, 0.40357, 0.478748, -0.0483825, -0.876618, -8.65746e-05, -0.000220714, -0.000394759, -0.00108167, 0.00107098, 0.00150048, -0.0795551, 0.0125053, -0.0247144, -2.63412, -0.274206, 3.1489, -0.72365, -0.000217368, 0.000783199, -0.00020724, 0.000168922, -0.00014914, -0.000355452, -0.00209852
591912, 11.5488, 0.0157918, -0.0643523, 0.113947, -0.237975, -0.377194, 0.72822, 0.131557, 0.385411, 0.155438, 0.034754, 0.41879, 0.015887, 0.51501, -0.0295593, 0.208558, 0.559311, 0.786444, 0.262064, 0.676728, -0.615765, 0.403575, 0.478759, -0.0483782, -0.876612, -8.11484e-05, 0.00114443, 0.000145024, 0.000397721, -0.000218265, 0.00136734, -0.0795551, 0.0125031, -0.0247091, -2.63412, -0.274207, 3.14891, -0.723642, 0.000253657, -0.000727135, 0.00182138, -0.000497424, -0.000679257, -5.24831e-05, 0.00148112
602134, 11.5598, 0.0157915, -0.064351, 0.113945, -0.237973, -0.377191, 0.728224, 0.131594, 0.390261, 0.155348, 0.034592, 0.418408, 0.015751, 0.515009, -0.029558, 0.208556, 0.559308, 0.786447, 0.262061, 0.676733, -0.61576, 0.403574, 0.478756, -0.0483767, -0.876614, 0.00037466, 0.0010037, 0.000350429, -0.000194572, -0.000873882, 0.00234649, -0.0795498, 0.0125063, -0.0247116, -2.63412, -0.274205, 3.14891, -0.723647, 0.00125574, -8.99264e-05, 0.000787403, 0.000629373, 0.000312744, 0.000175761, -0.000633993
612347, 11.5698, 0.0157903, -0.0643545, 0.113945, -0.237973, -0.377186, 0.728219, 0.131521, 0.390322, 0.147699, 0.034592, 0.418917, 0.015751, 0.515008, -0.0295615, 0.208556, 0.559318, 0.786441, 0.262057, 0.67673, -0.615767, 0.403569, 0.478749, -0.0483813, -0.876617, -8.03733e-05, 0.000208105, 0.000177364, 0.000251226, 0.000326271, -0.000452909, -0.0795523, 0.0125039, -0.0247144, -2.63412, -0.274202, 3.1489, -0.723646, 0.00104847, -0.00079303, -0.000526791, -0.000111382, 0.000138528, -0.00107091, 0.000815215
622556, 11.5798, 0.0157892, -0.0643567, 0.113941, -0.237971, -0.37718, 0.728218, 0.135873, 0.392803, 0.14783, 0.03484, 0.418482, 0.015888, 0.515007, -0.0295637, 0.208552, 0.559323, 0.786438, 0.262053, 0.67673, -0.615771, 0.403563, 0.478743, -0.048383, -0.876621, -0.0004397, -0.000961782, -0.000587446, 8.7953e-05, 0.00142491, -0.00200173, -0.0795543, 0.0125116, -0.0247171, -2.63412, -0.274204, 3.1489, -0.723644, -0.000788068, 0.00050816, -0.00111502, -0.000643912, 2.77057e-05, -0.000285361, 4.26251e-05
632794, 11.5898, 0.0157905, -0.0643537, 0.113942, -0.237972, -0.377186, 0.728221, 0.131613, 0.390322, 0.147739, 0.034813, 0.418535, 0.015753, 0.515008, -0.0295607, 0.208553, 0.559315, 0.786443, 0.262058, 0.676731, -0.615766, 0.403568, 0.47875, -0.0483786, -0.876617, 0.00028475, 0.000314536, 5.54463e-05, -0.000254918, -0.000492084, 0.00121361, -0.079553, 0.0125133, -0.0247134, -2.63412, -0.274203, 3.14891, -0.723647, -5.03562e-05, 0.000571786, 0.000636355, 0.000629397, -0.00016977, 0.000475365, -0.000475455
643054, 11.5998, 0.0157906, -0.064352, 0.113942, -0.237972, -0.377186, 0.728225, 0.131549, 0.390352, 0.155359, 0.034814, 0.418787, 0.015751, 0.515009, -0.029559, 0.208553, 0.559309, 0.786447, 0.262057, 0.676736, -0.61576, 0.40357, 0.478751, -0.0483773, -0.876617, -0.000148106, 0.000149402, -0.000179751, -0.000502902, 0.000386871, 0.00126503, -0.0795492, 0.0125128, -0.0247144, -2.63412, -0.274203, 3.14891, -0.723644, 0.000866249, 5.53838e-05, -0.000687634, -0.00107448, -0.000142999, 0.000312155, 0.00101357
653306, 11.6108, 0.0157902, -0.0643537, 0.11394, -0.23797, -0.377186, 0.728218, 0.135823, 0.387903, 0.147589, 0.034779, 0.418487, 0.01562, 0.515008, -0.0295607, 0.208551, 0.559319, 0.786439, 0.262059, 0.676729, -0.61577, 0.403565, 0.478748, -0.0483784, -0.876619, -0.000270813, -0.000152407, -0.000578127, 0.00068923, 0.00100651, -0.00138026, -0.0795519, 0.0125159, -0.0247144, -2.63412, -0.274202, 3.14891, -0.723642, -3.7666e-05, 0.000839221, -0.000345215, -0.000410525, -0.000119508, 0.000185789, 0.00128493
663509, 11.6208, 0.0157901, -0.0643498, 0.113939, -0.237967, -0.377184, 0.728223, 0.131585, 0.390303, 0.140079, 0.034591, 0.418666, 0.015753, 0.515008, -0.0295568, 0.20855, 0.559314, 0.786443, 0.262058, 0.676735, -0.615765, 0.403563, 0.478746, -0.0483745, -0.87662, -1.93523e-05, 0.00140718, -0.000481394, 0.000910856, 0.000717476, 0.00129523, -0.0795492, 0.0125188, -0.0247094, -2.63412, -0.274201, 3.14891, -0.723643, 0.00113882, 0.000995246, 0.00156253, -1.28524e-05, 6.41526e-05, 0.000210445, 0.00157043
673805, 11.6308, 0.0157879, -0.0643531, 0.113934, -0.237965, -0.377172, 0.728225, 0.135874, 0.392805, 0.147831, 0.03484, 0.418482, 0.015888, 0.515006, -0.0295601, 0.208545, 0.559321, 0.786442, 0.262047, 0.676739, -0.615766, 0.403554, 0.478732, -0.0483787, -0.876627, 2.34244e-05, -0.000400893, -3.75376e-05, -0.000527863, 0.000514, -5.58285e-05, -0.0795498, 0.0125241, -0.0247144, -2.63412, -0.274201, 3.1489, -0.723647, -0.000665296, 0.000135906, -3.62664e-05, 0.000366119, -6.51849e-05, -0.000714569, -0.000776127
684059, 11.6408, 0.0157894, -0.064354, 0.113937, -0.237968, -0.377181, 0.728221, 0.135828, 0.392704, 0.14778, 0.034396, 0.418485, 0.015886, 0.515007, -0.029561, 0.208548, 0.55932, 0.786441, 0.262055, 0.676733, -0.615768, 0.403561, 0.478742, -0.0483781, -0.876622, -0.000229766, -0.00124907, -3.65821e-05, -0.00294231, 0.00197191, 0.00205563, -0.0795523, 0.0125226, -0.0247144, -2.63412, -0.274201, 3.14891, -0.723646, -0.00207741, -0.000572305, -0.000120574, 0.000288706, -0.00013295, -0.00262263, -0.00510439
694271, 11.6518, 0.015789, -0.0643534, 0.113935, -0.237966, -0.377179, 0.728222, 0.131614, 0.390324, 0.14774, 0.034813, 0.418535, 0.015753, 0.515007, -0.0295604, 0.208546, 0.55932, 0.786441, 0.262053, 0.676735, -0.615768, 0.403559, 0.478739, -0.0483777, -0.876623, -3.16033e-05, -0.00048716, 0.00017713, 0.000127997, -0.000440234, -0.00122482, -0.0795518, 0.0125256, -0.0247144, -2.63412, -0.274204, 3.14891, -0.723643, -0.000366851, -0.000437243, -0.000645567, -0.000172349, -0.000280978, 0.000166815, 0.000548887
704466, 11.6618, 0.0157886, -0.0643539, 0.113934, -0.237966, -0.377176, 0.728223, 0.13157, 0.390235, 0.14769, 0.034369, 0.418539, 0.015751, 0.515007, -0.0295609, 0.208545, 0.55932, 0.786442, 0.262051, 0.676737, -0.615767, 0.403557, 0.478736, -0.0483777, -0.876625, -2.42991e-05, -0.000538755, -0.000108986, -0.000449167, 0.000292184, -0.00021824, -0.0795522, 0.0125287, -0.0247144, -2.63412, -0.274201, 3.14891, -0.723648, -0.00114965, 0.000283477, 0.000120886, 0.000120493, 3.22591e-05, -8.57905e-05, -0.000969564
714664, 11.6718, 0.0157888, -0.0643497, 0.113934, -0.237963, -0.377176, 0.728228, 0.140039, 0.390285, 0.147641, 0.034362, 0.418437, 0.015753, 0.515007, -0.0295567, 0.208545, 0.559314, 0.786446, 0.262051, 0.676742, -0.615762, 0.403557, 0.478736, -0.0483738, -0.876625, -0.000113404, 0.000961605, 0.000337559, -0.000183447, 0.000234722, 0.0017219, -0.079547, 0.0125293, -0.0247116, -2.63412, -0.274201, 3.14891, -0.723648, 0.000920304, -0.00140864, 0.00105638, -0.000395512, 9.96058e-05, -0.00127441, 3.00578e-06
725030, 11.6818, 0.0157886, -0.0643533, 0.113933, -0.237964, -0.377177, 0.728221, 0.131522, 0.390325, 0.147701, 0.034592, 0.418917, 0.015751, 0.515005, -0.0295589, 0.208541, 0.559322, 0.786443, 0.262043, 0.676744, -0.615765, 0.403548, 0.478724, -0.048377, -0.876631, -0.000449223, 0.00138793, -0.000586321, -0.000267478, 0.00124555, 0.00332717, -0.0795499, 0.0125329, -0.0247122, -2.63412, -0.274201, 3.1489, -0.723647, 0.00264298, 0.000203234, -0.000134491, -0.00118823, -0.000366849, 0.000186569, -0.000538604
735432, 11.6928, 0.0157871, -0.0643528, 0.113927, -0.23796, -0.377168, 0.728227, 0.135839, 0.387767, 0.147862, 0.034336, 0.418488, 0.016022, 0.515005, -0.0295598, 0.208538, 0.559322, 0.786442, 0.262045, 0.676743, -0.615766, 0.403548, 0.478726, -0.048376, -0.876631, -0.000528085, -0.000891255, -0.0020006, 0.00213577, 0.00374809, -0.00436807, -0.0795513, 0.0125411, -0.0247137, -2.63412, -0.274202, 3.14891, -0.723647, -0.000613111, 0.00384229, -0.000404573, -0.000216192, 0.004765, 0.000108303, -0.000945533
745825, 11.7028, 0.0157874, -0.0643479, 0.113928, -0.237958, -0.377168, 0.728233, 0.131597, 0.385367, 0.140162, 0.034531, 0.418669, 0.015888, 0.515005, -0.0295549, 0.208539, 0.559313, 0.786449, 0.262044, 0.67675, -0.615758, 0.403549, 0.478726, -0.0483716, -0.876631, 0.000123365, 0.000439894, -0.000147938, 0.00110775, -0.000162145, -0.000926922, -0.0795436, 0.0125409, -0.0247122, -2.63412, -0.274204, 3.14891, -0.723647, 0.00101988, 0.000664169, -0.000140728, 0.00025205, 0.000315969, 0.00047878, 0.00181357
756185, 11.7138, 0.0157866, -0.06435, 0.113925, -0.237957, -0.377164, 0.728231, 0.131617, 0.390327, 0.147742, 0.034813, 0.418535, 0.015753, 0.515005, -0.029557, 0.208536, 0.559318, 0.786446, 0.262042, 0.676749, -0.615762, 0.403545, 0.478722, -0.0483732, -0.876633, -0.000253944, 0.000442848, -0.00168618, 0.000223339, 0.00294378, 0.00106303, -0.0795453, 0.012546, -0.0247144, -2.63412, -0.274203, 3.14891, -0.723647, 0.00112436, 0.00362961, -0.000293802, 0.000242641, 0.000320121, 0.000450609, -0.000520162
766611, 11.7238, 0.0157858, -0.0643508, 0.113925, -0.237957, -0.37716, 0.728231, 0.135821, 0.387888, 0.155533, 0.034781, 0.418737, 0.016022, 0.515004, -0.0295578, 0.208536, 0.559322, 0.786444, 0.262039, 0.676749, -0.615764, 0.403542, 0.478717, -0.0483754, -0.876636, -0.000138471, 0.000121816, 8.12126e-05, -0.000542056, 0.00083258, 0.000716296, -0.0795456, 0.0125415, -0.0247144, -2.63412, -0.274201, 3.1489, -0.723647, 0.00024361, -0.00071955, 0.000119358, -8.72656e-05, 1.21975e-05, -0.00145933, -0.000629933
777004, 11.7338, 0.0157869, -0.0643503, 0.113926, -0.237958, -0.377165, 0.728231, 0.131588, 0.390307, 0.140082, 0.034591, 0.418666, 0.015753, 0.515005, -0.0295573, 0.208537, 0.559318, 0.786446, 0.262043, 0.676748, -0.615762, 0.403546, 0.478723, -0.0483734, -0.876632, 9.40682e-06, -0.000194944, 0.000249512, -0.00229215, -0.000295617, 0.00313063, -0.0795463, 0.0125444, -0.0247137, -2.63412, -0.274201, 3.14891, -0.723649, -0.000468886, 0.000569011, 0.00073205, -0.000791985, -0.00283265, -0.000325429, 0.000318935
787446, 11.7448, 0.0157873, -0.0643518, 0.113928, -0.23796, -0.377169, 0.728227, 0.131524, 0.390327, 0.147702, 0.034592, 0.418917, 0.015751, 0.515005, -0.0295588, 0.208539, 0.559321, 0.786443, 0.262046, 0.676743, -0.615766, 0.403548, 0.478727, -0.0483749, -0.87663, -3.1739e-05, -0.000980909, 0.000173681, -0.000418942, -0.000247689, -0.00115538, -0.0795481, 0.0125401, -0.0247144, -2.63412, -0.274199, 3.14891, -0.723648, -0.00199137, -0.000389134, 0.000138139, -4.76174e-05, 0.00025819, -5.53702e-05, -0.00106342
797877, 11.7548, 0.0157864, -0.0643517, 0.113924, -0.237956, -0.377165, 0.728226, 0.131552, 0.390358, 0.155363, 0.034814, 0.418787, 0.015751, 0.515004, -0.0295587, 0.208535, 0.559326, 0.78644, 0.262044, 0.676744, -0.61577, 0.403542, 0.47872, -0.0483745, -0.876634, -0.000883332, -0.000813808, -0.00112326, 0.000460854, 0.00407739, -0.00316888, -0.0795456, 0.0125475, -0.0247171, -2.63412, -0.274201, 3.14891, -0.723642, -0.000137669, 0.000483285, -0.0013236, -0.000889326, -0.00015995, -0.00283422, 0.00169151
